
blobs1000.data


FCM
===

number of clusters: 50
[ [ -11.469 -3.45878 ] [ -0.369229 -5.70373 ] [ -1.85798 -10.519 ] [ 4.8523 -3.82245 ] [ -3.46919 -1.50066 ] [ -4.35125 4.97121 ] [ -4.22161 -4.25188 ] [ -8.76955 -7.3331 ] [ -5.51755 0.513866 ] [ -2.72457 -8.72187 ] [ -3.1679 -5.48605 ] [ -7.50518 3.38676 ] [ -6.0936 -7.04392 ] [ -4.09768 -11.9322 ] [ 2.54706 -2.27596 ] [ -7.44849 -12.1379 ] [ 1.88974 -7.32352 ] [ -6.56569 -5.66743 ] [ 1.06208 1.84841 ] [ -9.2114 -4.48788 ] [ -5.4374 -5.46425 ] [ -2.30521 0.248412 ] [ 13.7821 14.0875 ] [ -8.98212 -2.41224 ] [ -0.792609 3.32964 ] [ 0.989653 -4.9494 ] [ -7.29934 -4.18252 ] [ -0.541389 -7.0452 ] [ -1.78964 -6.18993 ] [ 0.290471 -1.98843 ] [ -6.4552 -2.93029 ] [ 3.08426 -5.37769 ] [ -7.06626 -9.51779 ] [ 14.2821 -16.3168 ] [ -4.75376 -8.64668 ] [ -13.6565 -2.95405 ] [ 1.23943 -10.8682 ] [ -3.30409 -3.68845 ] [ -4.08609 0.917939 ] [ -4.21561 2.2082 ] [ -0.181642 0.226964 ] [ -10.2556 -7.22571 ] [ -7.25353 -1.29635 ] [ -7.93364 0.0192817 ] [ -1.6215 -3.03231 ] [ -0.376485 -4.00238 ] [ -0.470509 -2.95906 ] [ 1.46016 -2.19344 ] [ -6.65826 -0.703049 ] [ -5.30495 -3.18661 ] ]

FCM
===

number of clusters: 100
[ [ -3.03201 -9.1796 ] [ -4.59176 -2.54194 ] [ -7.2758 3.40457 ] [ -0.250178 -2.88079 ] [ -2.74686 -6.92847 ] [ -6.50026 -2.68798 ] [ -4.29763 5.11491 ] [ -0.902024 0.602863 ] [ -5.7837 -9.16957 ] [ 5.22179 -2.51853 ] [ -6.65408 -5.27166 ] [ -4.73967 -0.0730186 ] [ 0.542667 -1.95263 ] [ -7.60641 -3.11381 ] [ -3.56184 -1.73026 ] [ -4.43817 3.88989 ] [ -4.03449 -12.1265 ] [ -5.53877 0.541891 ] [ 0.607496 -4.87122 ] [ -2.12554 -5.13465 ] [ 3.89957 -5.76912 ] [ -4.49343 -7.38462 ] [ -10.209 -7.10979 ] [ -6.74404 -0.733854 ] [ -2.47644 -3.08349 ] [ -4.65347 -8.59696 ] [ -4.3517 -10.2289 ] [ -0.409823 -7.00638 ] [ -5.41553 -5.29132 ] [ 1.36566 -5.24255 ] [ -7.3673 -4.13536 ] [ -5.27288 -1.4242 ] [ -7.31305 -1.16765 ] [ -6.79791 -10.4075 ] [ -5.43868 -6.20231 ] [ -1.05729 -2.13754 ] [ -9.00401 -2.43703 ] [ 1.51599 -2.1301 ] [ -8.43169 -6.22224 ] [ -0.770701 -5.16932 ] [ -4.56439 -3.16914 ] [ -1.72393 -2.96965 ] [ -6.15101 -6.69036 ] [ -1.5916 -6.07028 ] [ -3.14856 -5.64391 ] [ -0.27483 -9.53721 ] [ -3.79416 2.45228 ] [ -0.228834 -5.8519 ] [ 2.02963 -4.34961 ] [ -0.472288 -3.69726 ] [ -5.31717 -3.22168 ] [ -0.798108 -0.606261 ] [ -8.88894 -7.43808 ] [ -0.937775 -4.32452 ] [ 0.19121 -3.93078 ] [ -0.663176 -1.50735 ] [ 2.6108 -7.74898 ] [ -6.32326 -4.61062 ] [ -2.91453 -1.53991 ] [ -3.58587 -3.38541 ] [ -4.48345 -4.29445 ] [ -2.30264 -8.65895 ] [ -1.0384 -2.88664 ] [ -3.26504 -3.69168 ] [ -11.5301 -3.4389 ] [ -4.03035 -4.31592 ] [ 4.4201 0.255208 ] [ -3.38213 -0.126328 ] [ 2.79554 -0.911775 ] [ -2.01293 -0.906808 ] [ -3.33536 -4.05962 ] [ -1.71069 -10.5776 ] [ 1.13387 1.98847 ] [ 0.136111 0.240727 ] [ -7.54453 -9.35824 ] [ 0.0901413 -8.02634 ] [ -9.31331 -1.04788 ] [ 1.84168 -6.55876 ] [ -3.91173 -2.6435 ] [ -3.85446 -4.64053 ] [ -13.6726 -2.96477 ] [ -0.530549 3.42018 ] [ -6.55212 -5.76874 ] [ -2.38132 0.229346 ] [ -2.70373 -5.35798 ] [ 0.91583 -3.99682 ] [ -5.71521 -2.66513 ] [ -4.30967 1.49764 ] [ -3.32166 -4.89077 ] [ -1.08672 -6.61137 ] [ 2.56955 -2.42914 ] [ -1.76413 0.901935 ] [ -6.72724 -3.28605 ] [ -1.35294 -3.48258 ] [ -7.7857 -0.0612045 ] [ -2.11721 -3.79548 ] [ -9.28558 -4.39085 ] [ 3.56022 -4.82447 ] [ 2.57381 -5.41091 ] [ -5.39816 -4.07666 ] ]

FCM
===

number of clusters: 200
[ [ -3.05994 -5.12432 ] [ -2.87155 -7.60772 ] [ -2.68065 -3.16622 ] [ -4.59043 1.22745 ] [ -5.52138 -0.257514 ] [ -7.33195 -6.21421 ] [ -4.46692 -4.29807 ] [ 0.317828 -1.043 ] [ -6.2078 -3.10803 ] [ -0.318667 -5.7635 ] [ 0.253496 1.37641 ] [ -5.5979 -4.02262 ] [ -3.5819 -0.979712 ] [ -2.33206 -1.25488 ] [ 0.261542 -3.93151 ] [ -6.41733 -0.668148 ] [ -3.07236 -5.62592 ] [ -5.35472 -4.02984 ] [ -7.54177 -4.65152 ] [ -0.957128 -4.36293 ] [ -3.76697 -5.95363 ] [ -5.23811 -5.69861 ] [ -0.421368 2.52175 ] [ -1.37633 1.19203 ] [ -5.6964 -9.25568 ] [ -3.87265 -3.97829 ] [ -2.07482 -4.39152 ] [ -1.66868 -2.99012 ] [ -0.24002 -5.96375 ] [ -7.85636 -0.162801 ] [ -4.35173 -10.2765 ] [ -2.41269 -3.12032 ] [ -2.97071 -3.75166 ] [ -3.34609 -4.81479 ] [ -1.38351 -6.8423 ] [ -5.647 -2.63506 ] [ -1.78434 -0.625657 ] [ -5.53532 0.503889 ] [ -5.46572 -1.08816 ] [ -0.84699 -0.629386 ] [ -0.968922 0.505853 ] [ -3.53995 -5.44878 ] [ -2.05116 -0.944082 ] [ -6.3892 -7.29449 ] [ -5.45193 -3.10153 ] [ -3.00846 -1.58841 ] [ -3.35726 -3.58019 ] [ -1.29693 -4.09643 ] [ -1.8826 0.843663 ] [ -3.2247 -3.68608 ] [ -6.77276 -3.22373 ] [ -3.39085 -3.66939 ] [ -4.71471 -6.75054 ] [ -9.27306 -4.38628 ] [ -1.35635 -3.46962 ] [ -2.39297 -5.3083 ] [ -1.65444 -8.0986 ] [ -6.11287 -6.5974 ] [ -1.31556 -3.03314 ] [ -8.8026 -5.46584 ] [ -4.66564 -8.91763 ] [ -1.9329 -6.01894 ] [ -5.23484 -3.93068 ] [ -4.7825 0.00272899 ] [ -2.98192 -3.22457 ] [ -5.4332 -6.16431 ] [ 2.48113 -1.96556 ] [ -5.90486 -8.10912 ] [ -10.7012 -5.67156 ] [ -4.94169 -4.00589 ] [ -4.20589 -5.68606 ] [ -2.23607 -3.95432 ] [ -3.19749 -5.99745 ] [ -6.40991 -5.66499 ] [ -4.67779 -8.40039 ] [ -6.86061 -0.826563 ] [ -11.6576 -3.37986 ] [ -6.06543 -5.26551 ] [ -0.477232 -2.98305 ] [ -4.01136 -4.38875 ] [ -0.820486 -7.20591 ] [ -2.73973 -0.884287 ] [ -0.250154 -2.86475 ] [ -3.2464 -8.56494 ] [ -4.75952 -1.49981 ] [ -6.14081 -2.70365 ] [ -0.694636 -4.05682 ] [ -0.768742 -5.1501 ] [ -5.26965 -3.24937 ] [ -1.40367 -6.22649 ] [ -6.65955 -5.24959 ] [ -4.36524 1.88698 ] [ -4.13258 -4.19244 ] [ -6.40225 -4.26349 ] [ -2.04113 -2.39575 ] [ -6.28331 -4.67078 ] [ 1.96955 -2.67171 ] [ -6.80156 -0.165698 ] [ -1.37586 -4.8727 ] [ -2.69753 -5.24418 ] [ -5.59249 -2.94992 ] [ 0.216685 -2.09941 ] [ -3.2119 -4.57188 ] [ -3.76956 -7.56235 ] [ -4.1827 -3.63584 ] [ -6.7814 -10.342 ] [ -0.873502 -1.28659 ] [ -1.49508 -5.43851 ] [ -6.94994 -1.69143 ] [ -4.04552 -1.54486 ] [ 0.167224 -4.80881 ] [ -9.0455 -2.3516 ] [ 1.83155 -7.31981 ] [ 1.44973 -5.27762 ] [ -3.13229 -4.25784 ] [ -0.862644 -2.97413 ] [ 0.160499 -5.51618 ] [ -4.57676 -3.55572 ] [ 0.843765 -4.0214 ] [ -3.49316 -0.149683 ] [ -4.43282 -2.99775 ] [ -5.48924 -5.29105 ] [ 0.222893 -3.3076 ] [ 0.04663 -7.9613 ] [ -3.00576 -9.22097 ] [ 2.53063 -5.42566 ] [ -6.39516 -1.8799 ] [ -5.08023 -5.28608 ] [ -4.71719 -2.81667 ] [ -2.65319 -5.46808 ] [ -1.00487 -6.60236 ] [ -3.82903 2.55677 ] [ 0.674984 -1.84941 ] [ 2.12322 -4.41484 ] [ -3.617 -1.34352 ] [ -5.3161 -4.17191 ] [ -0.338332 -4.372 ] [ -6.9977 -3.86766 ] [ -5.67623 -5.81637 ] [ -0.673479 -1.59341 ] [ 2.66321 -2.56742 ] [ -5.21366 -2.02513 ] [ -2.11963 -3.73831 ] [ -1.53372 -8.80635 ] [ 3.43729 -5.01184 ] [ -5.20993 -6.9484 ] [ -4.71148 -0.710287 ] [ -3.06196 -0.406571 ] [ -4.62089 -3.13092 ] [ -2.82668 -3.33565 ] [ -3.51824 -1.82512 ] [ 1.0769 -5.02016 ] [ -2.33221 -8.7695 ] [ -3.34599 -4.04609 ] [ -4.7448 -3.46511 ] [ -8.4405 -6.30459 ] [ -4.96901 -4.4163 ] [ -1.32775 -2.66082 ] [ -0.456741 -3.6501 ] [ -7.36906 -1.13582 ] [ -4.56185 -2.54702 ] [ -3.31094 -5.43418 ] [ -6.59676 -5.77416 ] [ -3.75043 -4.39108 ] [ -3.87708 1.36664 ] [ -4.28386 -4.294 ] [ -1.62153 -3.84896 ] [ -8.6012 -2.86892 ] [ -3.50061 -3.99022 ] [ -1.38155 -2.17323 ] [ -3.26762 -3.79475 ] [ -1.05296 -2.14768 ] [ -5.59477 -6.30155 ] [ -2.38185 0.217556 ] [ -1.25982 -4.36112 ] [ -1.55086 -6.05104 ] [ -0.0178907 -3.89841 ] [ -8.83732 2.18709 ] [ -6.53073 -2.691 ] [ -3.39374 -2.95878 ] [ 0.865652 -5.44177 ] [ -9.2839 -7.1379 ] [ -5.33712 -5.48276 ] [ -7.50489 -9.39264 ] [ -7.58716 -3.15271 ] [ -5.28642 -1.47573 ] [ 1.59272 -2.03628 ] [ -1.91573 -2.73178 ] [ -3.70576 -3.63266 ] [ -6.60538 -2.97691 ] [ -0.378991 -6.81312 ] [ 0.925611 -2.22791 ] [ 0.086237 0.223975 ] [ -2.14487 -5.12706 ] [ -4.29315 -6.11669 ] [ -4.94913 -4.87396 ] [ -0.37859 -7.24871 ] [ -5.46137 -5.16291 ] [ -4.3579 -3.41252 ] [ -3.61915 -3.38511 ] ]

