17.0667	3.86229
10.5554	-3.25366
12.1747	-1.15095
6.15046	-5.58955
12.2623	5.34729
11.0224	0.311118
5.39231	-2.23141
6.92666	3.9108
11.9174	-2.53366
6.39167	0.0552212
7.98751	-2.20216
13.8944	0.968969
11.0246	0.509964
10.4284	0.388605
9.90884	3.10395
6.32864	2.40377
10.5877	1.29929
9.44939	6.57253
8.96676	0.231127
4.84514	-7.41487
8.29078	3.5016
15.0162	3.68817
7.42748	-4.0424
8.61387	-1.11525
11.6759	3.98856
10.2963	1.09216
12.9262	-2.64108
10.9829	-0.386956
6.13663	-4.09675
10.2173	-1.4027
6.73371	-4.17147
15.6884	1.53813
5.65563	2.6706
7.58634	-9.60243
10.7765	-0.341645
10.0749	6.21795
9.24548	4.53584
8.64723	2.7806
6.17869	2.28472
5.09361	5.81568
13.877	0.448223
7.89786	-0.505415
9.31076	-0.282143
6.58385	-2.27486
7.88351	5.74424
4.95506	-3.09956
8.18316	5.27466
5.13202	0.848262
12.1664	-2.64516
17.8174	0.244677
11.375	-2.69432
13.3058	3.09234
9.08186	0.0502238
6.99975	1.94746
14.0296	-3.62621
6.48621	1.36096
10.9962	1.30485
11.0315	1.58804
11.1092	-4.13448
9.35224	-3.09148
8.94205	-4.40255
3.86156	0.298413
16.8073	1.36513
4.43591	-0.931893
7.66711	-0.414402
11.0536	-1.95815
11.359	2.50195
13.032	0.841333
12.4641	-0.0816433
12.8388	6.2279
9.39493	-3.25324
5.93528	1.70664
9.31835	1.08003
9.03561	0.405304
14.3239	4.29968
12.8604	6.4054
3.87544	-1.95483
9.03642	0.228583
11.7778	-3.06366
7.22244	-2.63503
10.166	1.18288
10.234	2.2064
12.9284	2.83431
9.61268	9.0753
10.8061	0.540271
9.40016	1.79769
12.4067	4.28402
9.31829	-2.9012
9.36604	1.99858
17.2825	-0.608543
9.39126	3.04301
12.3913	-0.882455
12.4833	-2.45435
12.2169	3.23699
10.4829	-0.0101085
7.67883	-2.02192
9.55404	-0.385719
10.0148	-1.05761
10.7091	2.19687
6.23416	0.0614288
-10.0891	1.18329
-13.4176	-1.87737
-12.5409	-3.64617
-12.9023	-6.32787
-4.76481	2.96453
-14.2801	-2.1569
-12.5706	2.96815
-14.2554	1.52663
-6.49404	2.71628
-10.8924	1.861
-12.418	3.34622
-8.24061	-4.5185
-8.6147	5.26843
-9.1798	1.36242
-8.39811	1.65944
-13.2098	6.42506
-5.07531	0.176575
-12.5461	0.0209278
-11.0496	1.10646
-7.81375	0.685699
-10.2775	-6.94687
-9.2801	0.570424
-7.89735	1.97945
-12.884	-3.30506
-5.94523	0.520131
-7.80825	1.25512
-11.8699	-2.29546
-5.2562	-1.58158
-5.01259	2.50735
-6.12756	-1.17607
-6.89987	4.47097
-10.1774	-0.665217
-12.7012	1.42083
-4.40525	-0.117384
-8.89771	-1.20074
-7.31912	-0.504475
-7.97529	-0.482085
-12.5979	1.40754
-8.81988	2.6577
-8.48308	-1.8502
-8.12965	-3.47942
-7.15459	-2.46824
-7.85911	0.393442
-4.49019	-4.12245
-8.13476	-1.87091
-8.92746	-0.28468
-6.90904	-0.577167
-12.5714	-1.00518
-8.79506	1.962
-4.29058	-4.12696
-16.2327	-0.0166105
-13.8169	-0.272863
-9.28159	-1.3066
-8.98642	2.22363
-7.30527	0.816138
-7.34584	-0.371004
-9.15066	2.49188
-12.0154	1.36795
-7.69166	-3.70965
-9.93138	-0.0398972
-8.12291	1.56419
-9.7997	0.794747
-8.73474	-3.98573
-3.46626	-1.78116
-7.03152	-7.39645
-17.2301	-3.29332
-13.6972	5.92491
-13.4656	0.663252
-9.1657	-2.71908
-10.5289	0.513722
-12.638	-4.7752
-16.672	-0.837932
-11.4726	3.08423
-10.6375	-4.36657
-10.4868	-1.82504
-11.7225	0.280481
-7.25938	-2.18805
-6.25419	2.58736
-12.415	-4.14055
-8.65187	-2.25598
-10.8187	-0.35838
-8.49128	-0.593661
-10.6025	-4.64504
-6.04882	-1.67166
-9.4838	6.14406
-10.1633	0.963361
-15.0852	-0.318342
-10.8948	4.44036
-6.8905	-6.01953
-4.59988	1.34765
-9.47361	3.27207
-11.2101	2.10759
-11.8371	-1.21196
-8.11879	-5.79683
-9.23066	-6.3992
-7.02005	-3.37985
-8.3497	-1.4132
-9.87245	-0.859258
-14.3468	-5.30042
-6.5199	-0.039083
6.0617	23.365
-25.4167	4.3243
-22.4709	12.6325
-21.9007	10.2424
-25.6753	-0.289505
17.9371	17.7938
-11.2864	-22.7279
-20.1625	-14.2401
19.264	-16.6834
25.5685	3.21154
16.3313	20.0369
-24.8772	6.67999
22.3405	-12.9839
-5.56007	23.4499
13.7756	-20.5542
21.046	-14.376
1.42615	25.7951
25.3981	-1.8688
19.3189	17.0118
13.9607	-21.0053
15.7286	-18.1727
-21.7447	-13.116
10.7307	-23.5469
25.0215	-4.24165
20.4711	-13.7222
23.084	-9.41474
25.4737	-1.84818
-23.5536	-7.24203
22.1841	9.4351
-24.3219	1.87479
-16.7556	19.1287
-25.0766	-3.34288
16.7475	-18.308
-21.6217	-12.8221
14.278	21.1053
-0.201119	25.5664
13.6317	20.7677
-11.6365	-21.2567
25.7642	-2.26297
24.2545	8.83916
22.7289	-10.3262
-15.6162	-19.9989
-1.33029	25.3555
16.557	-18.9637
-16.7422	-17.6812
20.8701	11.9416
14.6462	20.7319
18.5266	-16.1136
15.3997	18.761
-17.8716	-17.2236
19.5076	-17.1149
-19.3771	16.6101
22.8075	10.1816
4.93282	25.3949
12.1773	20.9067
-5.6398	25.0223
-23.9492	5.05757
-23.7858	5.11319
18.2211	16.2465
-22.6264	-9.82132
19.2346	-14.8489
-15.4954	-19.1003
-18.2068	-17.4938
4.01614	25.4176
-25.5272	-2.31539
21.6287	13.3135
-21.8875	-14.013
-11.8848	-22.2461
22.558	11.5037
13.1636	21.0065
-18.2839	17.9014
-24.9536	-6.40068
-24.2638	-1.30801
4.12516	24.4753
-21.1969	11.7537
-12.4819	-22.6531
5.07767	23.698
-6.38346	23.2218
-4.33959	25.0582
-20.2977	-14.9502
-18.4019	-16.6506
23.674	-3.94823
-4.59967	24.782
23.9467	5.09444
-12.7318	22.406
9.14872	24.1566
9.66956	-22.1425
24.9852	1.4262
18.4013	-17.5477
20.6767	12.7557
-7.86497	23.0832
13.0566	20.2561
25.4958	-0.754015
25.4098	2.24317
23.5526	-7.68169
22.9856	-9.72939
-14.5653	-19.6926
-7.77539	24.2256
-21.1398	13.8704
18.7956	15.3411
9.67296	-23.1332
-13.0298	20.617
-24.3546	-0.263075
-9.23275	23.1582
20.0265	16.2641
14.2771	-21.1418
-13.1256	-21.1733
14.3588	21.0512
-17.3925	-18.3252
23.6529	-7.47472
-19.5195	16.8063
15.2568	-20.6285
-22.0395	13.7055
21.0424	13.2324
9.39801	-22.2755
-5.79566	23.8112
-24.145	7.19324
-25.3633	2.20099
-19.2668	15.0109
23.869	-8.76101
7.22914	24.5179
-19.9914	14.9813
23.7881	-3.41927
-1.1693	24.162
-13.7626	20.2281
-22.3047	-10.8866
-10.6019	-21.8842
21.1326	12.6122
-24.101	-4.02911
-24.8899	-2.50204
-10.4371	22.6029
-15.6931	18.6275
11.4801	-21.7859
-20.2036	14.6095
-22.8702	7.62606
24.0183	6.59071
-16.8973	-18.7356
-18.8482	-16.565
22.9252	-9.24186
22.6078	-12.2369
19.1445	15.5222
-19.0522	16.212
-24.3764	3.46416
-18.0182	18.6922
22.159	-13.1746
23.4363	-8.77722
-15.1311	-20.8567
14.9536	-19.5734
23.3517	-10.2963
23.8117	5.80846
14.6741	19.3034
-23.4814	-8.68869
24.4608	-5.52572
25.0799	1.55637
18.3948	17.3358
23.8373	9.26148
15.8134	18.3642
11.3341	-22.68
-2.12135	24.3912
24.0765	2.45162
-19.4929	-14.4823
23.6282	-5.5105
5.44888	23.9622
-11.335	23.0178
-13.4208	21.9047
-23.1585	-10.5482
-11.9439	22.7584
-24.3944	-6.41586
2.31885	24.3851
-9.39251	23.4215
-21.5246	-12.8355
24.1822	-0.392416
-24.8405	6.00089
-22.3903	10.0264
13.2504	22.2394
-7.25447	24.3703
4.39891	25.3334
24.9653	-0.47181
-11.7635	21.974
25.5014	4.20915
-12.6845	-22.0478
20.6598	-14.1894
-13.5904	21.6779
24.3284	-6.7229
12.469	22.1489
-6.91762	23.6211
-3.22077	24.6787
18.749	15.5598
-24.1466	9.13507
23.4176	-7.41447
11.0965	-22.7062
-25.267	-0.447142
-7.25013	22.923
13.0023	20.5884
-19.5071	-15.2543
-25.7412	3.64161
18.5687	-16.6054
20.1531	15.1551
-21.6787	-13.0467
20.0382	-15.4704
25.8777	-2.26727
-10.1193	22.5892
-16.496	-17.6681
-25.5772	3.1606
-17.7452	18.1798
-21.4764	-14.4122
6.51848	24.0437
25.0212	-1.16295
-12.1326	21.6997
24.0793	-5.12061
-1.94422	24.6138
11.9281	21.0402
13.1923	-22.043
24.5965	5.86042
-25.4287	-0.787409
19.7897	-16.2604
-24.8712	5.20323
-10.8879	-22.3965
-17.4504	-17.8025
-19.9478	-13.4898
19.0825	17.3558
-13.0847	-20.2307
-20.2149	-14.4882
-18.7779	-15.6921
25.582	-3.02533
22.4518	-10.673
24.0404	-8.45859
0.60909	24.0928
-24.6811	-2.80492
2.48961	25.4071
6.17908	25.0113
-17.0881	-18.9888
-22.0347	-10.4761
19.2981	-15.1295
-23.611	7.03221
-24.0406	-1.58627
-13.7243	20.4496
-22.7155	10.882
-24.3001	-2.33444
22.0769	13.6418
25.0993	-1.4638
25.764	-1.52473
-13.2571	-22.2871
-20.8658	-12.0383
-22.3742	10.9138
-19.6003	-14.9204
-21.6469	14.1088
21.4009	-14.2906
-25.4936	2.77037
24.4931	5.34135
-24.3889	-1.4207
-24.7224	-3.33194
-15.5835	19.7376
24.5663	5.16244
-22.527	10.3319
7.26572	24.1835
19.0473	-17.4163
20.0166	14.3749
25.5644	3.21591
-19.2781	16.5481
-6.14463	24.7762
23.8889	4.68709
19.6517	-15.6456
22.9802	-11.5418
23.5246	10.8445
-15.3897	-20.173
25.1527	6.50847
-24	7.28827
-23.6763	5.50108
-18.7119	-16.7361
24.4301	3.1156
-23.0896	8.06451
23.0531	-7.74624
17.105	19.0118
17.6868	17.7634
15.3784	18.8528
-22.1887	-9.64718
-6.15092	24.5922
-16.623	19.9538
-23.7327	4.05094
-8.66177	23.2875
15.3172	19.696
-23.4371	6.89055
-22.3044	13.1853
-9.74529	-22.5471
-20.1646	-13.1884
-24.7457	-2.16106
19.3645	-17.2039
-8.50708	-22.782
-23.6304	-4.73979
20.5412	15.7343
2.32257	25.6838
21.8422	-13.7151
8.74109	23.709
19.282	14.8722
2.81765	25.6397
-15.9879	20.3116
-22.4841	-12.7353
-21.4558	-11.3721
25.0379	5.83599
0.454291	25.3972
-23.3605	11.3412
23.9267	-3.96025
11.5081	-21.8074
24.6823	-0.687258
-15.276	20.1854
-24.8737	-2.54524
-0.129892	25.0386
15.1374	-20.0313
-22.2576	9.53677
-16.5589	-19.6038
-24.6132	7.14124
-11.6468	-21.0359
9.52157	-23.5058
25.4389	4.16575
-19.829	-14.8127
20.883	12.4511
21.349	11.5666
-18.3996	17.2066
24.5487	-6.6064
14.3864	-20.3601
20.6157	15.5897
23.0749	-11.6149
20.6684	13.138
-21.9211	-11.2064
-11.9093	-22.069
-4.01438	25.3734
-22.2066	9.69317
25.311	1.03038
9.88399	-22.3684
14.2673	21.3981
17.7382	-17.8486
-23.9208	7.92498
23.0108	10.7582
-23.5624	8.90415
-25.4276	-0.243822
25.5814	-1.71639
-20.1708	-14.0106
-20.0255	-14.5034
14.1291	-20.5662
21.011	-13.4273
24.0888	3.03098
-15.651	-19.4433
5.69208	23.7887
-11.927	-22.2131
23.5117	8.45998
-13.3964	19.9644
-24.9468	-2.89518
-17.5574	18.9654
-12.8265	21.846
21.5549	-10.6358
-3.08605	25.0724
-21.5962	12.5761
24.4773	-0.483831
-4.856	24.0668
23.9088	2.12887
-9.92028	22.2662
24.7695	4.39637
9.31664	23.9266
18.8707	-15.6109
-24.4864	0.900321
22.3259	9.55111
3.09019	25.3937
12.3981	-20.6438
12.3236	-21.5772
7.67362	24.0061
-24.1266	6.45368
2.88862	24.5286
-9.34549	23.7868
-23.8142	10.0631
21.2504	12.1484
9.01174	-23.7268
-23.2525	9.12865
23.6302	7.19857
-17.8688	16.5773
-20.5751	-14.6441
-20.8325	14.3917
-19.6691	-14.0933
9.66852	-23.4404
15.7225	20.3188
-12.9476	20.6878
24.4041	-6.39271
-22.6748	7.97517
11.6155	22.5533
15.6968	-19.5109
-12.0214	-22.5742
9.60786	23.2026
15.4059	18.8733
-24.6943	4.19041
10.0608	-23.2302
6.93385	24.0724
-16.4733	-20.1149
-24.2034	1.74128
-22.6717	11.9191
-20.6274	-12.7325
-18.5219	15.9709
-19.4001	16.9066
-4.38271	24.4071
-15.4764	-19.8806
-21.086	-14.8494
-14.8815	-19.1265
-20.2723	-13.1719
-15.6507	-19.2372
-25.2237	2.17288
12.7848	-21.7399
-21.3155	-13.2801
-5.57551	24.1244
-20.6667	13.621
12.9608	-21.2034
-24.1315	-1.55364
4.70211	24.5533
24.6074	4.61148
14.7006	-19.638
20.6464	-13.668
21.3738	14.5343
18.6388	-16.4722
-9.83932	-23.8335
19.0248	16.8849
-22.4725	-10.4708
-16.8253	-17.3971
-11.7797	-21.3228
-25.7384	2.54827
-7.72607	24.7187
-22.9398	-7.13013
-14.8513	-19.8897
-21.8438	-13.9455
-10.504	-21.917
-22.2612	9.30681
19.6689	-15.3145
18.6871	15.1998
20.1207	-16.1372
-25.7036	1.44035
-10.7491	22.0837
20.1084	-15.1828
-23.6813	-6.51291
4.93094	25.3806
-24.3006	-7.17675
-18.9595	-15.389
-13.4025	-20.2065
-20.9573	12.3231
-16.1713	19.7964
-18.3802	18.3887
11.3798	-22.648
14.9819	-19.6259
1.86296	24.7886
16.1364	18.0152
18.0121	-17.7819
16.5667	-19.5467
5.4612	23.7891
-12.0174	22.5303
-24.3589	2.17804
-20.5219	-15.001
19.4721	15.8227
-8.2854	24.4034
10.8828	22.4774
1.40835	24.3466
-11.9629	-20.8958
-5.24136	24.3661
14.4846	20.9336
7.18901	23.2836
22.1354	-10.9262
-21.8698	-12.5471
-17.4374	-16.6309
-8.88198	24.091
-19.8851	14.9274
-13.1749	-21.6545
-24.0843	-1.51376
15.4621	18.8731
-11.0546	22.5618
2.72649	24.9578
17.8128	17.8003
23.879	-7.92549
19.0453	-17.3655
-16.6898	-17.4331
-25.9078	1.94046
-23.3751	9.17986
-20.0513	-14.2904
24.8214	1.05552
25.9037	0.457149
7.0762	23.7423
12.89	20.7466
-24.4366	8.11544
-20.5933	-13.3956
24.7711	-5.50249
-10.3731	23.3113
-0.399094	25.047
14.1414	19.8116
23.9106	7.04982
-12.2086	21.975
11.2182	22.206
-15.9056	-18.0374
23.3983	8.32223
-24.5069	-5.54453
11.4186	21.9153
-17.8409	18.1363
-9.20187	23.5139
18.519	-16.0428
22.8467	-12.3877
18.2957	-17.5638
-1.237	25.1745
23.2794	5.86151
14.4859	-19.7752
-24.309	5.6987
-23.7972	4.67908
7.27903	22.9084
-19.0146	15.1107
-23.7053	4.26018
15.9417	-19.4342
-20.7139	-13.6978
-2.56972	25.1977
20.5451	12.4222
25.0779	0.104456
6.54287	23.6959
-13.0974	-21.8499
-23.669	9.69575
-25.1181	-5.29651
21.38	12.0092
19.3859	-15.1083
15.6999	-18.6632
-24.7666	3.11223
10.0774	22.974
20.1149	16.2644
24.0618	2.7642
12.4204	-20.9475
-20.6074	-13.7408
-19.147	-17.2068
9.77498	-22.9874
-5.20043	25.4652
-24.4975	-0.609644
24.1672	5.74087
24.5433	2.08886
-24.9597	-6.42144
12.6327	21.5268
-13.1523	21.2253
-24.7519	-5.64407
20.2359	12.9932
23.5736	-8.50068
20.9071	-14.5576
-14.6189	-21.324
-3.04807	25.5941
-21.3617	14.3127
-21.7122	-11.6595
-24.043	1.01559
-25.886	0.413226
0.33722	24.5927
25.7197	-1.65946
-3.82176	24.7178
10.8859	-23.4936
-22.2496	-9.10104
22.6107	-10.2604
-14.7746	21.3602
-15.9658	18.2835
23.2002	9.9424
24.0869	4.56477
-3.17154	25.4998
22.093	-11.5103
-17.5769	16.7185
-23.8492	4.99376
21.67	-10.786
21.3773	11.6433
-21.5661	11.2833
-13.1786	20.5764
11.2119	-22.6624
-23.2368	-6.43627
-24.0443	-4.92598
-19.2598	14.4336
15.826	18.2916
24.3301	1.33757
-9.95688	22.1504
-18.9072	-14.9833
6.08451	23.4311
18.3941	15.9992
23.0343	-7.56047
-23.5046	-9.88331
-11.7176	22.8887
21.4906	14.0447
24.023	-1.89482
-20.1189	16.051
23.3989	-9.81757
10.7371	-22.3337
19.6946	-16.5395
1.90525	24.9373
24.6407	-7.40906
-13.567	-21.9329
20.8714	-14.6579
23.2801	6.02541
24.1771	5.66019
-24.2138	-7.60652
22.4968	-11.4815
2.73162	24.3284
23.2309	6.37991
9.6994	22.0909
15.1463	18.8629
-21.4315	-11.8309
-1.97462	24.7484
-15.6442	-19.0346
-10.7374	-23.163
-23.4342	-7.4517
18.0806	17.2189
-24.8082	3.97408
5.7043	24.006
-11.6064	21.1523
24.6074	-1.96196
-25.4729	-1.24043
-22.4976	-11.4266
23.2898	8.49211
18.4245	18.0809
-24.0943	-8.03933
25.4455	-4.19429
-7.48661	24.8572
0.408822	24.4165
8.31203	24.4729
-24.3825	-4.5391
16.2838	-18.1693
-15.0762	20.955
23.0489	7.29229
-23.2944	8.66747
-7.11521	24.7426
-25.0853	3.43237
24.0819	-4.74363
-18.3277	18.2775
-20.2264	-15.2693
-18.7223	16.1167
21.1916	-12.8717
22.6779	11.699
9.87191	22.7456
15.3935	19.6072
-19.3876	15.5853
9.64694	23.7793
12.3024	-21.7293
-21.6413	-11.399
-3.63809	23.9124
-13.4688	22.0295
-22.9925	-10.4186
-10.7545	22.2423
21.9284	-12.7591
-7.29897	24.7119
11.2699	-22.0659
20.7052	14.4861
-16.2666	20.0779
-18.8316	16.3226
10.1421	-23.3628
23.8192	-4.04035
5.09459	24.1342
-21.6643	-12.5243
14.0504	-21.6213
18.324	-18.3259
-6.57861	23.332
18.9163	-14.8159
-17.4234	18.5979
-24.0895	0.0223959
-20.1263	13.8119
2.49561	24.8313
-13.5675	-22.0828
-23.6365	-7.41316
21.3377	12.7531
-24.9551	0.503607
-20.608	14.5382
-20.8835	13.929
-24.1582	-7.61614
20.2783	-13.1581
-23.3443	9.08402
1.49602	23.9861
4.37731	25.4603
-22.399	11.2953
18.9914	15.9158
-2.45263	24.8205
-17.2696	-16.9156
16.4501	19.8597
24.8941	3.466
12.4795	22.0613
-10.3568	23.6995
-24.9561	2.55316
1.03995	25.8992
24.1246	-4.43406
23.1228	11.2328
24.0093	3.77636
-23.713	-5.81122
15.3375	20.8063
-23.0365	10.9346
21.4251	-12.8719
-0.490985	24.0058
15.6714	18.6559
-20.3651	-13.9799
24.2384	1.79664
8.76428	-22.6652
-9.14694	23.8926
-23.6011	-5.06413
-24.2167	-1.04972
-13.5013	22.1701
-24.0844	-9.53904
10.043	-23.0241
11.8761	21.4657
-9.96819	-22.761
-24.9169	1.71677
-20.6461	12.5627
25.3099	-3.08353
-20.324	13.8191
20.3444	13.6833
-24.1476	6.10797
-2.90745	25.1279
19.8145	-14.1509
24.4904	-7.53522
16.7309	-17.3748
15.7892	18.7889
24.2734	5.43648
-20.9415	12.2625
-6.60965	23.2532
-19.704	16.2358
-7.95062	23.256
21.2423	11.6204
20.376	12.9631
-17.1279	17.782
-12.8997	-22.2888
-23.6777	5.55975
-24.1491	6.98685
21.8646	-13.6885
-22.6727	-11.1674
10.36	22.6197
1.75425	24.804
24.9023	6.56813
-21.9322	12.1281
-24.9486	-6.16116
18.004	17.8788
-10.4182	22.3432
20.9359	14.4423
-22.9476	9.65746
-13.1379	20.6873
24.6685	-6.14001
10.3652	23.1735
13.6176	-21.3267
-7.99049	23.6082
16.6963	-18.1424
-7.05445	23.2392
25.9772	1.03964
-20.9503	13.5444
18.1808	-16.7342
21.7849	10.7453
-21.4721	12.9042
-25.9068	0.934864
25.5044	-0.867496
21.4813	-14.6133
13.6037	21.8682
24.8651	1.31294
-19.88	14.355
22.5046	-9.31417
-24.8903	3.31475
7.05966	23.4993
10.5279	-22.9848
23.9883	9.59801
-13.7148	-21.5824
0.697953	25.3608
21.4107	11.9298
19.0935	16.135
12.7392	22.1416
-16.9065	-17.5664
-21.5265	-14.2299
24.5403	-5.01524
-13.1795	20.0848
20.8577	15.0434
-17.9993	-15.9174
12.926	20.2313
-5.47504	24.9923
25.1895	-2.23348
-24.009	2.10436
-25.7033	-1.11308
24.1442	-4.22133
9.04334	22.4882
-25.801	-2.83159
14.3816	-21.3871
10.7055	-22.0091
-23.5829	10.4623
22.2647	13.2224
17.7882	18.589
14.4761	21.5114
-6.44152	23.5218
-24.0564	1.96391
22.0737	11.943
13.7721	20.8755
-18.7672	-16.1481
-5.10994	24.4393
-24.0037	2.91138
23.9089	9.55402
19.9824	-15.3059
0.231262	25.7595
5.02328	23.9536
25.1034	-4.54498
-24.0922	-6.25296
17.1526	-17.1046
20.0447	-13.406
8.67701	23.9471
0.109341	25.8679
-21.4205	13.3743
-13.9307	-20.1602
11.9648	-21.2895
21.2027	-14.7662
-25.3914	4.31611
11.7624	-21.812
15.0778	18.7246
18.4007	15.897
