10.8705	-3.08145
11.1822	3.80036
3.71911	-0.724555
13.309	-1.70759
9.49392	-7.35151
9.80343	-0.148037
5.10389	-3.38758
12.4558	2.06115
6.93037	-2.27825
6.69253	4.25282
7.40295	-3.03923
9.04643	0.0803315
11.9266	-0.487411
12.4651	-3.35361
14.1524	1.04829
3.28785	0.975098
10.6593	1.4594
12.4598	0.633779
10.2868	-4.04075
12.3394	-1.55359
7.44075	-0.75604
9.23132	-1.2504
7.47513	2.76644
9.14624	-0.582774
9.36855	1.72514
8.08066	2.48338
7.13146	2.20578
12.2342	0.65179
9.95906	1.21979
12.2718	0.80164
6.31007	-1.32818
7.42062	-4.2418
4.83164	-0.880417
15.1387	0.713169
13.3133	3.83578
2.85974	5.3719
6.51616	-2.20016
13.4515	-1.0313
12.19	2.83131
7.51345	3.50995
16.4288	-1.0491
13.7475	6.93143
8.86656	-4.72459
11.562	-0.0514449
7.38202	-1.73169
6.84634	-2.10987
11.3579	0.824815
12.4886	-5.93862
9.77766	0.777583
12.127	0.0949451
10.0878	1.1974
11.7115	-4.74235
9.53753	-1.82431
10.6814	4.9336
9.87413	0.217948
11.3905	-4.20128
14.7772	-6.415
8.99262	3.47372
7.51263	-2.2623
12.8272	-1.73869
11.4921	-0.393511
11.9382	-0.667511
11.591	1.25254
12.5736	0.737745
6.15002	-0.267745
11.8576	3.47977
12.6516	2.39089
7.80875	-1.79642
7.76658	4.94856
4.8711	-4.98244
10.9787	-0.414539
7.99314	1.65209
8.08473	-1.68941
15.5704	-2.20114
11.6396	-7.12758
13.1425	-3.0192
4.78138	-1.86559
6.21097	-0.618711
3.92665	-2.73196
11.2199	-6.01817
9.50769	5.795
15.3904	4.6673
6.64645	4.00217
13.7204	2.30053
11.4043	2.87163
12.5158	1.44543
12.8908	7.11983
11.4178	3.96435
9.35923	3.98425
7.96705	-5.26544
12.0186	0.981604
7.84208	-0.0745946
6.46967	0.191912
10.5073	0.44954
10.5855	-5.62342
13.752	-1.14992
9.69652	0.0310119
14.8662	0.578688
11.8504	3.05179
12.927	-3.45959
8.51009	-1.91108
7.95777	0.404418
13.2326	0.1485
13.2627	0.379604
8.53872	-0.752941
10.7759	1.50197
11.7214	-4.24256
11.6341	4.37208
10.0968	0.843725
5.05169	-1.34521
9.82445	0.323493
11.2521	-0.323944
12.8108	-1.64511
13.2498	-1.60252
12.4716	-0.796335
11.8451	-2.67805
9.98879	3.08718
10.4307	0.138964
17.7348	2.1857
9.22399	0.675817
13.211	-1.12443
13.4833	-1.57261
8.6622	0.835222
9.59224	-0.650782
10.1825	-4.56257
10.3714	2.13726
7.13863	4.12515
8.82651	-2.28519
7.964	0.775959
15.3131	0.852384
11.0303	0.79129
5.54924	3.58984
11.8634	2.88089
13.9807	3.26149
6.48067	-3.47429
9.70184	0.651869
6.78689	-0.41149
7.18484	-0.505579
11.6205	0.492126
5.21687	1.11669
14.8132	0.0489325
14.6179	-0.650307
16.4727	2.4361
12.2553	-1.20581
11.4363	-3.9819
16.6416	0.981001
4.46845	-2.26362
9.15071	-3.07226
8.60588	-0.46928
7.33999	-2.61345
15.4956	-0.945406
7.40836	-3.75519
9.01199	0.525048
8.44431	-0.191617
7.12297	3.53296
10.2663	0.259593
15.226	-0.773168
11.2312	-0.440123
9.74927	-1.5447
11.4632	-2.55217
4.77496	0.633724
6.02228	4.69851
10.4073	0.880684
8.9175	-6.29623
11.7202	-2.53992
11.0433	-5.31783
12.8147	0.628077
10.9179	-0.346429
10.0511	-0.0881847
7.90529	-2.198
9.4876	-0.531632
14.1511	1.0702
9.09096	-3.27234
7.90474	-0.558699
14.8207	0.662748
7.45621	-0.378839
14.0456	1.64298
3.6112	-4.38416
10.2138	-2.20503
11.9732	5.05773
15.4025	2.74309
10.3445	4.80077
6.34721	4.44908
9.60879	2.60941
13.8637	-5.45131
14.2007	1.53092
10.9284	4.42352
11.6628	-0.451225
11.885	2.44831
16.0657	4.24475
9.02696	-4.84862
13.7675	2.14651
12.5031	0.538566
6.41248	-0.923589
9.25217	-0.835574
2.59498	0.91662
10.2917	-2.54651
5.65907	1.4681
9.49153	-0.758637
6.91287	0.295586
-8.63064	2.65666
-13.7572	-0.606985
-13.2671	1.15773
-9.51988	-0.800299
-3.67715	-1.05043
-8.36681	0.0276857
-10.4863	0.971112
-10.7475	-1.1468
-12.6827	-0.572397
-7.91457	-0.437896
-9.46336	-1.8079
-5.10657	-2.74486
-12.4122	4.85597
-10.9818	-4.07919
-15.6942	-1.36329
-9.9413	0.960735
-11.0768	2.47302
-11.1306	2.14808
-9.99043	1.04953
-10.4886	-3.23064
-7.8697	-3.90559
-11.8111	-2.73506
-3.84874	-3.50458
-9.23692	1.56428
-13.0192	-7.41419
-12.0976	0.450092
-9.50582	6.80538
-13.6866	1.79684
-13.6107	-0.0488626
-10.4752	1.92603
-9.60625	4.45833
-6.09829	-2.57012
-5.59206	-1.26149
-8.72791	2.38392
-8.71642	-1.04231
-9.21821	4.57375
-13.5901	2.28727
-10.3223	0.394769
-13.5712	0.173422
-9.58763	-1.04487
-9.47538	1.44883
-9.864	-0.421414
-9.95921	-0.502204
-10.8953	-0.0252245
-11.8485	-4.20104
-11.5556	-0.423002
-14.1691	-3.08612
-6.32501	0.821827
-8.62811	-1.39315
-6.66405	-0.362322
-9.08762	1.36553
-9.74463	-1.73285
-7.46107	-1.28881
-9.26767	-3.07417
-10.562	0.931587
-11.2413	-3.20173
-6.91145	0.145878
-9.60527	-1.52355
-10.4965	2.59398
-13.6753	0.997464
-9.76057	2.23882
-15.3728	2.74147
-9.04497	-1.24629
-15.868	2.38809
-8.22425	-2.39655
-10.7169	-2.87762
-6.65091	2.33679
-6.24731	-0.209714
-11.4746	8.11935
-6.87791	-2.92661
-7.88149	-1.97967
-8.75199	1.63359
-12.5084	0.844314
-9.73503	1.14576
-7.82951	0.359661
-7.5735	-0.806745
-7.55413	1.82424
-8.84277	-1.80876
-9.57459	-1.71141
-7.40217	-0.663943
-10.2566	-2.41744
-11.0547	2.53607
-0.343732	-0.832574
-7.35684	-1.48686
-9.22192	4.20078
-12.0741	-0.634522
-10.2893	-1.90558
-1.89446	-1.20362
-8.42605	-1.40711
-12.1944	0.87232
-10.5423	0.723306
-6.76414	1.6781
-6.91093	1.11126
-11.4399	1.12054
-10.6784	2.77215
-13.3351	-3.3546
-9.7488	0.767515
-13.012	9.17477
-10.6642	-6.97254
-8.62149	-6.78586
-6.47269	-6.64195
-14.1218	3.46428
-8.80831	-2.91799
-8.02275	-2.65261
-7.16743	-1.8136
-17.6219	-1.36932
-4.61428	3.82355
-8.13066	4.97251
-12.4751	-1.0696
-16.5089	2.97356
-9.5739	2.20961
-9.99912	2.38469
-4.42226	-0.587724
-5.85116	-0.989278
-9.7388	-3.46817
-11.4617	1.0683
-8.77053	-0.955699
-15.839	-1.40279
-5.26629	-0.0551911
-9.65934	0.867101
-11.8375	3.23704
-10.5425	-2.73652
-8.97459	2.81156
-10.9698	1.18901
-9.24005	2.3357
-6.01116	-3.53729
-12.3981	-1.88112
-10.7121	4.37088
-6.66433	1.02419
-8.6231	-2.00901
-11.2001	2.13376
-10.5882	-2.08928
-13.2046	-6.58416
-9.36288	2.29174
-9.15237	-6.64245
-10.8228	3.30794
-10.2026	-0.145317
-14.243	4.41747
-13.8152	-3.82464
-6.62608	4.03687
-12.8848	-0.166236
-12.3975	1.01936
-14.9827	-4.31879
-12.3422	2.22056
-11.9891	5.54316
-11.0104	-5.57738
-12.4684	2.34662
-12.764	0.388292
-12.8778	0.857371
-10.9066	-3.71544
-8.27056	1.40447
-11.548	-4.46608
-11.9375	-5.8504
-7.31215	0.286318
-5.82326	5.88375
-6.72542	-4.59491
-10.323	-2.13088
-9.21242	1.53702
-8.32395	0.765734
-5.44583	-1.71525
-10.3397	-4.3613
-8.51797	1.48214
-7.98269	-1.0052
-4.43708	1.51107
-7.52307	1.86736
-8.71164	6.85655
-12.1205	-1.78689
-4.386	-5.50492
-10.2014	0.601621
-7.15192	-1.89333
-3.41519	-1.31702
-7.16511	2.65776
-10.0522	-0.500406
-10.3119	-2.67374
-9.20448	-1.36846
-12.6761	-0.226403
-10.9791	-2.22464
-11.4381	-1.52382
-13.4346	-3.98935
-8.74113	-2.38301
-8.64174	-1.32693
-11.2735	7.72377
-14.7445	-0.52965
-8.50605	-2.11273
-8.81836	-3.54571
-8.28476	-1.29082
-13.172	3.71359
-11.0879	-3.74147
-12.304	-3.45432
-4.27204	-4.54188
-9.01522	0.0649031
-8.81251	3.47742
-9.06296	1.94913
-10.1842	-1.8911
-12.4905	8.40652
-12.4168	2.94818
-7.27911	-5.85734
-4.43188	-5.25913
-13.0333	-0.0393102
-5.01541	-1.93572
12.2668	-20.6963
5.7423	25.3481
22.157	11.9831
4.98492	23.8651
15.7059	20.0175
0.85848	24.0632
-1.13793	24.789
20.6405	-14.9583
-24.1446	-3.29413
-23.9545	-5.58624
-25.0182	1.65378
-25.9894	-0.484493
-9.47637	-22.1029
-13.4153	-20.562
11.7371	21.8409
-20.9084	15.3375
-23.9123	4.96669
-13.046	-21.529
-15.4266	-20.498
-10.0679	-23.6339
-20.0196	-13.5872
18.9885	15.9725
25.6116	-3.15149
-16.5116	18.4212
-12.4693	-20.6347
-15.111	20.155
24.5063	-7.04982
-23.84	-3.98165
14.1617	20.6859
-25.5437	0.236921
-21.185	12.3416
23.9386	9.31901
21.5826	-12.9914
-25.2556	4.27875
18.2417	-16.8841
-20.4744	-13.2143
24.214	2.77933
9.70756	23.3646
23.1631	7.97699
-8.48802	24.3809
-17.9076	-17.3866
-24.0525	-7.57957
25.427	2.36568
24.4809	0.00241265
15.379	18.5222
-14.2465	20.0568
3.9863	24.7219
20.1209	-14.619
21.7506	12.0558
23.7203	5.25889
-8.38138	23.7675
-24.3552	-7.80034
13.3695	20.9546
21.2692	13.045
-10.9853	22.6651
-21.1716	11.5685
1.30342	25.2262
19.287	-15.4583
-9.5558	23.509
25.4064	5.07646
-24.192	3.96452
-22.1337	-10.4664
-16.1661	19.4444
13.6758	20.1722
-9.24851	22.6058
-24.7909	-2.04034
2.41661	24.9702
-21.9894	-12.3374
22.3372	11.5872
-13.5638	-22.1229
-19.7356	-13.7082
-8.68777	-22.5487
21.0655	-12.8346
16.7662	-19.6019
16.89	-18.5913
24.7542	-6.90901
-23.6571	-9.28771
-20.1623	-14.4331
-24.4771	1.16159
22.8668	12.192
10.4696	23.6671
14.9563	20.466
23.7803	-3.26542
-20.735	-13.781
6.88554	24.0857
-18.3849	16.3582
14.1401	20.1909
-6.77671	23.8462
-19.9761	14.2892
24.7292	1.52522
-11.7429	-23.1655
-24.3456	-2.91834
3.51092	24.8431
-1.89064	25.6376
-16.5635	-18.5725
21.0138	13.0936
-17.4735	-18.9976
17.7268	18.5485
25.1982	-1.16511
-24.348	8.53502
-22.4783	-12.9428
15.991	-19.0494
-13.7389	-22.0513
20.2928	15.7305
22.817	12.0775
-12.369	20.6181
20.7783	-12.5416
-4.53703	24.6274
13.8842	-21.4404
23.7502	5.27177
16.4021	-19.1882
16.7873	-17.6585
-21.6817	-13.2674
-17.8242	18.0806
-24.3626	-2.03292
-25.3982	-4.53114
16.8594	-18.7607
24.2372	4.31304
-16.5237	-18.3288
13.4851	20.0394
-21.0675	12.9642
-21.4928	-12.2949
-17.3927	-17.4271
-19.9892	-14.4265
22.3488	-11.6919
12.4978	22.2629
-19.9275	-16.3422
16.1971	-19.6257
18.9178	-16.0588
-10.823	-22.4973
22.3197	12.3818
-10.3842	-23.2755
0.483518	24.3283
10.5371	22.3454
19.0444	15.1043
23.6195	7.00728
21.3489	-11.2391
-11.8324	-21.4771
18.7751	-16.1239
-5.7261	25.3213
-25.2196	-1.82163
10.0539	-23.3002
-20.4862	-15.5077
-15.076	19.9036
-25.7169	0.512884
23.4149	-7.31743
24.8749	0.625769
-18.161	15.8387
14.3126	-20.7017
-23.5915	9.34846
-1.99661	24.722
-24.667	-7.62878
-9.51849	-23.6498
-21.2952	12.2954
8.97622	-23.0445
4.13152	24.8348
22.2617	12.9742
-6.94596	23.9177
16.0428	19.4396
0.264857	25.1598
-17.1256	17.292
-3.82617	24.3908
23.2718	-11.0395
-17.6696	-18.4036
21.6116	-10.7648
21.3167	12.4827
-7.24874	23.0201
24.206	8.43068
24.0286	-3.67864
20.4046	16.0349
1.78431	24.3887
-18.3738	-16.5125
13.3822	21.366
-21.7635	-10.7286
-24.8823	4.43
22.6765	9.9393
-20.2208	16.0559
7.55728	24.1502
21.77	13.8356
18.6187	-15.7359
-22.8841	8.05946
15.2018	19.3722
-8.60375	23.1803
-24.0262	-7.47509
25.1832	0.70946
-22.1701	-10.5966
-9.31898	-22.1913
7.77835	24.3836
13.4869	-21.0238
-10.2147	-21.7781
-9.06671	-22.9128
-11.3588	23.1937
-13.7846	21.0029
20.5742	15.0697
25.3144	2.41483
-13.5993	19.8388
-2.26979	24.1159
-14.478	20.4941
24.3006	-0.355384
21.0449	-13.6877
9.50095	22.6697
-21.4914	11.2976
-21.6245	11.7493
14.5163	20.2419
5.47649	25.1914
-23.425	-7.52425
-16.5551	18.3758
-11.889	22.7484
18.9637	14.9944
6.59656	24.2036
24.0096	-7.53872
-24.0752	-4.01853
-15.7581	19.4592
11.0088	-22.2977
24.1484	-7.47645
-13.4516	-21.7659
11.3581	-23.2414
-20.4648	13.2386
-24.0638	4.89618
-13.4415	-20.2608
16.9209	19.2609
24.7759	-4.42396
24.9442	-1.28975
-11.6558	21.5863
22.3829	-8.74666
4.10667	23.8618
13.4997	-21.1148
-18.199	17.4912
20.116	14.8253
-24.1586	0.210763
-23.7349	-7.71156
-12.3644	21.7603
-21.1891	12.012
-25.0637	-1.45834
-14.9517	21.0887
-19.2413	-14.8144
24.5338	-7.9578
-18.3877	16.329
-24.9156	0.810707
17.5226	-17.6852
15.4515	-20.6458
-25.5925	1.53967
-6.13184	24.5641
23.4607	7.12865
11.2768	-22.636
-14.6785	-21.1004
-21.1114	-12.0573
-23.5523	-10.7909
25.6319	-4.04886
-5.44063	25.2658
1.52583	25.8169
1.75007	24.9022
18.5739	-17.5092
-25.1299	-5.67872
-23.0828	11.3865
-24.4837	5.61691
8.91727	22.639
-20.8285	14.6526
12.8048	-22.411
21.3241	12.4038
-9.23562	24.0706
16.6767	17.8923
3.38246	25.0096
25.3508	-4.08901
18.3624	-16.1922
2.49811	24.9349
-23.9777	-1.81132
5.1363	23.7987
-5.18567	25.3107
-17.1798	-19.2642
9.82743	21.9403
11.5861	-22.7027
7.86419	24.0761
-19.6974	16.3206
18.7297	-16.7554
11.669	23.2156
22.1891	13.3618
15.3295	-19.8362
8.46023	23.4289
18.1727	-18.3206
-18.7411	-15.7419
-18.8388	16.1227
0.892825	24.1868
-10.9861	-22.213
-20.1274	-13.9071
-9.24398	-23.3973
24.0735	6.48757
-19.591	16.3787
24.0589	7.84555
21.2504	-13.7398
-19.1763	14.7758
-14.513	21.1849
-21.0312	13.7097
10.8547	-22.967
-16.4613	-19.5842
25.3848	-1.9454
-14.7784	19.6069
-10.0698	23.8263
-25.3654	1.23676
24.1334	-0.790772
-16.7948	18.9112
-24.7782	-7.10695
-14.786	-19.6924
-21.362	11.8186
16.0684	17.9361
24.484	0.310458
8.95424	23.1016
-22.1654	-9.97085
-25.5944	-3.04569
23.9522	-6.96478
3.01335	25.1077
23.7646	9.64904
-24.9783	2.59579
-22.4239	-11.416
10.7794	23.3783
-9.03409	23.5548
-3.26818	25.1578
1.17198	25.9649
-16.1426	20.2061
16.5184	17.7699
21.1371	-13.8672
25.3461	-4.84767
15.8743	-19.0831
-17.4017	18.3143
-18.0447	18.1714
-18.0914	-18.381
19.7829	-15.9055
-23.016	-7.57382
-12.381	-21.6237
5.5991	24.6953
18.1553	-17.952
3.33499	24.5354
14.2355	21.2192
13.2937	22.2941
11.0852	-23.1444
12.5789	-21.7487
24.0985	-4.32087
11.0296	22.6989
25.463	-4.05947
-18.6631	-16.0338
-22.9995	-11.6478
11.9997	22.9929
-21.5596	-12.5505
-21.9616	-12.9819
-12.6479	-21.619
-3.91777	24.0249
22.2677	-9.33425
16.657	-18.7918
19.0151	14.748
-4.18038	24.6096
19.9451	-13.9454
3.12014	24.1717
-22.8931	9.6263
-15.3636	18.9327
24.619	-7.10538
-1.29418	25.6628
-11.2607	21.8235
24.7947	5.08632
-18.5996	16.0397
-24.1131	-9.65961
14.5725	19.4151
22.318	-12.4691
23.6942	8.63622
-23.0834	-8.27789
18.9167	17.551
-20.8594	14.1424
-21.28	-11.3513
-3.81676	25.1537
24.1406	-5.80529
13.8054	-19.8492
23.7039	-7.20219
-11.6842	-21.2251
-19.1401	16.3875
-23.3022	9.86709
-24.4103	8.92526
21.7637	12.5488
10.0352	-22.2295
18.5875	15.5066
12.5048	21.901
-19.9936	14.9669
-16.2665	-19.58
22.3219	9.20756
-24.4154	-0.86594
12.8171	-20.3243
8.84168	24.1888
-24.5509	4.60593
17.4714	-17.5285
-18.6008	-16.3925
18.7544	16.1202
24.0216	6.51872
22.3106	-8.91667
14.2352	-19.3334
-23.3878	10.8968
-2.48487	25.7258
-11.9688	22.3156
-14.9345	-21.0508
24.4852	5.21053
24.3405	-1.70643
-20.6204	-13.2998
20.6987	-13.9847
-13.6724	-20.6916
-14.1042	21.4025
-12.2529	-22.7397
23.6874	9.92351
10.0516	-22.5591
13.7927	-21.7727
-8.63739	-23.1016
-19.9459	-15.6122
-18.0304	-18.3819
15.7619	-19.6122
24.4692	6.63884
-10.4186	22.4902
21.7357	-11.491
24.5149	8.4707
-5.74851	23.9175
16.7981	-19.8082
17.3705	-18.0241
-20.7902	15.1653
-14.0979	-20.2549
-10.377	-21.6579
12.6882	20.7939
-23.0385	-11.066
11.4815	21.6588
-9.30603	22.8803
-25.0883	2.42972
22.0519	-10.747
17.0626	18.3326
-17.9111	-18.2065
-23.0918	-7.3482
24.6837	-2.78481
20.3352	-14.1401
6.64471	23.4566
-21.6786	-10.6414
-25.2009	-5.08357
-24.3855	-6.1538
-16.463	-18.0059
-23.9232	8.37161
14.42	-20.3034
23.4166	10.8372
23.5858	-10.871
18.8716	-17.0593
2.55315	25.016
-10.5941	22.6895
4.86228	24.4449
-16.8158	-18.6079
22.7601	12.0244
22.3199	-9.84248
21.8036	-13.1829
24.458	-3.47957
-23.7054	4.0289
-22.0033	-12.3631
-19.6397	-13.8736
25.2463	-2.03826
22.008	-11.4843
20.0242	-15.7569
18.4495	-15.5704
-20.672	14.6438
-12.3862	20.9702
-24.884	5.66728
-17.9066	-17.3882
-19.2775	-15.3562
-16.527	-18.3499
25.0262	-6.00203
-24.1587	5.69284
24.2789	-6.28162
-20.5839	-13.7905
24.9724	4.00938
-0.669766	24.3421
20.9868	12.2685
-22.9812	9.7128
10.6466	-21.928
19.4288	-15.8658
0.34061	24.7697
-19.71	-13.9522
-17.5945	16.5083
-11.9385	-21.9842
23.723	-3.93987
-18.7236	16.275
-25.0101	4.70012
15.0401	20.5963
-10.493	22.9017
19.5036	-17.1871
19.1102	-16.1554
-0.46568	25.3439
-19.7316	-13.7168
14.877	20.4014
-23.8643	-9.87495
-13.1378	21.5237
-10.6955	-21.8107
25.0163	2.1375
-21.888	10.0243
-16.5416	-19.8028
-0.268328	25.1263
-2.99515	25.6546
24.193	-7.06771
14.5092	21.3357
22.5564	11.4882
-23.8589	6.09486
-12.911	21.9308
-12.4158	22.6008
23.5255	-7.08905
4.95026	24.8454
23.4089	5.80591
-14.4271	20.5429
11.2995	22.6213
25.7915	-1.54648
22.6541	12.0915
-24.6969	-3.79329
9.43659	-23.587
11.9113	-21.0074
21.1942	14.6847
-15.6876	-19.3793
-25.4081	-3.34858
21.111	-14.5684
-23.9432	4.25652
11.403	-22.8492
-22.2175	10.8602
20.1224	-15.7631
-18.6291	-17.1634
-14.6496	-20.3542
11.9109	21.6663
-22.6471	-10.0547
25.2377	-4.85952
-20.5906	-14.2271
16.9473	17.016
-22.0113	11.0934
18.4275	-16.1669
-6.84438	23.6294
-12.3109	21.7686
22.4216	-10.5346
19.4318	-14.248
-21.2341	11.4136
-21.9524	-13.917
-6.314	24.6537
-25.3023	-4.67657
-23.4556	10.1057
25.243	1.96085
21.1023	-14.2827
-0.0834523	25.3316
2.92798	25.1933
15.2962	20.7042
23.9298	-9.21201
-25.6503	2.03862
-21.442	10.8663
24.0736	3.83266
17.1425	17.6081
0.307747	24.4989
-19.1	-17.1908
4.97575	25.0746
-9.37831	-22.955
10.6218	23.6732
-21.6005	-10.939
25.038	4.78854
-19.5668	-16.9499
15.4658	-19.5392
24.3079	0.157095
9.80436	-23.5074
-16.3974	-19.81
-18.2357	-17.1373
16.0693	18.1698
24.6884	7.24302
24.1732	7.63225
-20.5467	-12.4853
22.7679	12.0323
13.7253	21.0856
9.16355	-23.2651
-18.2809	-15.9475
-10.6681	23.4142
6.88714	24.8957
24.4278	-0.865511
22.4571	10.2726
9.4228	23.6344
-22.0512	-11.5948
25.872	0.297922
1.24076	25.2778
11.3306	-21.2035
19.5401	16.6692
-23.1076	8.44559
25.1216	-3.62725
21.7816	-11.8034
14.2527	20.3445
24.824	-1.85802
11.269	23.0317
-8.45874	23.3581
21.859	12.83
1.81409	24.5979
20.6435	-13.7337
20.455	-14.7946
10.2908	-22.4166
9.92885	22.0321
-24.6234	0.345564
-15.6881	18.9985
7.80774	24.1646
12.2973	-21.8441
-22.2588	11.1376
-13.0314	21.0145
21.2588	-13.6338
15.9663	19.5271
-3.25004	23.8751
20.0752	-13.4161
24.262	4.77222
8.63721	23.7621
20.1667	-15.8671
9.74472	-23.5332
-24.009	-3.42358
-24.9971	3.01728
-24.7372	-7.12373
15.5685	19.5577
-5.56744	24.1095
-15.9419	18.8145
-20.1575	-14.9334
18.1949	-17.085
-4.50607	24.8153
3.96237	25.2389
-21.4631	13.5693
4.24774	24.599
-22.3738	-9.4427
17.4541	18.883
16.1041	-19.5792
-8.62766	-22.6359
-11.093	23.4957
-17.4534	17.4343
1.54412	25.4521
24.5774	6.66441
22.1562	-11.0353
-7.87796	24.444
23.1398	9.80886
16.7227	18.4973
-8.57898	-22.4732
-13.6171	-21.9732
-0.815004	24.2212
15.2466	18.8776
-22.697	8.23314
22.0683	13.3309
20.6928	-15.6931
-11.1987	-21.6571
-9.09507	22.381
-5.89324	23.7566
-22.4806	9.75617
-21.0766	12.0609
-4.57074	24.4583
-0.915057	25.9504
-21.075	15.2139
-23.4761	7.13312
-22.0518	-9.70938
-11.0942	23.1665
-12.818	-20.4259
4.83922	24.2524
-13.1203	-21.3748
-23.3645	9.68195
24.0803	2.94943
22.624	10.4415
-25.1809	-3.86419
24.2918	9.23823
23.734	-9.29973
14.0667	-19.6026
-23.1911	7.99186
21.5129	14.4695
23.623	10.2841
-1.62316	24.2212
15.233	-18.7592
22.6193	-10.7401
-23.1384	9.96598
-20.3219	-13.4686
-24.3431	5.57483
19.1612	-15.9633
-21.4287	-12.5182
-9.10227	-22.5498
-21.7072	11.2854
13.0938	22.3501
-9.70046	-23.4279
-23.1295	-7.0881
-8.12379	23.47
17.5668	18.1621
-20.2624	15.4977
5.15375	23.6771
-5.17761	24.2982
-24.986	1.70701
-24.5418	6.403
-16.3623	-18.6139
-14.7967	21.33
7.63512	24.089
16.4276	18.0657
-17.3465	-18.4374
23.6908	-5.44523
-18.6626	16.9345
0.386424	25.8352
6.71384	23.1307
13.2373	-20.4098
13.7406	-20.4457
-15.4023	19.3145
-23.502	10.3355
-7.29855	23.4274
25.0352	-2.27931
15.2979	-18.9012
-19.6935	-14.3596
6.39944	25.1931
21.8807	-9.91963
-5.69619	24.8299
-24.1514	6.44471
-12.6451	-20.3994
-24.9032	6.17272
7.13007	24.3271
21.8341	-13.6932
-23.0902	-7.55799
10.8134	-23.2213
18.8568	15.683
-24.5386	6.88366
6.88034	22.9946
13.4937	-20.6772
21.224	-13.7659
9.56235	-23.3693
-0.562296	25.3413
4.74263	23.8667
-15.622	19.8827
23.4197	-6.49023
-25.0279	4.4612
-10.5036	21.75
15.6232	-19.7917
-17.7233	18.0142
-19.0623	-15.6863
-23.8351	-7.89447
-21.0054	13.0334
-24.3341	-4.91317
-16.797	19.5294
-14.8289	-19.2579
7.5175	24.8007
20.4166	13.0608
24.6479	-6.71991
25.6162	-0.716788
-20.4188	-15.2598
-25.1805	4.99271
-22.1949	10.81
22.4975	-9.70363
23.6041	-9.10627
3.85344	24.8146
-4.49481	24.6353
-24.2697	-7.64388
5.41093	24.936
-5.91558	23.5396
-12.4546	21.9946
18.3286	15.6961
-8.56486	-22.6218
-18.1364	-17.2046
-25.7954	1.09207
20.262	15.1591
-25.4207	4.7842
-8.16283	24.1573
-13.8449	-20.4594
20.5593	-13.7008
1.02516	24.03
-22.5246	10.2678
-3.53685	24.3781
23.993	-4.207
-19.3506	-14.8216
23.8734	4.7923
24.8722	2.47085
22.0746	12.0317
-23.7935	-5.67833
-15.6268	-19.2832
-16.1899	-20.0097
-24.1522	2.06418
21.7951	-13.9286
-24.1964	6.59299
2.45828	25.382
-8.66118	22.4481
10.5703	-22.2643
17.8164	17.6127
5.8413	23.3729
23.7276	-4.50797
-1.23897	25.6712
11.6693	22.7156
12.9198	-22.0866
-18.5949	-16.4722
-25.2143	5.62311
24.1712	-5.90736
16.0545	18.8962
16.1069	-18.155
23.04	10.5447
-15.3576	19.0232
19.511	-15.8559
18.2432	16.6666
12.7539	-21.1719
-1.88225	25.4362
-16.5788	-19.2084
9.45296	23.7
-25.6236	3.89272
2.70279	24.0935
-22.7654	-9.7711
-19.2334	-17.4488
12.5964	21.2347
-19.9099	13.4227
-12.3778	-22.3677
25.8417	0.604929
-9.80074	23.6876
-18.7524	15.6818
6.2054	24.097
15.1146	-20.1823
24.912	6.12653
15.9169	-19.1662
-22.4678	-12.0148
22.3821	9.18491
0.900141	25.1081
3.38397	24.5944
-19.2006	-16.0773
5.75795	23.6259
-13.8314	-19.9623
15.7524	-18.405
-15.4499	-20.7857
16.3042	19.9855
19.7555	16.3676
-17.575	18.6985
18.0347	-18.5927
-10.1065	-23.2931
25.1499	2.52837
-1.38875	25.1586
-23.9468	-9.53762
20.3018	-14.0402
-0.612313	25.5201
-17.7075	16.4969
23.9643	9.13608
20.4864	15.9244
25.0094	-6.90251
-16.9406	-18.3675
-19.1789	15.1059
-23.5285	-5.18133
-8.36199	23.1895
-20.8642	-15.0649
-12.6144	22.6453
-18.8694	-14.837
3.23136	25.2952
24.4114	-6.65997
-21.9127	-11.283
23.0221	9.70802
-19.2303	17.3259
13.9842	21.1243
-13.5767	-22.098
-17.8382	-16.8623
10.3283	22.131
18.9338	15.8818
-25.07	4.32319
-1.11823	24.2246
16.0392	17.9201
-23.7731	5.62012
-23.9982	5.90295
3.83074	24.0639
-17.3156	17.1912
-19.4368	15.1666
-8.6334	-23.6707
19.4588	-16.1286
2.59923	25.4589
-2.31898	24.0814
-7.96679	24.3486
-16.9504	-17.7393
-24.2577	1.81945
-23.8952	9.38588
23.1603	-9.18364
-15.9729	18.9105
-20.1508	13.3716
-18.194	-16.4302
-4.22131	24.2351
-25.3814	-3.14055
13.7055	20.3756
11.66	21.9081
-24.1875	-9.15647
16.7659	18.5396
9.76636	-24.041
-25.9256	1.13375
-10.0688	23.798
10.9522	-21.6346
20.6402	-13.45
-24.1594	-3.13494
-19.079	-14.9148
-22.5975	-12.4189
-25.2425	3.55909
15.0602	-19.5803
-16.0978	19.8729
-18.6147	-15.269
-6.41684	24.8798
6.28106	25.1736
-23.1238	-8.85036
-23.2576	9.31105
15.1033	18.7085
11.654	22.5509
-24.5975	4.25729
16.5736	18.3565
-4.9327	25.3613
-25.3769	5.43871
19.4886	15.7476
3.1863	25.5906
22.7895	9.35332
24.7774	-6.58886
-11.7371	23.108
-23.0581	-7.56719
11.025	-21.5968
-3.11143	25.6572
9.22366	23.7281
4.84025	24.2774
20.6804	13.0035
-15.0947	20.0526
24.961	3.92603
-23.8041	-9.02787
-21.7429	12.7146
-15.7257	-18.2438
16.9121	17.0395
-5.13857	25.0208
-22.7818	-12.3548
12.0129	-21.513
17.661	18.9291
20.4837	14.0044
-21.2435	11.9096
-20.9242	15.3253
23.3891	-8.57609
-18.2704	-17.4918
-6.56023	24.7597
24.6391	6.02144
-2.37544	24.7553
14.3633	19.5181
24.1457	3.61464
-10.7981	22.2538
-24.8494	0.539796
20.271	-13.4265
-13.0108	22.2233
22.4526	12.6234
13.1126	21.0375
-2.9228	24.624
-9.80393	23.8878
-19.4565	15.2331
24.8738	-1.76099
-18.9578	-15.2451
15.5819	20.472
24.0843	-5.76354
20.3666	-13.3025
15.2624	-18.7999
18.7568	-16.4831
24.0462	8.33961
-19.3187	-14.388
15.2254	18.8217
23.009	9.29597
-18.4085	16.0959
20.8742	13.649
9.34219	23.6458
-22.5176	-12.3414
-21.2179	14.9102
14.6998	20.6302
17.8959	18.2632
17.2551	-16.9417
12.2672	-22.1951
10.647	23.1036
-19.4008	17.2061
-22.9613	8.37427
7.35669	23.1091
15.9539	18.9586
16.0004	18.214
25.0896	-1.98207
-23.1463	-10.0367
10.3895	22.6795
24.528	2.26535
-8.86033	24.4335
-25.2758	5.6066
23.9003	3.06733
-23.8943	-3.96757
-21.6712	-14.1969
-14.144	21.479
24.6791	-6.26145
-22.8448	-8.69037
-6.0971	24.7401
-23.903	-2.52802
-22.5313	-8.45565
13.7585	-19.9282
10.9048	-22.1841
-22.0053	10.7326
-24.6342	0.925153
-20.8024	12.0804
25.0599	3.48494
22.0419	12.2752
10.0039	22.2571
-0.208033	25.4317
19.9227	15.764
-6.42722	24.8272
9.08396	-24.097
-22.3278	-13.2647
-1.23033	24.8235
-0.914335	24.3156
-21.0017	14.7463
23.0206	-11.2629
24.6667	-4.19451
-24.2943	-4.11192
5.20339	24.5679
-14.3078	19.6735
-24.5822	2.50569
-21.2838	11.334
-13.4411	20.476
-16.4888	19.0625
-22.0252	-11.9517
-22.4287	-12.9041
15.8756	-18.3237
-22.8785	-10.6786
-5.39067	24.8911
-13.3452	-21.5024
-19.9336	-14.9456
-21.8515	10.7335
24.3969	3.61693
-25.6808	1.35729
-24.3973	-4.34685
22.2733	-10.8866
12.3671	22.216
16.8655	18.4456
24.4614	4.37681
22.783	-10.4965
24.5638	-3.38228
-25.3205	-1.37514
-7.54979	24.82
-22.0836	13.6306
-23.3559	-8.84072
24.8231	-5.73693
22.2068	-13.3965
-23.537	-8.9884
-17.6175	-16.5082
21.2387	13.4158
-3.62406	23.8232
8.28371	22.7803
-23.8383	-9.39902
-9.9745	-23.8268
19.137	14.9518
23.9187	9.22809
-17.7295	-17.9013
22.379	11.3426
17.2598	17.9854
8.05156	24.6353
19.2269	-16.3961
-24.1206	7.64178
22.6433	11.1722
13.1123	-20.2425
-21.5604	11.8563
20.7717	-15.0486
-23.039	7.26789
5.44809	25.2476
14.6608	-20.3718
-25.1647	-3.27998
-18.6522	17.2226
23.3492	7.88578
21.7069	-13.9828
-22.9892	7.66111
-8.26531	24.5034
-22.7153	10.2299
12.7724	-20.6033
23.788	-3.43254
-20.0748	-16.5046
-24.038	-2.51124
-21.0455	13.0106
17.5538	18.2696
-1.87545	25.6699
19.3913	-16.1878
-19.9083	-16.532
-21.2424	11.9887
9.64954	-23.7879
-16.5012	18.1406
-15.3491	-19.2725
25.6959	1.74091
12.9736	21.3149
22.5111	12.8849
-24.7557	-4.16119
23.9254	1.93596
15.1008	18.755
25.5334	-2.01801
-24.3237	-1.66433
-2.1256	25.5528
24.0379	1.54744
11.4595	-21.7396
21.8309	12.5254
24.4367	7.39724
24.0513	3.25658
-23.7293	-3.88891
-18.0148	17.325
-23.6203	-4.33799
7.42537	23.5454
-24.9981	-3.27974
21.0885	-14.1104
-13.4611	21.9943
-25.2958	5.46417
9.21907	22.4978
-23.986	6.73019
10.1304	23.4363
-25.3983	-3.64415
9.92934	23.2063
-16.6218	-19.8046
-11.7416	22.9717
23.9966	-2.62108
24.0759	-1.46966
18.3369	17.0746
21.201	-13.2027
4.57293	25.3274
19.549	16.5263
-15.8592	-20.4794
10.6661	22.983
18.9792	17.6361
-20.6911	13.8819
-11.13	23.3839
24.8869	2.93515
-24.9662	-1.47378
-18.5717	17.8193
-21.4295	12.1189
-7.57428	22.8221
-4.10113	25.4734
17.2572	-19.0404
-13.9657	-20.1182
22.8042	-9.78326
-25.2127	-3.71578
23.6726	-6.18222
-17.1453	18.6391
-24.2075	6.84094
24.3265	-4.86682
21.0993	15.167
-21.1072	12.908
20.7647	-12.5194
2.57822	24.9898
-10.0492	22.6564
23.0729	-11.7123
25.0551	-0.185011
16.3125	19.3575
19.74	13.8023
24.5364	0.771859
19.6671	13.8333
-22.8145	-8.05456
17.6361	-19.0954
-11.4199	22.5709
-20.7429	15.2469
18.9636	16.5992
25.4073	5.12744
23.6026	7.63317
25.8645	2.44437
-24.5331	-5.15323
16.8069	-19.693
24.5121	3.64215
23.4624	-5.96021
-12.1878	21.0498
12.5596	21.959
-21.9888	-10.8695
-23.6273	5.14187
25.1318	6.60264
-8.70241	23.9995
3.55991	24.4241
-7.7403	23.8847
-4.70408	25.2873
25.5539	-0.0101181
19.3457	-15.3781
-14.7109	-20.7756
22.8233	-7.51353
8.20043	24.0611
-9.18136	-22.5147
-9.39628	-23.0316
16.6825	-19.74
25.0535	6.42204
23.5581	7.0472
24.3239	-4.2549
23.8283	4.98833
16.9498	17.6483
14.3214	-19.5526
-11.8091	22.9163
-16.6215	-17.8896
-18.8754	17.0603
-20.8059	-14.5065
6.21631	25.0547
17.9853	18.006
3.97776	24.3539
16.8479	18.3517
-20.8961	12.6184
-24.1494	3.41702
-25.2257	-0.519876
-11.5083	21.6093
-17.9651	-16.2166
18.0749	-17.2809
15.0597	19.0664
-7.27566	24.9059
-25.685	3.78597
-24.213	2.50996
-24.348	1.59916
15.6301	-18.788
24.7831	-4.78293
-22.9649	-11.1919
-18.1443	-17.1013
23.0128	-8.53215
-22.5949	8.32635
-11.3578	21.7457
14.0535	19.902
-16.7168	17.8503
-18.8686	-17.2841
18.5738	-15.3704
18.8859	17.386
-8.67771	-23.1862
-11.945	21.4494
2.86644	25.7562
-23.5053	-10.8156
-20.429	13.4927
16.4973	20.0534
8.38487	22.8058
24.818	0.940927
-13.1677	21.0427
-24.1172	-9.05216
-8.24247	-22.609
-24.7819	-5.89687
-23.5046	5.89942
-23.9321	-2.62535
-9.09211	23.3787
-0.317046	25.7163
-23.0257	11.6612
14.1909	21.2579
-9.84283	-22.7354
-12.8163	-20.6358
8.36541	-22.645
-23.6564	4.10266
1.46483	24.2757
-25.7283	-3.15431
-24.1261	5.41986
-23.9242	-2.70854
20.4501	13.7591
23.1864	-6.52283
25.6405	0.150686
11.4683	-22.8198
23.7688	-3.3453
-20.3277	15.4424
-9.79519	21.9692
21.497	13.7402
24.3426	-0.0653757
8.02101	22.889
-25.5327	-4.60224
12.2261	-22.4853
6.69948	23.5503
25.668	0.314521
-8.68127	23.221
20.4075	-13.1018
-16.6905	17.9867
-1.95441	23.9519
-23.7743	3.82148
23.6035	9.19939
-11.5687	-22.1759
-13.715	-21.3453
-10.8769	-21.5969
24.5208	-0.430515
-21.8028	12.7789
-23.3527	-6.67231
3.20597	25.5172
25.29	-4.95876
-17.5773	-18.9198
-22.6069	11.5369
11.4057	21.129
-15.8675	18.1501
21.4355	12.1979
-8.8577	-23.8608
-7.97066	23.3759
-15.9749	19.4985
12.1306	-22.2048
-8.54284	24.4829
-22.2466	-9.65224
-24.6709	-2.91839
-24.0472	0.597537
-19.6118	-15.1004
-10.232	23.5953
-24.9272	5.40711
-10.1476	21.9413
1.81451	24.0107
2.95074	24.2236
24.0984	8.48968
-4.26184	24.7869
7.45436	24.2454
-20.3735	-12.7544
13.878	-21.4491
-13.7879	21.611
15.5913	18.8053
20.8483	12.0044
4.19924	25.0094
21.1671	13.0857
21.1498	-12.7789
7.41707	24.1977
4.89283	25.0111
-11.885	-22.1518
-19.3968	-14.1787
-24.8243	2.21695
17.93	-16.4622
23.4102	6.5698
15.3622	-19.6431
21.5111	-10.8183
-24.6766	-2.65279
18.8111	16.0172
-22.8358	7.62803
20.6624	12.7906
20.6087	-12.7492
-24.1639	-8.06093
-14.284	19.8975
20.9897	-12.5169
22.3407	13.1389
12.1546	-22.6216
-21.5405	-10.6155
20.384	13.6103
0.696983	24.2112
25.1378	5.98746
8.8304	-22.4244
-21.3625	14.1264
8.38261	24.1206
23.8651	3.11578
24.5003	-7.31185
8.21357	23.5978
-24.7844	4.93771
5.62462	23.3678
-11.0558	21.6036
21.4349	-11.9178
-11.2872	-21.9932
13.7253	19.8411
-20.5172	-15.1838
-25.2132	1.52674
-20.1028	-16.3108
5.59291	23.4046
24.3225	7.65023
10.5501	22.0358
-18.2521	16.2231
-12.3031	21.6691
24.8133	-4.8892
-20.5499	-14.7391
-15.4404	18.6384
-10.8203	23.6369
-24.241	-4.22837
18.228	17.6153
-8.43273	23.3312
9.97628	-22.253
-16.907	17.5876
18.9334	-17.6468
14.8366	20.965
-20.2763	15.914
-20.552	-13.8204
-25.1288	-2.57287
-15.8669	-20.1403
-24.2696	-1.42268
-20.4156	14.839
10.6282	22.9278
-11.2592	21.6548
24.21	6.20629
-9.54012	22.196
-23.5777	6.09796
20.9071	-12.5349
-5.67283	23.568
-9.52914	24.1184
-23.6582	7.37116
18.8746	15.5713
-22.5857	-11.3217
25.421	-4.27031
-23.3199	-7.80763
-11.5058	-22.4823
13.8677	21.4023
23.2687	8.15636
-15.4139	-19.45
-13.7786	-21.2887
15.9047	-18.0224
21.4802	-12.0315
12.1774	-21.2143
7.04068	23.0891
-7.83098	22.9209
-23.5411	5.57439
13.0414	-22.3955
16.5777	19.0752
-22.3184	13.2669
-25.3138	-5.78115
20.9137	-13.9643
-18.1227	17.3065
11.7103	21.0345
-0.295827	24.4322
-25.4198	-2.35334
-17.519	-17.6963
14.436	20.1613
-1.43739	24.9614
23.8445	-4.85229
23.7989	7.72056
-20.9299	-15.1626
11.7913	23.0973
16.5465	19.1103
-24.5344	3.72529
-9.26938	22.3273
-11.3212	22.3361
-13.0627	21.3006
-22.6349	9.97365
-13.9626	19.6556
17.0179	19.4306
20.4956	14.8471
21.7297	-11.2194
-12.4594	-20.7492
24.576	6.99222
25.099	6.06478
20.9478	13.7672
-24.7787	-1.46965
-24.4382	4.27264
-24.9316	-6.06017
-20.9966	14.6543
16.7935	18.8499
9.83902	-22.2908
3.20069	24.1469
-24.6673	-1.54596
-14.4018	20.9486
-8.16234	22.5725
18.9167	-15.538
24.7599	4.25909
-15.722	18.2153
-21.481	12.0381
-16.0587	-18.0611
0.121183	25.34
20.8059	-13.0179
-11.9811	-21.4358
14.2749	-19.3625
24.2212	1.19093
-16.7778	-17.9921
-17.4317	-17.3262
16.4567	-19.5905
23.9735	-2.66688
-5.47078	25.0395
22.5195	-12.6732
23.9707	-4.23434
-24.0873	-0.177835
8.48898	22.6386
-17.7657	17.4612
25.1172	-1.48539
22.1666	11.043
-15.1141	-19.1039
11.8001	23.0052
13.4815	-21.9888
15.4414	20.824
16.4299	17.9181
21.6003	-11.3022
-19.2185	-16.4621
-13.6397	20.2461
17.3568	-16.8185
25.0084	-5.91861
4.14914	25.6612
-23.2269	-7.53375
12.698	-21.2965
25.0387	-2.82396
24.5135	2.97157
-9.62642	22.7778
23.9985	1.05606
-19.9824	14.2534
3.80518	25.6393
16.494	18.6823
3.1243	25.05
-0.312666	24.5185
4.93649	25.228
-12.4635	21.2028
-14.0612	20.9868
-17.8557	16.2076
-4.37647	24.3231
-12.3001	-21.2389
10.4236	23.576
-19.6791	14.3248
-23.4687	-8.78363
-16.4551	19.5047
-16.4114	-19.3635
-24.7272	-3.38081
18.2747	-17.7737
15.7047	19.7497
23.7555	-9.04014
12.0783	-22.259
-1.67596	25.0868
-17.5041	-19.2163
9.74414	-22.0444
8.36288	22.7958
23.9839	-7.21048
13.4156	-22.2566
15.7792	18.9145
17.9299	-17.2894
-22.7742	11.0101
-23.4582	-8.91646
-8.57884	23.917
11.8276	22.9285
-4.70678	25.2805
-25.2342	-2.56883
-24.057	8.52008
-12.5498	22.303
-19.1568	-16.0235
4.08876	23.7059
9.22314	23.1228
18.8602	17.0066
8.65178	22.5208
24.2032	-1.86362
-25.216	-3.46988
8.61026	24.1258
-17.0736	17.408
-11.0908	22.3663
25.0584	5.97571
-21.848	-13.6481
-24.6557	-6.95892
3.25075	24.0236
-23.4631	-10.9425
-21.1217	13.9264
23.2158	-7.07892
-24.9384	-4.25286
-21.2084	11.2671
18.038	-18.7009
19.3526	-14.4641
9.32211	22.284
9.91322	22.1546
-3.39514	23.8741
16.4879	17.9776
17.9315	-17.1702
-23.3662	-9.7278
25.7379	2.73233
23.8547	3.7283
-24.4518	3.97778
-24.0921	0.611352
-21.4781	-14.1937
-23.51	7.20556
25.7175	0.0386915
-20.7546	14.0338
14.3989	-19.5232
25.4757	-1.28839
23.7598	-10.4338
18.6849	17.6001
22.9441	-12.2095
-18.0852	16.1429
24.6147	-4.20908
-7.17982	23.1178
-18.7084	16.2404
-14.6753	-20.5767
-22.1764	-11.0819
17.3695	-18.5163
-24.146	7.73725
-22.2459	-10.0557
21.2058	12.5811
-24.0854	0.758804
19.9554	-13.5885
-8.56102	-23.2626
-13.2387	-20.2046
-7.43468	23.2395
18.267	-15.6423
18.2923	-17.4326
-0.884957	24.6222
25.1713	2.07551
-13.1472	20.3986
21.7716	13.794
23.1379	7.65109
-24.0524	-1.01252
19.183	16.5878
-16.1145	19.9
-24.1766	-7.07735
22.849	10.6905
24.6717	-6.99116
-11.1919	-23.1208
21.6167	-14.1484
22.018	12.0689
-17.7211	-18.5287
-17.6083	-17.2019
-22.5418	9.78807
-15.9239	-19.265
15.7071	18.6653
15.0943	20.5615
18.1529	-17.9466
-22.7222	-12.1014
23.2022	11.1279
20.2193	15.1145
-12.0637	-21.5978
20.4004	-15.6653
25.1317	-2.71964
24.04	0.316439
10.2635	-23.4422
-12.8281	-20.3195
22.4638	11.9445
22.2386	13.3893
-20.7062	12.9681
-24.535	2.61203
-12.0488	21.7739
4.38157	24.5251
-6.90186	24.5703
-24.5084	2.27248
23.5171	-4.95729
23.4833	11.0436
-5.94632	24.2456
-24.7448	3.79796
-6.4988	24.1703
-21.5205	12.3624
-14.6824	19.4181
-3.76414	23.7996
7.57214	22.9841
23.2244	9.2179
20.3843	-13.1446
0.874015	25.2723
19.0067	-15.6349
22.9761	-7.83564
16.5343	17.9815
-22.1392	-10.4882
23.7225	8.15911
-22.818	-10.6201
-23.6314	8.2245
-12.6328	22.5728
-13.4963	-20.9986
11.5794	22.8428
-10.5495	23.3168
23.929	-5.67106
24.8674	-3.78654
23.9619	7.06093
24.5	-6.65598
3.06935	24.7487
3.53632	24.6188
17.2982	18.5948
-2.12605	24.7713
