9.77433	-5.34114
6.81634	2.14387
12.6887	2.8319
11.3833	1.36126
10.8213	-5.12819
10.4251	-4.06372
6.15879	1.69049
8.35422	1.52452
7.62496	-0.34379
11.3109	2.30062
11.6465	2.25582
10.5478	-6.8716
11.3483	4.05775
10.2469	-1.33535
13.4039	-1.95984
5.52744	0.302994
10.3059	-0.0345275
10.129	-0.593349
7.17046	4.17033
10.1666	-2.74922
14.6865	-2.39985
7.94464	-6.08585
7.35413	-4.85995
6.26401	4.58126
11.3981	-1.28486
8.32234	3.02136
5.00021	-3.37901
12.2133	-2.35653
11.6451	-0.948635
8.01342	0.473264
9.23467	-3.73612
7.10169	-6.57931
7.89127	1.79984
7.62502	-2.7152
1.06737	1.87122
13.0297	1.563
10.8908	3.48423
11.7705	3.10933
8.70685	-3.80758
13.5377	0.215365
13.8981	5.36088
4.98858	3.12802
4.41292	-0.807861
9.48158	-0.606684
12.2195	3.19699
10.4999	-1.1989
11.1417	2.32481
11.9233	-0.51384
8.6985	2.37966
16.765	-2.6311
11.6169	-3.42953
7.79626	0.161031
14.9848	1.88103
12.9689	4.28193
17.6006	0.07817
11.5262	-1.44073
11.301	-3.02159
9.37523	-0.341237
8.48516	6.12565
9.97613	-1.59458
11.4432	5.07053
14.2069	1.41608
8.27564	-0.837416
11.111	0.716557
9.16512	-5.45512
15.1703	-5.25834
7.39829	-3.51746
14.8833	-1.32789
7.40618	0.599667
14.6301	-2.16165
2.70309	-1.10243
11.2157	1.72011
13.1346	-0.556975
11.925	-1.78593
13.0912	-0.820545
10.5419	1.08495
9.65853	-6.16683
13.4828	4.34268
6.21271	1.10512
13.2081	-0.175388
10.8363	2.34154
3.36315	-1.65523
8.67255	-0.362844
9.16145	1.13901
7.21037	-0.665886
7.31634	4.1876
16.8898	-0.209771
9.95798	0.458658
11.658	4.20538
4.7302	3.2344
3.60071	-4.20741
13.4789	0.0604824
6.94846	-0.516826
6.4498	-1.1717
14.1856	1.54293
6.77045	-2.68928
8.73934	3.85603
3.45699	3.84328
10.99	-2.04623
9.31341	-1.56394
15.5305	3.23606
8.65747	-1.81212
10.8747	-2.12734
13.0108	-0.771052
10.8807	1.60764
6.29917	-3.70161
7.35388	-0.947861
4.83368	8.89463
10.785	1.47143
8.53999	3.10369
10.0282	0.529757
8.30176	-2.18763
10.209	2.31943
7.08562	3.42769
11.4347	1.47894
13.0041	-2.84175
11.9925	0.638285
14.2682	1.8557
4.29753	1.4733
9.18432	-1.03996
6.13688	-1.6909
11.1828	8.25443
12.6417	1.35609
8.65707	-0.452526
7.99537	0.0570728
13.6495	-0.252513
11.4002	-5.16317
8.51407	2.48282
11.2832	5.66751
13.3893	-5.74118
11.4949	1.33465
5.63047	-6.35896
5.65708	3.18389
10.579	0.899905
11.6295	1.60295
4.58876	-1.50079
4.74785	-0.201637
8.27287	-1.24854
15.1268	-0.483316
11.6119	0.1639
6.27264	2.06212
11.3908	2.24871
7.56785	0.240598
5.66332	1.19403
7.22548	-3.28166
10.9575	0.918222
14.962	3.13674
2.86298	-1.4497
10.4079	4.68996
12.8933	-3.25916
9.73301	4.11429
5.44997	0.108433
9.93362	2.71403
13.5233	2.86412
8.68949	7.06265
7.00398	1.49259
9.70801	-2.27237
9.30795	0.288022
7.44154	7.56184
12.924	-2.30792
12.0723	-3.48241
14.9794	0.267607
5.21372	-2.40788
9.22023	-1.75916
10.7722	-0.95528
12.8449	-5.14183
15.5822	3.63826
14.3075	4.64578
8.9107	-2.34396
14.4726	-1.55539
13.0142	-0.554898
10.9659	1.85607
6.70229	-2.47684
6.53343	-6.65464
7.55191	-4.53644
11.3094	-0.258256
8.36778	-1.66177
9.64355	-2.1038
16.4775	2.43088
11.5675	2.60385
11.7493	3.08866
11.6778	3.78063
11.8046	-3.37211
10.583	-1.18761
12.588	0.0688791
11.7495	-2.54101
12.8895	3.38436
10.5644	-3.16579
7.69895	-3.43337
8.56253	1.8303
10.5874	1.23052
7.66449	0.342146
5.37906	5.74222
11.0954	-0.42569
6.72421	-7.53595
7.15097	5.25445
9.95645	-3.47769
9.55922	-1.83849
15.3001	-4.24889
7.86293	3.68627
8.46068	1.67185
15.3134	2.86487
13.5126	0.260756
8.22445	-1.37579
8.94373	-2.4821
12.6475	3.42011
6.1268	-3.24819
8.75263	6.89766
5.86849	1.9439
10.07	-1.7389
9.50911	-3.3874
14.7399	0.457595
9.54295	1.47826
6.48546	1.52318
11.2669	-2.81291
7.59633	-0.976939
3.06635	-4.16226
13.2734	0.662903
8.42017	-9.3216
9.44987	1.72906
9.49538	-1.28469
9.60202	7.54227
10.2203	-1.67908
11.2767	-3.36458
9.21623	1.8207
12.7827	2.01792
7.69088	-2.46703
12.1357	-3.48884
8.60705	-4.38468
6.19027	-0.752939
9.97679	5.60196
11.297	-1.2936
7.93248	-6.05373
16.4277	6.52199
8.12521	0.801239
8.97244	-1.3279
7.01475	-2.20492
8.24181	-2.97652
14.5936	2.4598
10.2631	3.87911
10.1419	1.70991
11.3057	1.82293
8.57749	0.827292
8.94555	-2.08319
10.3141	3.08112
8.97277	0.334103
8.93142	2.54146
9.92809	0.795843
17.3901	-0.83628
8.89665	-4.47975
12.7031	5.77045
7.65641	0.880368
7.94295	-3.06589
4.59658	0.734569
10.6285	-3.67225
12.2231	2.66247
4.40378	-0.726259
11.6608	-2.52528
10.6205	0.750099
2.80452	0.409095
10.3306	2.90793
11.0531	-0.817325
10.9038	1.32355
11.6992	-0.28233
11.3362	-0.858202
7.72392	2.52178
10.2843	0.84513
10.98	3.94226
10.7371	-2.03294
10.2539	0.143977
14.2134	1.50106
9.88442	-4.60886
5.50931	-1.96075
14.4449	-0.84499
7.66904	0.193673
8.98305	-5.64611
7.45835	1.41909
7.30258	-2.98681
10.4168	-1.11316
6.03753	-2.27837
7.42312	2.74198
11.221	3.1085
5.90871	-2.62397
7.37547	0.134621
11.9143	-1.76432
16.4973	1.21954
6.63796	3.92486
7.46396	-4.9411
7.29453	1.20286
9.85725	-8.06329
12.1644	-5.13396
10.7879	-4.74418
10.4322	-3.11422
10.7858	-5.43376
11.9227	-2.83173
10.9536	-1.13713
12.9379	2.23685
10.0586	1.38369
11.7472	2.33929
11.8441	-1.47316
16.126	-1.90976
13.3127	2.66653
10.7851	-1.28274
10.1477	0.231517
6.40672	3.85388
13.0319	0.0218479
9.93067	-0.100197
8.89543	4.56235
7.26919	-0.396743
12.9353	2.45314
7.97123	-7.29561
9.83439	3.77367
5.53175	0.204661
10.1798	1.97829
11.3943	0.299823
11.3619	-4.4857
10.7115	1.14814
13.3379	-0.827867
9.40837	0.627287
12.6985	1.57609
2.25462	-3.2216
13.3352	2.42552
8.51554	-2.14502
10.3241	-0.630277
11.2534	-6.87542
2.61193	-0.763125
8.53709	-2.36543
11.1475	3.03464
12.5611	3.42828
10.4294	-1.36872
15.3204	-5.59185
6.10742	1.44081
14.1268	-1.65941
8.99494	0.326484
14.441	2.16983
12.7569	3.0059
12.3474	0.0642117
7.43359	4.07912
9.31919	1.87559
10.723	4.10466
11.8397	0.434312
6.8909	2.91647
8.48098	-2.82925
9.69059	-2.9848
9.52098	1.05412
7.30781	1.25942
13.8109	-6.55945
9.92744	0.606516
14.8845	1.13956
10.874	-6.95777
7.8476	-1.02713
10.4172	1.19193
7.74706	-2.2984
6.74358	-1.58245
10.1669	0.27451
10.9695	-1.4648
9.21181	-3.27063
6.46092	2.90427
11.6313	0.14673
9.90281	-3.76973
11.3004	3.11898
11.4261	2.81983
11.0911	-2.39683
11.3571	1.38259
13.7557	0.156248
12.9479	-3.30933
12.1398	3.2671
9.30765	2.9564
8.28551	1.2069
10.0203	0.926222
6.37696	3.40885
6.33266	0.352328
12.3185	1.29466
7.86175	-2.78127
14.1399	4.58017
8.65721	-0.0233043
11.4788	-0.430365
11.3241	1.62743
6.33916	-0.632498
6.58621	1.90915
9.69438	2.73811
4.94125	1.12619
11.7065	1.04822
8.55064	4.99575
11.0973	-0.211027
4.77408	-4.40612
9.95764	-2.91334
6.99228	1.97779
10.5293	-4.59176
9.06598	1.89351
9.2002	-4.93642
11.1906	4.29173
11.2477	-3.98193
7.55264	3.36914
9.7713	0.414725
9.95004	-2.97988
9.63241	-2.8479
9.9703	0.755276
9.16131	0.881319
13.0797	1.5433
13.7487	-2.73078
12.2219	-1.93017
9.00135	-0.402904
11.9301	-0.415681
11.6972	-2.20338
14.4576	3.82109
10.7958	4.27384
7.96051	-1.40704
6.4537	-0.360321
7.38191	-0.37379
13.3612	4.4183
12.645	1.73357
8.96049	0.798161
9.13042	-9.36005
8.27125	-0.372585
11.4603	-1.781
9.94402	3.3784
8.23818	0.5057
9.77734	-0.540068
6.96892	-2.26304
7.11033	3.36751
9.6782	0.945568
7.53893	3.69089
10.5614	0.0926831
8.69622	-3.11529
13.228	0.36283
9.92997	3.17404
5.38822	1.17253
7.87643	-1.38712
10.5771	3.87841
11.1172	2.3321
13.0049	0.505558
8.32128	-0.625889
9.66202	2.45621
16.7285	-3.63519
5.05419	6.46046
11.1001	1.39783
6.82265	-2.62067
7.64442	5.3581
10.915	1.96088
13.7841	-5.28132
12.1258	-3.15191
7.15796	-1.87053
12.6869	6.09918
14.3594	1.22386
13.1378	5.21312
7.92138	-0.487758
10.8246	-2.21907
10.9688	-7.92667
5.52405	1.61795
15.2132	3.28304
3.58878	-1.97439
13.9315	-0.859027
12.4213	2.40218
10.0753	2.86311
9.54644	4.24289
15.5076	-2.53507
10.4235	-3.02255
7.11885	0.473843
13.166	0.258644
10.8221	3.72554
8.43385	0.544675
3.54653	-1.32686
8.98866	-2.04985
11.002	0.941328
8.39378	0.961493
7.48642	-1.16671
7.72389	2.83028
13.0711	3.62948
5.09351	-4.33168
9.84425	-1.54578
8.74608	1.96578
9.84046	-2.84931
7.91457	2.24771
7.57043	-1.55038
12.3802	5.86166
3.95081	-1.70292
6.83657	-1.31426
10.359	3.08831
9.23357	3.79944
8.91914	-4.62858
13.1144	2.82166
7.88256	-0.198979
9.09968	-3.92247
9.47959	0.597027
17.2457	-3.31808
12.0023	1.93545
4.24379	-3.88704
13.7373	-1.50536
9.6773	4.0352
10.9578	-2.13144
8.14869	-2.70023
6.29706	-0.427027
14.0067	2.93899
15.4466	-0.102376
13.0545	-4.9526
7.22424	0.70236
11.6248	-2.25012
10.6397	2.55676
10.3294	3.02871
-9.99939	-1.57041
-11.6956	8.84247
-8.76683	6.69162
-12.9195	-1.32362
-13.8645	1.54716
-6.21062	1.14991
-14.633	1.2785
-12.362	3.35353
-1.74769	4.11389
-6.87838	-0.351645
-9.10751	-1.93019
-10.7376	-3.38596
-10.0155	-1.69442
-11.6872	-1.02436
-11.8727	-7.93484
-11.8024	3.83067
-13.3113	0.668871
-9.11474	-1.66237
-10.0954	3.27563
-14.0231	1.41486
-14.6863	-0.812387
-9.01354	-4.6298
-7.95754	-0.967874
-9.93909	-3.7313
-5.54578	0.0593706
-14.1302	-2.76575
-16.1469	0.70509
-4.01468	4.19826
-12.6238	3.19983
-8.34022	0.819287
-10.1674	5.05076
-6.92363	2.90434
-8.63818	3.20199
-14.1247	-5.0864
-8.6491	-1.35339
-14.8047	3.09221
-6.88596	-3.44134
-10.107	2.75391
-4.48387	2.3501
-7.97979	-2.82653
-13.3635	4.69573
-15.4963	1.92392
-12.6699	0.780503
-9.06902	1.55104
-7.36133	2.53874
-11.2096	4.89997
-14.3104	3.44296
-10.3632	-0.623081
-12.3982	-1.91929
-9.26604	7.60604
-8.0836	2.36113
-12.8037	-4.80344
-12.9794	0.055864
-13.7071	0.0896042
-15.4382	0.193561
-4.04073	1.43921
-12.0097	0.0334021
-10.2683	4.42441
-13.641	-1.57053
-10.5197	-1.4862
-7.80494	0.932237
-8.86033	-4.03965
-15.5629	6.80699
-11.9034	4.07037
-11.9725	-1.13414
-15.494	-1.42701
-11.799	1.26285
-7.95951	3.33058
-9.08622	1.57479
-10.142	3.86437
-14.1919	3.09431
-11.7258	2.31695
-10.2882	2.82805
-7.99969	2.57481
-8.66866	2.66138
-8.70375	-5.0631
-11.5227	-1.87664
-9.56945	3.09526
-9.4082	3.1561
-9.25948	-2.62772
-15.4855	1.4748
-12.2499	-1.2573
-12.244	-0.914273
-7.2531	4.11142
-13.6635	2.19775
-9.64104	1.92671
-11.4298	4.22497
-8.6252	-2.26106
-8.52786	-2.70562
-14.9757	-1.35717
-11.9978	0.256827
-9.27179	-1.00986
-11.039	-3.71695
-14.5066	-3.15007
-6.54357	2.86586
-11.2639	-1.22518
-8.39737	-5.19138
-11.1781	-4.63987
-8.79011	-0.427786
-8.26874	-4.85707
-5.58748	0.00356251
-8.64476	-0.124703
-11.0612	-1.5726
-8.8443	0.520176
-14.1452	-1.87826
-8.93264	-2.36312
-12.1963	-1.79312
-6.74493	2.497
-12.9134	-0.116008
-4.93252	1.48586
-7.80555	-6.29769
-8.95389	5.16521
-8.87931	2.04688
-7.19386	2.49533
-12.4075	2.52495
-11.7798	2.2862
-5.78845	3.15746
-7.89371	-4.25992
-10.4143	0.742937
-9.31795	-2.10206
-13.942	7.1774
-11.1147	-1.35373
-13.6335	-1.43228
-9.27578	3.53022
-11.7525	2.45041
-7.49162	0.868823
-9.88316	1.91503
-12.562	-3.52133
-5.48849	-8.86121
-11.031	0.0708858
-6.63205	-3.71098
-5.85696	3.46849
-14.1108	-2.26408
-8.02409	3.91252
-10.6277	-0.618837
-15.4194	1.56271
-11.385	0.462907
-13.733	-2.8902
-9.46899	-0.456882
-8.6948	7.64493
-3.70085	4.52595
-15.6254	-0.82088
-11.6427	7.75909
-7.59038	-0.707875
-3.06389	0.998093
-8.04599	2.77408
-12.5011	0.415893
-14.2838	-4.42577
-13.3307	-4.34588
-7.69492	-5.99037
-11.8283	1.38151
-8.46033	3.51979
-12.3484	1.57455
-13.296	0.395564
-10.6485	-1.45974
-11.8547	-3.35763
-13.0771	2.18643
-8.44086	-0.606668
-11.0162	0.778308
-9.02512	3.79336
-11.8948	6.00047
-14.3537	-2.13736
-11.2386	2.02016
-6.3217	2.12914
-5.95166	2.91418
-6.62037	-1.72036
-4.58527	-2.57288
-14.2718	0.684372
-14.1758	1.64211
-9.07401	-3.93266
-9.43921	-0.385356
-11.4073	1.62234
-12.1636	0.415893
-12.9955	-1.03246
-11.6262	-0.546489
-9.40336	0.706289
-9.65878	1.18923
-9.78931	3.8448
-14.1528	4.72697
-13.4746	-1.83238
-11.6381	3.24567
-13.0262	-3.19925
-4.38533	-0.940248
-6.91745	1.36779
-6.10932	0.0139902
-7.17786	2.39235
-10.8084	-2.18058
-15.651	1.54575
-11.1743	-2.43642
-17.0824	-2.64366
-9.63152	2.3573
-13.6001	1.18304
-11.7151	5.07863
-7.97569	-3.1091
-10.9962	6.09349
-10.6107	7.99126
-6.6486	-1.78171
-8.9227	-1.26892
-13.1299	-0.851915
-9.78751	-3.69135
-13.0226	3.52091
-14.9438	-0.053871
-10.6163	-2.25756
-10.6252	9.04003
-9.29214	-0.803132
-13.3025	6.06053
-13.3238	0.516099
-9.02428	-5.98657
-12.6182	2.48659
-14.3298	2.10788
-8.88236	-5.82019
-6.33638	0.554436
-5.09253	-0.943461
-13.0953	-3.1636
-10.855	-1.63742
-9.59669	-1.9364
-9.2122	2.93253
-11.2074	-2.26018
-12.1558	2.46769
-8.292	4.80648
-17.1749	-4.24254
-12.5405	-3.72525
-9.11009	3.48484
-5.94884	-1.64757
-9.70781	0.844407
-11.9541	-2.74594
-8.84213	1.15157
-13.7898	-1.13373
-11.2491	1.96307
-8.644	1.77367
-9.42426	-5.89417
-13.1565	-5.24562
-7.26854	4.2258
-11.1128	2.15575
-9.6347	0.557319
-9.83391	-1.10104
-8.31667	-0.436595
-10.9165	-1.56715
-6.76731	1.31588
-11.5963	4.04119
-8.42145	-2.51392
-12.9478	-4.33081
-10.6972	-0.320987
-12.2274	2.45634
-4.68868	1.15773
-11.6918	1.76884
-9.74862	-1.02725
-16.4816	-3.33566
-7.31086	2.71672
-11.4434	-4.06322
-14.7388	-2.1542
-5.49829	-2.07848
-8.45253	4.00577
-11.3446	-2.19194
-6.2292	-1.83187
-8.70478	1.48257
-13.4015	5.41708
-11.6203	1.1055
-13.8134	-1.34317
-8.18578	2.66867
-13.1041	-0.643604
-9.68962	-3.63827
-12.5206	1.87144
-11.0418	-7.29282
-7.09429	4.34916
-11.8819	-2.63432
-16.7779	4.00298
-9.99794	-2.29572
-12.7525	0.172123
-7.68531	-1.47053
-10.0851	-0.253673
-9.68126	0.440684
-8.20594	0.770528
-9.55926	-2.03253
-13.1501	-5.70335
-11.4719	-5.03124
-11.9217	-3.71918
-12.627	-4.77123
-12.6235	2.32589
-8.52932	-2.9894
-11.6431	3.65205
-7.33361	0.312797
-11.1799	3.70292
-7.83852	2.25883
-7.60758	-0.6271
-6.7068	-1.98776
-8.98779	-0.464552
-10.1616	-3.71335
-16.4808	-0.726486
-11.5849	-0.111978
-10.8418	-2.64143
-4.29142	3.08082
-11.7125	6.18903
-12.4836	0.627844
-7.85295	-1.30496
-11.5874	0.718289
-10.7296	2.53816
-10.2333	-0.809346
-8.00783	-1.95602
-10.1476	2.83162
-10.9222	-2.06195
-4.8799	0.744689
-13.0226	0.317733
-4.1605	-4.96846
-4.78606	4.45741
-9.02038	1.45997
-11.3248	-2.36933
-5.45989	-0.44735
-8.25257	0.041076
-12.2014	-1.14194
-8.71789	-2.72551
-12.7763	1.77344
-5.0069	-0.24255
-11.6037	0.977101
-10.2628	-2.68888
-8.46479	6.25853
-7.4017	-0.855057
-12.7559	-1.00394
-10.3024	0.520933
-12.0833	1.99654
-15.5618	-3.3731
-4.96065	2.41861
-9.15578	-1.54931
-7.56985	1.71559
-14.2967	-4.97504
-14.04	-2.14241
-8.16771	-1.33667
-10.6558	-0.773618
-14.1531	-0.28437
-12.4209	-1.36277
-13.3617	-3.25716
-16.4075	-0.999302
-6.9905	-0.660746
-3.70839	-1.44994
-16.7837	3.94777
-14.0681	-2.93562
-5.68244	-4.84064
-10.1012	-0.116452
-8.27976	-4.93579
-12.1651	-0.224343
-10.6889	-2.65733
-9.73974	2.03526
-11.1661	1.778
-6.20796	-1.58236
-2.81256	-1.02829
-9.70625	4.61188
-8.10891	0.77478
-10.9155	-4.01238
-10.9157	0.93573
-10.1531	2.0777
-6.35692	6.37021
-5.767	3.93627
-11.7508	-1.26196
-9.40148	-1.4695
-12.2013	3.4491
-2.74138	-2.30033
-10.8649	-5.74325
-10.1539	0.986288
-12.6211	0.859326
-6.71031	-2.39952
-13.5068	-3.11626
-11.8234	-2.80572
-7.96103	-0.773282
-8.60924	-5.58006
-9.99684	-3.88817
-9.18691	-2.45158
-10.5471	1.03192
-8.6371	2.7179
-10.5557	-0.962634
-15.0297	-0.0515645
-14.4867	3.77619
-9.46936	2.36906
-1.21746	-0.320908
-4.46941	6.48621
-4.29071	6.30441
-9.93334	3.38169
-7.16104	-2.89434
-8.25398	0.258225
-8.77906	1.21234
-10.4836	-0.12697
-11.1116	2.54901
-6.00867	-2.59299
-8.03081	-3.14587
-4.94166	3.68754
-11.9647	2.88374
-11.8361	-1.35088
-9.39967	2.32553
-9.21266	0.944304
-8.82686	5.23379
-8.5061	0.333869
-14.1006	-0.725337
-8.98323	2.20883
-8.3026	-4.29995
-5.30798	0.962329
-10.8858	-2.08077
-1.82644	1.46311
-6.97515	1.93606
-14.9144	3.44969
-10.4742	-4.3242
-5.60097	-2.60295
-7.68526	-4.14397
-11.2857	2.04829
-12.2271	1.44081
-9.11375	0.570082
-3.1168	-0.0627553
-6.37753	0.5257
-6.58907	0.885556
-10.572	-4.42445
-10.162	0.209315
-8.23826	-1.4377
-6.86882	1.14943
-6.01378	-0.417766
-9.62534	-3.56064
-11.8107	2.55565
-10.5847	-1.94934
-6.76611	-0.324425
-12.6801	-2.82764
-6.31527	-2.43489
-6.48726	-6.90366
-2.93719	-2.51361
-10.9557	3.77145
-12.0066	-1.73515
-12.9931	-1.32443
-11.7965	-3.31774
-9.27917	-2.7589
-10.1879	2.11846
-8.88589	0.595222
-8.66591	-5.3025
-13.8393	3.32908
-10.2747	-0.464235
-11.8879	0.717783
-12.2146	-5.96702
-12.7854	1.50573
-12.8682	4.23735
-7.12801	-5.08059
-11.4184	-3.41268
-13.3128	-0.318903
-12.9433	1.16596
-13.0045	0.41313
-8.3592	2.87672
-13.4194	1.84115
-9.75687	-2.67451
-8.24467	0.473244
-15.5197	-1.03687
-10.5465	2.08977
-5.4899	3.35853
-11.3663	0.88334
-13.4892	-0.989623
-11.4666	-3.25829
-2.80468	-0.360256
-10.2001	-2.08929
-15.8812	-1.70849
-9.09638	-0.475689
-7.80504	1.88799
-8.42726	3.90866
-16.229	-1.66276
-6.1528	-0.299254
-7.57853	3.00921
-12.6664	-1.43259
-14.8579	2.25884
-9.9775	0.507142
-10.2482	0.208777
-7.03801	1.8089
-7.11979	-2.54836
-14.0968	-4.54836
-4.69108	1.05885
-14.6332	3.4801
-10.7517	-2.20982
-7.46421	-2.5133
-14.3585	3.22634
-18.257	-4.34282
-6.34236	0.601151
-8.25689	-0.365412
-14.7256	4.10272
-7.6179	-1.73892
-5.75294	8.35362
-15.3905	-1.3063
-10.3809	-3.21561
-3.78431	3.71557
-14.7851	0.996959
-9.70427	-3.62024
-7.15807	-1.88013
-4.8816	-2.98432
-9.32262	-2.41955
-7.2862	1.39889
-10.0183	6.63504
-12.6617	-1.61064
-9.886	-2.67601
-12.798	-1.59511
-10.6056	1.12435
-7.5637	0.047599
-11.1684	-2.02373
-10.6705	2.72116
-7.38228	-0.467643
-10.0879	4.52032
-10.8255	0.280032
-8.0814	0.523645
-8.68563	-3.84004
-11.0838	-2.54807
-8.06578	-2.43776
-13.6322	-21.7396
23.9554	5.41134
21.1589	13.2491
24.8916	5.43537
22.4989	-10.8617
24.4931	3.30684
22.6135	11.0133
-24.0415	9.05789
9.01196	-22.5734
10.5949	21.743
24.0373	6.9772
-12.7227	20.3521
24.3126	-5.56921
2.23549	24.9363
13.453	21.393
-24.0742	6.71793
-11.091	-21.7965
16.2226	-20.2482
9.87668	23.7195
-24.4187	2.00648
13.1349	-21.2619
-20.9389	-13.8225
-16.3375	19.8947
-23.5448	-9.34575
-19.7917	13.9737
-4.19409	24.7147
20.0336	16.1683
-24.7915	5.71734
-13.5587	-22.0003
9.77137	23.611
9.17577	23.2834
-24.6458	0.772015
19.6169	-15.3972
17.9567	16.6508
-3.7326	23.8309
-5.03479	24.4709
-11.5145	21.5219
17.0896	-18.5889
-24.0226	5.27527
-0.381067	25.4622
12.1401	-21.7872
22.6628	-8.24405
8.73348	-23.424
-21.5335	-12.4508
25.6955	-0.620303
12.6997	22.5553
9.9719	22.7486
22.8311	11.7908
-22.369	12.4031
9.68076	23.1512
-13.1744	21.2131
24.4452	1.333
-19.9718	14.8361
-23.1703	-7.31121
22.9911	-8.88057
21.1128	12.0173
-23.1863	-7.42513
12.9597	-20.5334
-22.2516	-13.3461
-23.9601	-8.49612
-12.1361	21.2312
-21.6426	13.3561
21.7664	-10.6751
-17.4918	-17.6143
-9.14965	24.1192
-20.0078	-14.5512
24.6308	6.53705
23.3902	-7.79684
-19.7925	15.4891
23.7983	-5.00143
22.9239	11.4801
-17.5081	16.8509
-25.5211	3.41533
-12.0611	-22.7897
-22.8458	-7.7691
-15.5315	18.3184
-12.1005	20.9833
13.511	-20.5744
20.3359	-14.7031
-22.5548	-8.70973
-9.25535	23.1974
-13.4623	21.7154
-23.0492	9.94723
-10.1958	-23.6365
-4.56103	24.3164
12.3804	22.2664
-24.6699	5.42743
-24.2377	-2.45957
14.0556	-19.7455
25.6545	-2.12785
6.33994	24.1554
-19.7487	-14.4566
-14.595	-20.3442
-24.2056	-3.8606
-15.0332	20.3301
13.4176	21.9548
-14.6566	-19.5682
-24.7654	-1.05909
12.4492	-21.7397
16.9987	17.3567
-24.1355	8.76508
-15.3256	19.5536
-23.4954	-6.72281
-21.7426	-13.7273
22.8769	11.4644
23.2091	10.5586
24.5225	-3.39647
16.0117	19.6714
24.7657	6.27082
-10.3196	-22.5775
-4.424	24.63
-13.5571	-20.5713
5.50961	23.5746
-6.11939	24.1031
-22.6992	9.11388
-21.0625	-11.8881
24.8866	-6.60807
11.8978	-20.8721
7.14876	24.2134
-23.4911	5.61844
23.374	6.3488
-24.0268	5.22525
17.7364	-18.805
-23.4954	7.49681
25.2361	0.826539
-24.0293	-3.30865
-16.5147	17.5073
-25.8255	-2.56153
-17.7591	17.1599
12.7711	-21.925
-18.8716	-16.8653
0.740477	25.2858
23.4488	-10.051
23.9246	-4.45706
-20.906	-12.4653
12.9704	22.2849
24.5706	-1.43038
8.24179	23.7249
4.14826	25.096
23.3397	5.81692
-25.0603	5.65854
14.1634	-21.0341
-24.1626	-3.6
-25.1447	0.201876
18.8761	16.8113
-10.1298	-23.4269
-14.8088	20.452
-21.7981	-11.1426
-19.4438	-14.4688
-20.6778	-12.4572
8.2666	24.2091
5.26414	24.4259
-24.6753	-4.47166
-25.8766	1.43702
25.7022	2.58629
-9.79465	22.2157
-13.548	-21.2974
5.80799	25.3273
8.93263	23.7344
19.7655	15.5251
21.1924	-13.2712
17.1869	-18.3824
-15.2457	20.2761
1.58201	25.467
-18.541	17.0061
-25.7728	-1.42242
25.809	-2.84565
8.49472	24.2863
-13.9382	21.1659
11.8482	-21.6675
-23.4074	-6.97171
-23.3701	-7.0418
3.78211	25.6819
-23.4683	-5.65499
-15.5032	-19.3452
-1.72624	24.4192
24.231	7.13526
-17.9488	18.4012
23.5687	-8.01056
-19.1568	-17.469
-23.3565	-5.74513
19.9118	14.2486
-23.5563	-8.06944
-24.2495	7.42827
-17.4938	16.5933
-9.15707	-23.7083
-13.7676	-21.1347
7.22267	23.752
-18.082	18.5098
7.99195	24.3011
-24.4312	4.17231
22.8747	11.9939
22.5562	11.2439
-25.0205	0.722709
21.9205	12.5248
19.7374	16.817
18.4768	-17.9352
-16.9559	18.75
-21.5858	14.4545
4.52659	23.9825
24.1561	4.49866
-20.296	-16.2195
-5.75037	24.2635
-17.3826	-17.2974
10.8938	-22.6381
22.9779	8.98549
-23.7126	4.9539
-25.9799	-0.00634933
-3.17398	23.8211
-21.6945	-14.2497
16.5245	18.3065
-25.051	-4.02091
-24.2206	-8.59108
-24.2694	4.2007
5.25542	25.2524
11.9441	21.0957
25.2348	-1.52929
16.5234	-18.809
-20.9338	12.2625
24.6445	-0.681542
-14.7561	21.3111
15.6213	18.4502
-23.9719	4.79173
11.4981	-21.7051
-24.6922	5.64373
13.7804	-20.3663
-3.46224	25.1247
-16.0153	18.1953
-11.9207	22.0444
-18.6803	15.5026
-17.8552	16.9024
1.95558	24.3084
-22.5668	10.0017
24.5734	-0.0127686
-23.5945	5.06721
-14.2618	19.3421
8.91241	22.5955
-24.1709	7.60145
-23.6916	9.70789
-20.1861	14.7514
-21.1059	-11.4716
-1.22212	24.0521
16.2678	-19.5917
-21.6422	10.6622
-15.3017	-18.5707
10.1718	22.4179
15.2873	19.9652
19.5408	14.7163
23.7262	-8.78746
-14.572	-20.6184
-17.4446	19.2445
-21.6969	-13.593
9.9973	22.4365
10.3544	-22.403
9.1684	-22.8197
16.7203	-18.5455
5.64881	24.4432
25.2045	-1.55213
-9.7625	-22.4456
-14.2499	20.5078
11.9229	21.4538
-24.5513	-4.40588
12.4639	22.4791
16.892	-18.6718
-4.66163	25.4964
24.6294	4.43517
21.5075	14.2089
25.0721	1.9376
-11.0555	21.3902
5.59374	23.3784
-25.7697	-0.944746
-14.1724	21.2832
4.68371	25.1728
16.8286	-18.0145
23.4307	9.02672
-14.3698	-21.234
13.365	21.5418
-23.3953	-8.92354
-12.7787	22.5457
12.59	21.4366
24.1644	-9.22822
24.1711	-7.84515
13.9818	19.8717
-24.1259	-8.31742
-13.1736	-21.1369
16.7959	19.2604
-25.2702	0.636134
-25.5811	1.87273
24.0819	-5.97625
-18.5849	-18.1212
-10.3118	-21.8748
22.2267	11.2457
16.8106	18.7044
-13.4181	-20.7336
22.2481	10.9129
-19.7222	16.7454
24.4321	-3.42982
-14.8261	19.137
17.5205	-18.7638
24.9493	-1.37335
-6.93062	22.9855
-10.3748	-21.794
23.383	-8.00214
-10.045	23.9015
7.24955	23.231
-23.9815	-7.46729
24.7466	5.79541
24.3378	6.45938
-21.2877	12.8698
-22.2223	9.88682
8.93107	-22.3155
-21.4179	12.7845
-24.1489	0.880539
-9.00908	22.5515
-10.6671	-21.5671
-6.9161	23.8483
-8.18607	23.0148
24.9009	2.17152
-23.6235	-4.30132
-2.35321	24.0323
-23.6685	-4.89106
-23.5586	8.08387
-21.2131	14.539
22.8927	11.3765
-12.1918	-22.4305
21.8945	12.0721
7.11649	22.9893
6.5913	24.1997
-16.2327	19.7641
12.2334	22.6558
-1.38111	25.5446
19.4712	15.1804
-24.2471	-2.26659
13.7462	19.8171
-13.359	-21.2436
-22.7384	11.8965
-23.8618	-10.3145
-6.76337	24.8176
6.1457	23.6779
-21.7434	12.0944
24.6809	8.05035
-3.12679	25.1383
14.0206	-20.2169
18.5001	17.3251
-25.009	-6.71229
-9.75425	22.6303
-12.7554	22.0995
-23.9967	-9.40884
-23.3912	-6.67915
-20.8894	-15.3638
6.39618	24.6295
23.9426	-6.27022
-24.0999	8.04604
-18.85	14.9973
23.2892	-6.12319
12.0465	21.1484
8.52231	23.0578
21.5206	-11.3055
-24.3587	-1.5482
-21.3904	14.7496
-8.54102	-23.0979
-18.0526	16.5823
24.6616	-2.20688
18.4989	16.8074
18.8476	16.8108
-13.4382	20.0779
-23.1439	-9.23056
20.38	-13.7245
3.75838	25.1678
22.0773	10.0344
10.8511	-21.8794
9.17794	23.4832
-16.1594	18.0574
10.9377	-22.2462
24.3954	-0.869008
-18.426	-17.6782
-20.2863	16.124
17.7331	16.2478
-13.3557	22.1442
-10.6174	-22.7036
-6.96348	23.1439
-10.6757	-22.0918
17.7894	18.9178
-25.2192	-0.239012
18.5581	-16.9649
-23.2021	9.51171
23.152	-9.42552
-0.82315	25.0037
15.3814	-19.2718
-15.4814	-19.3517
10.0654	-22.5506
17.6361	18.4418
-22.0956	-12.049
-24.8248	1.68024
-2.04294	24.8888
-13.4464	21.4428
-15.3174	19.9864
-12.805	21.2971
24.2929	-7.0899
-24.231	-4.33834
-13.4526	20.808
-23.5809	6.89436
-9.31937	-23.2543
-13.8357	-20.7397
20.7003	12.4136
-18.5789	-17.3421
-8.26115	23.3572
-25.135	-0.862351
-24.0849	9.30137
-16.412	18.3288
-22.0594	11.4941
-12.6347	-21.2464
-21.1595	12.3741
-16.2452	-20.1194
-21.1061	-13.3624
24.778	-5.13154
15.6699	18.7962
-17.0784	17.481
13.0334	21.4518
-25.4467	-0.11844
5.16229	24.0337
-22.5114	-9.19435
23.3801	8.84134
-24.6424	0.973522
-24.1733	3.71995
7.76183	24.5017
5.28674	24.1512
-23.1725	-10.1692
-24.4075	2.35765
-24.4535	-4.39038
-13.9961	21.8712
-16.467	18.934
-22.9523	-9.61132
-11.8642	-21.1018
19.3	16.1915
24.1947	-7.58893
-2.03111	24.614
9.04855	23.1496
19.7459	-16.885
-4.78231	24.394
19.3662	-15.6649
-24.2772	-5.89808
-23.3255	-7.28377
-24.3181	-3.3154
25.0584	-0.174621
-11.423	22.8498
24.7297	6.90306
-8.94186	-24.343
2.8842	24.245
17.4296	18.6141
-20.9891	12.7121
22.3804	-10.2457
8.56531	24.1162
-23.9697	-7.17011
20.0312	-14.8263
14.2796	-21.133
24.7286	-2.01646
21.3054	11.881
24.1124	3.92435
-6.15659	23.5241
23.8463	7.93579
-20.2208	-14.398
18.8627	-16.4177
25.4627	2.34156
-12.5906	-22.1241
-24.4613	-2.40417
-22.9354	-9.33512
21.4588	12.847
20.0356	-15.4061
10.7948	23.6353
19.0524	15.7477
23.3663	-8.75642
-14.7387	19.8438
-24.2528	0.715968
-11.2549	-22.2006
-21.3159	-13.9883
25.7803	0.117827
18.8779	16.1146
-6.35783	23.1441
-14.4721	-20.4736
19.3427	-14.4823
25.3182	-3.42544
23.7368	9.77179
-2.90711	25.3713
24.7422	5.23513
-24.1687	5.89196
-20.2575	-14.8715
23.6161	7.13309
17.4342	18.3464
15.7739	18.6066
-19.3318	-15.7272
-19.6405	-15.7244
7.39024	23.1811
9.44157	22.2924
17.7417	-18.0154
-8.86014	-23.4826
-13.5884	21.4135
13.3588	-21.4671
6.19578	25.107
-7.28964	22.8888
-21.4763	-11.0493
-9.98961	22.0444
-4.92398	25.2024
24.2974	-7.08994
-25.2117	-1.9768
22.9106	-11.9758
24.9753	0.121885
-16.0999	20.0522
-24.2278	-2.99785
23.3867	-8.57558
24.0328	0.625176
-24.5153	-8.41062
-1.43407	25.6567
5.18136	24.0104
9.69379	22.3715
13.8778	-20.1847
-23.8337	4.33382
23.9055	2.59783
-22.4622	8.75142
2.48425	25.1278
-23.8332	5.21508
-25.6117	0.215033
-24.4388	0.526005
-23.1341	9.10567
-16.6216	18.2752
-13.345	20.1942
8.57486	22.5781
-16.8397	17.6247
9.34716	-23.5209
-23.0189	-10.0306
-10.0816	22.3291
-17.6078	16.9113
20.2016	13.7397
24.1577	2.0154
-20.819	13.0168
22.4459	13.0087
-5.91211	25.2299
-0.817902	24.3451
-24.7507	-5.32029
-2.46088	24.4436
-10.5675	23.3698
25.219	-2.25264
-9.72367	-22.9403
20.8136	-14.6909
9.49134	23.0644
-17.8075	-18.2019
-10.2803	22.5266
-11.6574	21.5609
-11.1833	-23.1378
-14.9038	-19.4628
-17.1828	17.3533
-21.2551	-14.022
7.4078	24.2383
21.5666	11.8619
-6.05987	25.1143
16.1312	-18.4185
-13.0114	-21.609
-15.198	-20.9239
-23.0174	-6.80891
3.60137	24.8012
6.82457	23.8356
-25.7729	3.13904
-17.2217	18.7361
-24.5915	-0.700544
-22.9977	11.8354
23.5571	6.86102
22.1292	-9.83496
14.9503	19.822
-25.3561	-2.9988
25.7612	-0.319794
16.0578	-18.484
10.3043	-23.6367
-23.4943	-7.87185
-21.7937	-13.6687
4.31147	25.4526
-15.9017	19.807
7.24447	23.4418
-25.2828	-0.934231
23.2937	7.57342
5.13689	25.2276
-24.0268	1.58416
-22.6723	9.11146
-18.7161	-17.6249
23.9949	5.75359
-15.0658	20.8579
-22.8499	-7.51268
22.6037	12.3502
-20.2344	-15.8228
23.4675	9.78602
0.527931	24.3542
11.4196	22.0272
-21.7789	11.1676
-18.8621	-15.4083
-7.39911	22.9897
11.7484	21.5745
-24.26	-7.66585
23.5622	10.438
24.1354	3.2047
-24.9462	-2.08461
24.3212	3.6015
-11.1126	22.8063
-14.9685	-21.0926
23.7213	-4.56298
-23.3715	-11.2541
23.6356	-6.62073
20.5479	-15.2339
-21.1621	12.7478
-10.9942	21.6571
-25.2366	-4.04505
-22.9346	-11.1675
17.9013	-17.2393
22.3965	13.0768
24.3825	6.45592
-12.2045	-22.5358
24.6936	-3.70079
24.671	5.00908
25.9667	-0.937902
24.629	-6.69788
9.82654	-23.6776
2.78883	24.7797
-5.51334	25.0916
-25.3179	2.04787
-25.2265	-1.28594
19.2831	15.1177
22.4688	-12.0705
-22.1361	-10.9507
-21.355	11.49
24.6168	-5.65735
13.5928	-20.8888
17.7189	16.7342
17.4252	18.4821
13.1607	21.4636
12.0519	22.7507
-25.1934	2.88631
25.2532	1.14485
0.814556	25.2707
24.2469	8.14896
24.0179	2.11866
10.3142	-23.6122
11.8273	-21.7685
20.4405	13.2422
-11.3771	-22.5721
16.2181	-17.7259
20.413	13.4603
9.50754	-22.1391
13.7862	21.3684
21.5158	13.2967
-6.27255	24.6803
-24.1144	-3.30391
-17.1855	18.7582
18.6771	15.3572
18.4966	16.6751
-19.9779	13.8893
-19.1206	16.6346
25.2817	-1.15458
-24.8432	4.1762
-18.7808	17.2633
15.561	-19.1938
-22.163	-11.42
-20.3598	15.8049
-16.1531	-19.9265
-23.6665	-7.56207
22.5919	-10.2346
10.1278	22.0844
-18.2797	17.3066
16.3428	-17.9265
24.0448	-1.61127
-4.21755	25.5969
-9.44936	23.3365
-4.06942	24.7069
19.5508	-16.7245
19.239	17.3518
15.5242	19.3146
6.61306	23.8859
-24.9977	6.95334
-23.984	5.07443
0.72724	24.4688
13.3968	21.0206
4.75941	25.3078
5.36491	24.1055
25.3447	-5.78377
-21.429	-12.8104
7.05396	23.8263
19.26	-15.3524
-23.3812	9.54406
22.0888	-11.9231
-16.8512	17.2437
22.0005	-10.6216
-8.96016	-24.1589
17.3961	17.4569
18.8078	-17.5991
-24.3538	-6.49136
13.266	20.1469
23.7824	8.89628
-18.0212	-16.0155
17.4294	-18.7417
24.5717	8.03945
-16.1083	19.9516
-10.9133	22.5955
-17.6805	-17.2475
-17.7144	17.6608
24.396	6.80562
-21.703	-10.3641
10.9356	23.0211
17.8256	18.3301
-24.1759	9.39541
12.5791	-22.1791
-23.955	4.42066
23.2006	-11.3228
4.98963	24.3349
-0.0677215	24.4249
14.807	19.354
-15.6476	-19.3834
8.30574	22.8086
-13.2104	-21.2105
22.0192	-10.0944
-23.7221	7.03529
12.5713	22.6129
21.8841	-10.5951
25.0228	-2.1802
14.36	-20.3571
-1.70754	24.9818
-19.0508	-15.5614
-23.2014	10.191
11.9066	21.8232
-24.0789	-2.0551
23.8746	6.1501
-24.5722	-8.39581
19.8212	14.3966
22.158	-10.4981
19.9689	14.4946
-18.4636	-16.1812
-25.2728	5.66365
-2.64881	24.3985
22.8847	9.37038
-18.539	-17.1662
23.6563	-4.60051
-17.8629	-18.6528
25.0464	-5.57638
-25.305	-2.61441
-24.8174	-0.732779
-25.4719	1.68946
-11.6462	21.3352
-20.9348	13.4853
18.0715	16.1656
15.9088	-19.531
16.9524	-19.512
-21.8423	-12.863
24.8628	3.46512
-20.0104	-13.3662
-22.3913	10.3073
15.7793	-18.501
-23.5549	-8.19878
-23.6551	-10.7143
-17.414	-18.913
18.5191	-15.9571
6.41748	24.4074
22.2463	-13.2098
-24.5891	0.756116
-24.5526	-6.87102
18.2067	16.0818
3.09571	25.6396
4.59117	25.5686
14.7504	21.3827
-22.0326	-9.92859
-24.125	-3.45398
-23.3566	-6.43185
22.0655	13.1936
10.5995	-21.5834
10.9831	22.7297
21.0874	-13.4428
13.2297	-20.4952
-20.0265	-14.0608
19.1795	-15.5085
6.2552	25.0052
-16.9564	18.3426
10.6813	-22.7625
17.1281	-19.0674
17.5474	-17.3997
-21.6619	11.9975
-23.1363	-7.54119
-25.9498	0.720903
22.876	10.9835
-23.6898	-8.53151
-6.9845	24.5693
-24.0785	7.65534
22.5345	-10.6671
-24.1308	-8.96262
-17.0955	18.9115
23.6321	-10.2382
-20.3505	-12.9664
24.3676	-4.62624
15.8938	-19.1976
-21.9311	11.2477
-24.8633	7.43747
-18.3043	16.9177
17.0731	19.0445
-24.6931	7.04667
5.70835	23.6349
19.5643	-15.591
-17.3839	-18.5717
-25.5108	3.91934
-9.62158	24.1517
-25.5854	1.38067
-14.5751	-21.1662
-8.90141	-22.757
-17.2083	-18.3668
6.68464	23.9312
-4.56714	25.2727
-8.95312	-22.5299
-24.8273	-2.13132
1.85877	25.8922
-22.603	-12.4367
25.4936	-0.664048
-18.5828	-17.1511
-17.4767	18.0294
16.8056	17.9622
8.28965	23.1857
22.6099	10.7911
-12.981	-20.6974
1.71753	24.6103
-7.54542	24.7246
22.6648	9.76268
22.4833	8.57743
14.606	-20.5494
23.5376	-10.71
-18.6495	-16.9807
17.4987	-18.4707
16.69	17.7686
13.8636	-20.3348
-22.3615	8.89974
2.98609	24.7363
23.2103	-7.94353
11.5788	-21.3396
-25.0617	-5.2982
22.7555	-10.7772
-24.4178	8.53936
22.4904	11.5502
-22.9932	8.95697
15.5982	-20.502
-25.8569	-2.00709
-14.3292	-21.5615
13.2923	21.8181
-9.05556	22.407
24.1569	6.40937
24.5103	8.53871
-9.98504	24.003
-9.94812	23.2432
-15.7121	-20.5343
16.9259	17.5031
-25.3058	1.67797
8.69496	22.55
11.2179	21.8686
-15.9134	-20.3055
15.843	-19.4547
23.7978	-4.47516
20.775	15.2707
-18.3608	-17.4062
6.2026	24.9066
-17.724	17.8656
-23.2958	-9.62022
22.3972	10.186
-19.3085	-14.5513
-10.9652	-21.6618
-15.747	19.9127
-25.6589	2.74987
16.0844	20.2797
10.0686	23.3655
-23.9546	-7.67392
-8.66224	23.7615
25.3794	-2.87682
-19.9352	15.6419
15.3713	20.0116
15.6816	20.3128
10.7353	23.435
-17.6626	-16.564
24.6532	-0.0496439
-13.5378	-20.2372
-24.4705	6.85462
-12.3742	20.8533
12.0508	-21.2333
21.7257	-14.0155
-11.2162	23.3005
-22.825	-9.37214
25.1594	-0.238414
-23.7496	6.25868
-10.1651	23.0415
20.4633	13.9134
-9.92575	-22.3952
-8.55197	24.164
21.0463	-14.3983
20.2071	-15.8263
-11.8627	21.788
22.0588	11.9534
-2.16591	23.9899
22.3421	-13.2369
22.0923	-10.8832
-2.24518	25.0276
-19.5624	15.9843
14.7598	20.3115
-22.0805	-12.7653
-20.8843	14.1048
-24.3291	7.00603
-19.6992	16.7068
-19.8012	-15.9489
-18.1213	16.1856
18.9868	-17.5146
-16.8759	-17.317
14.3789	-19.421
-8.85571	-23.2386
14.2343	20.9549
9.10733	23.9705
24.5107	-2.52463
25.0936	1.41392
-22.1267	9.64849
23.6276	10.3708
-19.8703	-14.5279
-23.6533	-6.47143
-9.92535	23.547
25.2212	2.81856
-2.25933	25.4091
24.1682	-1.39329
23.4928	-7.45211
-24.4947	-2.55591
21.1054	-12.1159
9.44787	23.7664
-22.3362	-10.693
-24.7337	6.53629
9.34022	22.7157
10.0169	22.8223
-23.7014	-8.67157
-14.0291	-19.7592
23.4854	8.11221
-23.3885	7.8464
2.58902	25.0116
12.0394	22.1155
-21.0827	-12.9357
25.1646	4.34007
-24.5855	-2.60842
24.392	0.853505
22.9417	8.16164
-25.1411	5.45448
-0.721227	24.8604
-11.8706	-21.8685
18.4582	16.306
9.97912	23.3396
15.3335	18.4786
22.9756	-7.61267
-22.5411	-9.06381
-21.569	11.4142
-3.15573	24.7613
-3.7613	24.6678
23.4983	5.5267
24.5301	-6.81905
-21.8081	-10.0811
-23.4003	9.16596
24.7428	4.39484
-24.1259	1.70278
23.1723	9.62039
-12.9549	20.7242
-9.46435	23.7249
23.6394	9.52545
-22.8955	-10.1738
-12.4518	-21.4478
-7.82774	24.6904
24.2068	3.1223
25.8323	-2.22876
-24.7879	-5.44453
-15.3361	-20.2154
-24.3529	-4.32105
21.6619	-10.5514
5.84279	23.9636
-11.2704	21.3603
-24.8429	0.473856
17.6929	16.6983
-24.8532	-1.94119
-2.30518	24.1141
25.3743	-4.51637
-18.477	17.3392
23.213	9.23173
-16.6309	-18.7724
-20.4269	-15.1945
24.1978	-4.65069
-24.2189	7.30529
-24.1069	-2.88939
-19.7748	-14.0742
-25.5384	3.99132
-23.9334	3.06569
-23.4438	10.6694
-11.1723	22.3961
15.0702	19.0766
-16.5013	-18.7648
-22.2244	9.16024
16.7396	17.6427
-3.03295	24.8297
-15.2341	18.9086
-20.6377	-12.806
-23.6742	-10.1814
-14.2454	-21.1663
-15.1375	19.2693
-16.1705	19.0467
-19.2661	-14.9413
19.2195	16.8328
25.111	2.52517
-19.3689	-15.2875
11.4776	22.9743
-15.3237	-19.5038
11.1014	21.6499
21.4184	-12.1642
-20.1017	13.3629
-20.9007	-13.7823
-23.3773	5.71086
18.1573	16.0328
24.5429	3.89469
-23.5414	5.39446
4.63541	24.919
-4.71221	24.4909
-20.9457	-13.552
24.2837	-5.18038
12.324	21.2367
15.4063	18.5635
-24.348	8.07071
-23.6433	8.67111
-18.4253	-17.9253
-15.3702	19.2061
-24.4687	1.00671
-24.7024	-0.616926
-25.189	-3.85453
-24.7379	7.62982
-9.74396	23.485
22.0386	13.2456
19.1247	-16.0353
-16.6904	-18.6299
-24.1156	-6.94814
15.9885	-18.1457
-17.7297	16.5981
22.4659	10.7691
25.5638	-0.980107
22.1207	-10.9131
22.2204	10.2453
24.0548	-3.52916
20.3891	-12.7001
-15.5853	19.0017
-23.2508	-11.1309
21.8356	11.5427
19.0236	16.0598
-13.9773	20.8484
23.7777	6.32735
-3.09806	25.1668
23.8602	-6.13928
-19.3193	-15.6493
22.8658	-9.88853
22.9431	8.55976
12.2766	21.4361
9.97658	22.571
-2.16772	25.3784
-4.45364	23.9787
-25.0856	-3.66376
14.9138	20.2872
-15.1761	-21.0261
5.9458	24.962
-18.7845	15.1036
9.2329	-22.4287
-20.5207	14.5179
8.76334	23.307
-24.2023	-3.12641
21.4927	12.5
-22.7789	-10.6956
0.749777	24.9139
-24.5451	2.0856
-2.50849	24.8538
-19.9457	-15.7158
-23.2041	7.44911
-15.146	-20.1667
-17.716	-18.2403
23.6976	6.18489
19.8546	-15.8732
24.184	6.66937
-21.8506	11.5953
-3.12383	25.062
17.0124	19.301
25.5359	-1.57779
-17.7543	18.5519
-21.4386	-12.8381
16.2502	-19.0066
-19.5815	15.6183
17.1044	18.5896
-20.5868	15.6956
-13.7217	22.0595
23.5144	7.00746
17.9559	16.5702
-23.5862	-7.40864
-24.1901	4.08241
0.831788	24.055
-10.757	-22.3755
-21.5771	14.0366
14.2036	21.0667
-8.07918	24.1278
-17.3078	19.2849
13.3631	-21.6266
20.1938	-16.0704
-14.1573	20.2093
-23.7774	9.83706
-24.9904	4.87947
-25.1469	-5.72114
8.41898	23.5033
8.93262	22.5766
-15.0771	-20.6382
-19.6517	-16.3596
-23.873	6.43338
-23.6239	-9.17437
1.17566	24.9151
14.3812	-19.4634
-16.4179	18.0745
-23.982	8.44168
-21.7475	-12.3722
-17.9863	16.7126
25.6114	3.93446
-9.32233	-23.0623
12.4521	-21.6304
-23.8761	7.65809
-16.8453	-19.2542
24.3214	-1.75474
-22.8532	-8.45096
16.1135	19.8497
-8.03369	23.9712
17.0654	18.6913
-8.80709	22.6155
21.1056	13.007
-24.8724	3.49796
2.9652	25.2077
-18.5138	16.8339
-25.3623	4.51374
22.9819	-11.7843
-16.3976	-18.9288
21.957	10.1525
3.84834	24.703
1.72576	24.7333
25.1742	-5.31203
-25.4464	-3.7985
24.3087	4.79567
-15.5768	-18.8202
20.376	-13.4841
-20.753	-12.6865
-2.10764	25.5366
22.7806	-12.1326
-23.4818	-5.31176
-22.3502	-10.9741
22.7697	11.5876
10.5671	-23.3242
24.3849	7.4488
8.64378	23.1069
16.7841	17.4988
-9.01063	22.4489
-1.47262	25.6429
-15.4066	-19.2232
-24.0452	2.65054
-22.1162	-13.1482
-7.87983	23.6565
-7.58127	22.8161
15.2474	-18.6733
-24.4902	1.11263
1.73233	25.7421
-14.4435	19.4368
-3.53452	25.211
-23.8333	4.83969
15.1805	-20.4986
-21.4677	12.9131
-6.75785	24.9729
21.6218	13.967
18.1323	-16.1787
20.652	-12.7674
7.20685	23.5109
18.3468	16.7323
-16.8374	18.6904
21.121	-13.3371
-17.7456	16.957
-22.8715	-10.8254
22.4592	8.82355
-10.4206	-21.9997
14.2667	-21.5168
-25.009	1.38736
-20.4991	-13.9022
24.5138	-2.88882
21.9783	12.2485
22.8121	11.5278
19.2059	-17.0898
-19.7978	-15.2159
18.0113	15.9669
-24.5264	0.363015
25.1451	-6.48752
-0.478541	25.12
-12.7666	22.4486
16.6585	-18.9805
19.978	-15.823
-10.1019	-22.1019
-24.1053	8.99151
-19.66	14.071
-17.7793	-18.0966
-24.858	0.0177619
-22.6919	8.61613
21.2541	13.1282
20.6274	12.9535
-9.40875	-22.6694
22.0274	11.8625
-18.3322	16.5586
-22.1625	11.6124
-23.2581	-8.52383
20.9854	11.7172
21.3941	12.6885
19.3067	17.3339
17.3451	-17.1748
24.2384	-6.20215
24.0179	-6.51439
-14.6048	-20.4811
-23.9519	4.09606
9.02041	23.3062
25.6646	0.799983
-24.2181	0.776713
-12.2044	-21.5924
-22.4214	-10.2079
-6.89641	24.8603
19.9466	-13.7735
-16.0833	-18.1426
-24.0413	7.50762
-18.6671	16.0159
9.8222	22.9126
22.0955	-11.3388
20.2173	13.3304
-16.9076	19.019
-25.1749	-4.64531
-21.3766	14.314
9.60238	-23.0517
-3.51903	25.4637
23.1445	-6.59834
8.40166	24.347
11.0111	-23.2324
20.5898	-13.9396
22.8425	10.1762
-20.7221	12.5313
21.7986	13.4669
18.8024	-15.8133
6.90416	23.8917
-8.78005	-23.1002
24.4452	-7.47648
2.32909	25.2485
-13.6878	21.9747
16.8013	-19.1971
24.0376	-4.0974
15.1239	20.1777
-25.6075	2.84494
15.7981	18.6376
20.5879	-14.3419
-19.779	-14.8412
-25.0422	-4.19297
21.8834	11.5802
-22.9124	-7.42447
-21.5979	13.1624
0.382316	25.3949
20.8598	-13.7129
17.9181	-17.3229
-17.5497	17.0758
-22.2666	12.4468
-22.5588	-10.3739
10.5341	22.0888
9.03752	23.599
10.9658	-23.0461
-22.8754	7.9801
23.1869	7.39579
-11.1307	21.4682
-23.9574	3.56047
14.534	-20.3798
-25.5106	0.93252
25.3302	3.26042
25.9592	0.619287
-16.3739	17.8392
-23.2186	6.42659
12.239	21.1301
22.7842	-9.99737
25.5147	1.8192
3.08288	24.4407
18.8951	15.5249
20.3616	-13.6483
24.3309	8.4043
25.1039	-6.00955
21.8899	12.6675
-22.0696	-12.9151
-14.7682	-19.6979
24.0915	-7.89541
22.9165	-10.7204
13.5138	-20.7178
-14.7061	20.5803
4.24856	24.5928
14.6685	-19.5805
-15.8613	18.2921
20.2895	14.574
21.5248	-11.4141
23.457	7.42003
13.4282	-19.9055
-19.8786	14.4254
-15.3548	-19.8514
22.1019	-10.107
-22.7848	10.9069
-24.1428	6.89673
24.3477	-8.51602
-9.92987	22.8913
15.7431	18.3461
16.9749	19.2026
6.62301	24.0983
-25.0822	0.792545
-23.9014	-5.33089
-12.2452	-22.082
-21.233	-12.5396
-12.398	22.4265
-14.8143	-19.1468
-10.7742	23.2469
-22.6442	-11.1847
21.8204	-12.924
-20.3348	12.9789
15.2725	-18.8117
3.23597	25.7837
23.3013	-7.8349
7.12616	23.8329
24.4988	-8.37161
23.7959	6.22321
-4.4332	24.7769
15.4862	19.8696
16.7655	-19.4843
0.754964	24.5149
-25.7176	-0.00380429
-23.9103	-4.47453
-24.5892	3.43977
-19.9097	16.5574
-17.1499	17.1787
5.06189	24.2562
17.4231	-19.1528
-18.5104	17.1999
24.8358	-3.191
10.2496	-21.9364
-8.30423	24.1739
5.9854	25.2873
-25.006	1.25388
20.5926	-15.3468
21.1783	-12.6053
25.8249	2.10668
21.8377	-10.9029
23.7704	-4.43173
15.1789	-18.7574
-24.6536	-7.71222
9.59858	24.0383
-24.0758	9.14221
-14.4971	-19.945
24.4896	4.29719
1.12687	24.0523
3.71739	25.4964
-1.3152	25.756
-21.8922	13.8143
25.5439	-3.4868
-19.334	16.0155
-24.7227	-0.969798
20.1375	14.6915
-18.4405	15.3818
15.9519	-20.1141
-14.8871	20.3323
21.9913	-12.9205
21.899	12.7896
23.414	-9.10593
-3.0712	25.2439
-19.6956	-15.7773
-15.4887	-20.7494
-10.0683	-23.7012
-13.1993	-22.1274
23.8034	8.00226
17.0952	17.3817
-22.4262	9.1545
10.9112	21.6717
16.864	18.2448
-18.6115	17.2172
12.359	21.4251
-23.2334	10.1401
-21.7335	-12.883
-22.109	13.4051
-14.1654	-21.183
1.16856	25.8764
24.9816	-0.548639
-23.4339	-6.94583
22.8882	8.78695
-24.689	-0.899109
-19.7587	-15.452
-12.765	-22.2668
-2.71706	24.1808
-25.2073	-3.64874
25.2045	-5.0907
-11.3707	-22.7114
22.9489	-10.1088
24.6128	-5.57313
25.6048	-3.68547
-20.6225	15.2934
-22.2096	12.5843
-24.2515	-7.98977
10.2126	23.6005
15.7896	-19.1413
9.63373	23.667
21.1675	-11.8615
-9.26297	-22.8544
11.3904	-21.3744
-4.77541	24.2642
-21.2358	-13.2106
-24.2814	-1.25408
10.902	21.639
-2.17016	25.8396
-24.5841	-4.97781
24.4151	-5.31388
2.88044	24.708
-17.1241	19.3464
-22.0274	12.3714
-24.0975	-6.69715
-9.42547	-24.1082
-16.4069	17.8194
20.7186	-14.1427
14.904	-19.0927
-25.8275	-0.38203
18.2733	18.0803
19.1698	-17.0836
-11.4885	-22.2724
-5.44434	23.7284
17.9804	-15.9483
23.8101	6.38971
19.1471	15.3608
-17.0447	18.0733
-21.3892	-13.6276
5.30701	23.5387
-22.6316	-9.58646
24.8239	1.38283
20.651	15.4217
-17.3137	18.4109
25.1324	-1.39276
24.5266	8.41351
17.8736	-16.9921
-11.0874	21.9633
17.3647	-18.9672
-24.4442	-3.03139
-12.0654	21.4502
11.1552	-23.1307
-25.0504	-0.253834
-23.2873	7.70332
6.37844	24.1111
15.9134	18.1997
-20.9529	14.5938
13.513	-20.3403
17.7931	-16.2464
12.6392	20.6983
-2.77341	25.3732
17.6002	16.431
18.9323	-16.0112
16.8689	-17.9296
16.4503	-18.0806
-14.1502	20.3314
25.0774	2.73866
-21.8193	-10.5045
25.1392	-3.42654
9.88519	-22.2633
22.8207	11.3601
15.3333	20.3586
18.2508	-17.6085
24.2493	8.3365
2.58417	24.538
24.8066	0.381089
-24.7308	-6.28097
24.2163	-3.98238
-3.34929	25.2823
-13.2119	22.0786
14.1468	21.1564
24.4556	-3.61401
-13.6224	-20.7259
-24.2182	1.43108
-5.78144	24.5982
-19.6675	-15.1621
21.2344	13.5146
22.8835	-11.2352
14.9131	-20.5357
19.5899	-17.0538
24.2678	1.66975
-18.1879	-16.0915
19.5507	-16.149
24.9447	-6.73734
-9.31484	23.3262
22.9153	-7.44235
24.4903	7.12723
-22.0811	-11.4973
-13.8405	-21.6316
25.3937	-5.1668
24.6649	4.76197
-5.43024	24.4777
-3.5921	25.6904
12.0206	-21.0986
-25.6164	-1.54267
10.6554	-23.0215
-17.6722	17.2135
23.3933	-7.8715
15.7352	-18.5225
8.5189	24.0943
11.2125	-21.9825
-24.4213	4.41552
18.2599	-16.0093
17.4262	-19.2393
24.6391	-1.25451
-23.8073	-4.06277
-0.357901	24.9767
-11.0987	22.5996
-12.7111	21.9108
25.2575	1.96653
18.814	16.3409
-19.1597	-17.4738
-21.741	12.9886
-22.8737	-7.55759
-10.8321	23.3223
-16.9503	-18.2414
18.6181	-15.1933
-23.3885	-5.97196
-22.6135	-9.56946
16.373	18.8624
-4.07879	25.1215
24.6064	3.61537
15.2274	19.1485
-25.1103	0.823967
-16.9459	-18.646
15.3333	-20.7994
-20.5866	12.5013
-16.5583	-17.5574
-13.6355	20.8063
-9.26188	-23.5404
-22.9167	-10.0569
13.5978	-20.9323
-24.3094	3.61012
11.2817	-22.762
-0.092607	24.2876
22.6408	12.3214
-22.89	8.46004
22.0118	12.5535
24.2501	7.55058
8.5067	22.4747
-13.875	-19.9258
21.0265	-14.8236
0.824393	25.0571
-16.4161	-20.0213
25.4232	1.27758
16.0725	-18.4091
-25.8125	-1.68928
21.5284	-14.3359
-25.6835	-1.56903
-10.9837	-22.9033
-9.44683	23.2656
25.3428	-5.34142
-23.1419	6.37038
22.8934	9.54782
24.7185	-0.0993147
-24.8149	-7.60191
10.4366	-23.4595
0.690405	24.255
21.7399	10.3854
11.3291	-21.9917
-20.0844	15.9677
21.9475	-11.8646
-0.751725	25.6004
16.3586	-18.6689
-2.37325	24.2882
18.5057	15.9417
-23.9019	3.91527
23.8941	9.21365
-9.60417	-24.1545
-23.2814	9.25644
18.5084	18.0387
23.4011	6.14553
-18.7764	16.9076
-21.1335	-13.9719
-21.1303	14.3039
16.6707	18.4759
-12.0856	-23.002
25.7837	2.34889
24.3267	4.67378
-18.6305	-15.8177
-23.2182	-6.34581
-21.5873	11.0388
-9.83856	23.0598
-19.6776	15.5283
-21.2132	-13.1748
-23.7269	-9.56033
-23.0353	10.4904
-24.9532	-1.27252
19.1767	17.3016
-12.7411	21.3299
-25.9075	-1.52689
-23.6142	-5.84225
2.71721	25.3943
-2.17383	25.8659
24.5731	6.97138
-25.2873	4.87429
23.0548	11.2836
-22.2511	12.5881
24.6132	-4.9832
15.1986	-19.1193
21.0165	14.0508
-22.4198	-11.5551
-10.5274	23.4003
22.9635	-9.40532
-18.891	16.5452
23.7953	3.68912
24.2123	-3.6588
-20.4676	-15.1673
-11.1241	21.3448
0.227778	24.0425
13.3328	21.705
22.0141	-12.2148
23.9897	-1.55381
-11.2325	22.3473
10.8081	22.2468
24.5745	8.18995
11.3518	22.7239
-21.9823	-12.6407
-23.9329	7.59717
23.1032	7.49888
23.3736	-8.37861
-2.49055	24.6037
-22.8717	10.5224
22.3287	10.9635
22.5152	12.2339
-3.0554	25.2801
-0.949732	25.0832
21.185	11.6672
-9.67463	22.6168
24.304	6.79303
24.0355	3.07094
2.01511	25.455
4.05326	24.5883
-21.9789	11.0969
24.7084	-1.06855
13.245	-20.0768
13.5929	21.4168
25.5473	-3.59782
-16.8525	-19.1889
-25.66	-3.95551
17.9432	-17.579
-24.995	-1.11736
23.0773	11.2656
-17.9364	-16.3748
-24.2084	2.62995
9.03151	23.4829
-17.5601	-16.4177
24.314	8.28824
24.5652	-8.21626
-20.6557	14.2374
-10.0426	-21.8777
4.84073	25.0527
15.6268	19.021
4.23246	25.4793
-25.1541	-4.24404
-10.0917	-22.8391
11.1589	-23.41
-16.6617	-18.1428
-5.4823	24.8827
12.8745	-21.5342
24.9093	-0.22926
-14.7213	-19.1772
12.019	-20.7819
-21.6632	10.5055
16.3397	-18.23
-21.0959	-12.3897
-21.4354	-13.5
-25.4153	2.85506
-13.7446	-21.8132
20.6913	-15.6317
19.8024	-13.8275
-23.0836	7.42194
18.1466	-16.1659
-7.16071	22.9809
-24.6101	-2.02692
11.8876	22.212
22.3625	11.6926
20.4818	12.7197
12.2569	-21.6313
-20.4797	14.8819
-6.60439	23.7844
25.3571	1.92212
-9.07875	-23.3746
-1.86888	24.5958
3.45655	24.5675
13.9114	21.7637
21.4265	-12.3008
21.449	-11.5946
-22.2529	12.0112
-16.3359	-18.7592
21.1524	12.0579
14.9394	19.5524
21.2215	12.753
-23.6716	8.2168
11.7631	-21.684
22.9849	-7.16472
-23.2921	-7.39366
-4.75035	23.7066
-22.7459	-11.3141
-19.3395	17.1656
15.8182	-18.3179
-5.23604	23.6297
21.4296	13.8079
25.5446	2.15222
15.4084	-18.651
-18.4226	17.8829
25.8146	0.481326
23.4388	-7.33904
18.0424	16.7022
21.699	12.1884
3.8438	25.5253
-22.6292	11.568
-21.1084	14.2552
-25.0455	-3.13406
-24.597	-7.91357
25.138	-5.43858
9.88209	-21.9478
-13.7093	20.9423
-9.27058	22.1646
25.1528	2.68769
-20.4188	13.1418
-22.1924	-11.5761
-14.3042	19.9471
24.4185	-3.69261
19.8146	-14.6015
10.6472	-21.7216
16.0956	17.8632
-20.3852	15.7508
23.6844	8.51343
18.3421	17.3763
23.1619	10.9521
-2.5836	23.9973
0.498882	25.5207
16.2406	-18.7268
-16.0503	20.0108
24.5804	-1.93889
14.1602	-20.4941
9.99931	-22.4167
8.52359	23.2431
25.3025	5.45242
20.0579	13.541
-20.4926	-14.935
-21.2851	12.3215
21.9556	-10.2099
1.84297	25.4671
25.3888	0.409371
-23.1537	10.5564
-12.5615	21.2215
-24.2151	-9.1719
-22.6379	-11.8601
-24.8254	-2.4665
13.4022	-20.3963
-15.7075	19.4214
-16.8327	-17.1854
-12.9234	20.881
-10.911	22.2759
-14.7048	21.2513
20.7501	-13.7993
-24.0697	4.97209
-19.2579	-15.2498
-8.16882	24.4691
-11.8866	-21.0932
20.3387	13.845
25.8639	1.67449
19.4206	15.4163
-0.101037	24.2963
-19.2086	16.3818
-14.898	18.9769
13.6907	21.3497
-20.4561	-14.8861
-9.10887	23.8111
24.9771	-0.399878
23.9619	-6.929
-20.5504	-14.9783
17.314	17.4294
24.6107	-8.22759
0.564021	25.7229
7.27114	23.1956
15.915	-18.239
-13.1887	20.5959
-20.7617	-14.6732
21.6023	11.1934
-15.1238	-20.8392
22.5004	12.5861
-25.3234	0.2323
-5.20463	23.759
24.1389	-9.47025
24.1507	-1.23188
24.1798	-9.38422
11.2885	-22.6719
1.36084	24.2917
24.8303	-2.19877
15.6496	19.5209
22.4423	-12.2491
-11.6153	-21.5893
-13.8235	-19.6782
5.04674	24.4033
-10.6822	22.379
22.9287	-9.72055
-23.1631	9.28534
0.234506	24.3243
12.8665	-21.803
22.7563	-12.1045
-20.5997	-15.0967
9.59236	23.2315
-16.1727	20.2789
-21.2767	13.5798
10.2011	-22.1843
-13.0169	-20.6691
25.8889	2.14678
14.9918	-20.6792
-11.7947	22.4292
15.6925	-20.4781
8.8229	-23.9047
-21.7205	10.7485
20.5269	12.8537
12.1263	22.3321
-24.8059	-4.30855
-13.1318	22.0314
20.337	15.4199
-17.3365	18.834
-21.3657	-13.8137
-21.2636	-12.4034
-15.1903	-19.2976
-10.7463	-22.4917
24.4748	3.79484
9.04708	-24.2439
-9.7734	23.4514
1.07028	24.9985
23.8609	-10.2966
25.0817	-2.03828
-24.8102	-0.00792925
13.8331	20.15
24.6234	5.57196
23.7701	10.4522
18.553	-16.0895
-11.8511	22.8778
20.906	13.5654
-4.28482	25.285
17.287	18.219
19.3531	-15.0229
-24.793	-7.55695
-12.6446	-22.3576
-2.76857	24.1675
25.7783	0.528533
-17.2977	-18.9236
-13.1372	-21.2761
-22.6977	-11.0264
22.7096	8.47054
-1.95597	24.5753
-12.0048	-22.7453
18.4721	-15.5087
24.3588	7.73347
-14.8744	-19.35
-15.7903	-19.6455
13.7983	-20.7839
-22.9636	-8.08489
-8.90553	23.7567
1.03149	25.2166
0.600855	25.373
9.88042	-23.7354
12.352	-21.4712
8.53961	-22.932
-21.1686	11.959
22.3662	-9.43187
-12.1305	22.9026
-20.9575	-13.1804
-0.239543	25.1028
-10.496	-22.5346
1.40914	24.5361
-22.6445	10.9421
24.1983	-3.91934
22.6127	-10.8469
1.36241	25.6147
24.2658	-9.10166
-19.4206	15.7081
-17.1766	18.2774
15.182	19.2217
2.39152	23.9981
-24.5494	-0.239471
23.2601	7.259
20.8014	15.3682
-20.5503	-15.3208
1.74469	24.1769
22.7794	12.2252
-15.0597	21.0593
4.82599	25.2682
22.9591	-9.27494
-10.7186	-22.4276
22.3693	-10.4087
-24.642	5.7853
-14.1954	19.9391
-21.4467	-11.253
-17.0922	-19.0312
25.4839	-2.09057
18.0866	-16.4815
-6.81467	24.8689
-2.07662	24.7043
-9.71455	-22.7716
24.3251	0.365242
23.1427	7.32943
15.3715	20.2919
-22.5883	-9.93178
-24.7894	7.33578
-15.1833	-21.0196
9.55238	-23.2349
23.4874	-8.09056
4.54395	23.9604
9.86265	22.1911
24.9327	1.02964
-23.9709	9.20728
25.2229	-3.48692
-3.77116	24.4698
15.6183	20.6423
17.1143	-17.4487
7.87611	23.591
-4.56418	25.5249
-20.9805	14.9335
21.6526	-13.8227
-23.6372	4.25029
-24.574	-7.32039
-13.4983	20.8043
-24.5597	-3.48387
23.2806	6.16328
-14.4594	20.5265
8.09864	23.5874
-23.5585	-10.6156
-1.81578	25.8673
24.0292	3.21448
16.6579	-19.7764
15.694	-18.4863
-21.5589	-11.7928
-20.893	15.4484
3.55011	25.1427
22.3841	11.5661
17.3702	-18.7836
24.6086	-7.01408
12.863	-21.2039
-19.6491	-15.2077
3.46236	24.026
1.96277	23.9744
-1.85627	24.9095
-12.4855	-21.1793
-1.69613	24.9685
24.4964	-7.56014
9.6642	23.8113
18.3085	15.6682
-6.69731	23.1718
9.12271	-22.7575
18.9116	-17.2446
17.4599	-18.2341
17.5832	18.7328
12.2124	-20.8223
-19.1341	17.0276
20.7185	-12.7244
-19.6242	-16.6107
16.9912	17.2556
-11.2484	23.1158
17.4318	16.7567
-9.91614	22.6567
-24.3401	8.65261
21.8801	-13.2997
24.7358	1.69629
18.3608	16.0903
-22.3166	9.56668
-15.5783	20.1967
-23.5519	-9.62328
20.4363	14.2525
22.554	11.3455
12.9992	-22.1293
24.1517	3.12333
25.2012	-4.87625
10.1015	23.8892
-24.3071	-2.02612
18.6733	15.099
25.9799	-0.78092
17.7599	-16.6771
-22.8825	11.4153
14.9525	-20.2046
22.6825	-12.4486
20.6896	15.3589
-9.40383	23.8677
3.21336	25.5112
-20.8207	-12.7768
20.8118	14.3476
19.6272	-14.175
-24.1207	4.01434
1.37368	24.627
21.2669	-12.7607
21.2844	13.5924
13.8991	-21.0976
-23.5998	-5.36868
-24.4043	-0.881361
-8.77247	-22.4187
-25.2011	-4.40941
-23.6784	-7.69164
25.9049	-2.19091
-8.64659	-23.6811
19.6778	-16.5282
20.7517	-13.6304
23.1528	7.24732
25.4118	-4.96489
-15.679	-19.9747
19.2267	14.8621
-9.39513	-23.6242
25.8849	-2.40604
16.9122	-17.6012
18.6897	-15.6294
18.2165	18.3294
23.8916	-5.72261
24.0893	7.70936
-25.4577	1.90817
8.02705	24.6474
23.9045	-3.13699
24.4416	5.68314
4.23046	24.4939
-20.3428	-15.1452
20.9779	-14.2875
23.0898	-6.75689
25.365	-4.39865
23.9063	-8.47782
-7.93113	24.1149
-24.1646	-0.0941243
9.50705	22.441
23.9243	-4.31434
-8.94312	-24.1133
13.2897	-21.8242
-8.53527	24.0389
21.9639	-10.8639
-16.2684	-18.8686
24.5236	8.39833
-23.9965	-6.35185
-18.9413	-14.8141
-11.6851	22.5196
10.6846	22.1783
-25.7095	2.50257
-21.756	11.3634
14.0264	-20.9268
-16.4712	19.4391
25.2397	1.5151
-20.2978	13.5448
-14.3231	-20.5405
15.3845	20.6601
16.1076	19.3477
24.919	6.17878
10.6703	22.2571
-21.9251	-12.6916
11.5403	-22.9465
23.9403	-1.85663
-16.6457	-17.512
24.268	0.902112
8.79513	23.3772
-14.1664	-20.0362
12.7017	-20.4829
11.7772	-22.6885
13.333	-21.4707
-17.2556	-19.238
-20.7459	13.0518
-22.7501	-11.0115
-14.2963	-19.7386
-16.1963	-18.4759
6.51764	24.8054
23.7277	-8.51965
-1.69624	25.69
-10.2415	23.5231
17.1816	-17.2583
24.7776	-0.151636
-18.9487	-16.682
17.2374	-18.3456
-17.4342	-18.2079
-14.84	-19.0456
-2.79446	25.6057
-13.0578	21.1801
21.6227	14.0369
20.2062	13.4427
17.8814	18.7541
-7.77983	24.2656
-25.2933	0.266871
-14.87	-19.8278
-23.4009	-8.05841
14.9588	19.2199
24.1728	5.94961
1.17109	25.374
12.8908	20.7604
-10.761	-23.0917
-19.7137	16.4519
21.0758	13.714
-15.8121	-20.3868
-22.505	9.80692
-10.2212	-21.9827
-13.4172	-21.4918
-24.3049	0.361183
10.1592	22.4531
16.6705	17.4042
24.5562	6.97853
12.3407	21.6537
2.66983	25.1301
-22.2197	-13.1607
8.99765	24.0058
-4.31819	25.4571
-15.141	21.1044
16.8231	19.1587
-18.1446	-18.038
-21.357	13.5719
-18.7786	-15.6127
-17.4671	17.3385
17.5629	16.3783
-19.2194	-14.9975
17.7545	18.5438
22.4848	-11.3212
-17.2127	-19.2069
-14.3541	-20.653
-24.2983	5.89538
-23.8877	4.09714
22.5982	11.8324
-23.5976	7.0447
16.2575	-19.6622
-19.5659	-15.2421
12.3375	-21.228
22.2071	10.1194
-5.68143	24.3656
24.2962	7.58449
24.6961	-6.7901
9.44483	22.7684
12.9719	20.6502
25.9333	1.05364
-9.6118	22.0296
17.5962	16.5584
22.8767	9.03224
8.94321	22.6456
22.3948	-12.4756
19.6234	-14.0197
-17.4828	18.9833
-19.638	14.6817
-24.4975	-6.96473
19.433	-14.1184
-18.2793	-17.336
8.74773	-22.6363
25.5245	4.25468
-24.1936	-5.02893
24.341	8.61893
22.4453	12.3583
1.72824	24.1372
-25.2681	1.49793
21.9341	-13.5416
25.8424	2.82953
25.4086	5.22109
-11.857	22.4685
-11.9431	22.4044
-21.2416	-12.8663
-15.0756	19.6718
-18.6943	-17.8635
14.9845	19.9683
23.3751	9.70257
-9.0196	-22.6965
-22.6674	9.97975
24.4517	-5.60223
-23.8689	-5.58968
12.3467	-21.0727
16.5815	-19.8604
-17.8881	18.1104
24.4017	5.62859
-23.8624	9.54021
-3.18597	24.8219
24.4654	-6.87966
-10.052	-22.9796
-19.68	-16.8304
11.2546	-21.3008
19.7738	-14.7487
-18.3497	-17.2003
15.754	-18.3893
24.365	-5.23949
25.3905	3.44665
-4.39623	25.6152
-2.35019	25.2581
21.1788	-14.3609
4.96569	25.4757
23.4085	-8.09061
13.5175	-20.9594
-15.3538	-20.3604
-4.30681	24.6658
22.7726	11.0726
-6.60439	23.6761
-21.7402	-13.1161
-22.7479	12.1427
9.03339	24.0312
14.4211	-21.5977
-17.8041	-16.9719
15.766	-19.7642
-15.2233	-19.0337
21.9286	10.9728
24.5437	-5.29732
-12.605	-20.9762
-24.5507	-6.82848
23.648	-6.27453
15.0354	-20.0343
-9.65681	22.0405
-18.8467	-17.2113
22.8857	-9.32373
-19.9447	14.977
20.509	-13.3471
2.99039	25.7249
10.2587	-21.9194
-17.483	17.8792
-23.1857	-10.0862
-14.5407	19.7769
-18.4357	15.4525
-13.8706	20.3471
-9.56947	-23.0173
13.802	21.6081
-20.0492	15.6035
11.6928	-22.0808
11.1389	-22.2457
10.7314	21.9555
8.62352	-22.5899
17.747	16.6805
19.0497	16.1348
-25.4508	-0.0298793
-12.6326	-21.7319
-14.706	20.6409
13.4712	-21.6544
21.0079	12.8678
-21.7923	-10.9801
13.3209	-20.468
-13.9131	21.3977
-23.7358	9.53388
-17.3611	-17.282
17.7637	17.0461
8.11988	24.4884
14.4598	-21.085
-9.79572	22.7543
-5.70978	24.2426
-24.6479	-2.39588
-24.2515	-8.28334
24.9178	-0.350724
9.45922	22.6823
-10.3865	23.07
-25.1565	1.27006
17.8539	18.6255
24.81	-3.09418
10.2851	-22.4175
23.8951	9.80841
-15.223	-19.2175
0.69451	24.0112
7.53298	23.4214
-11.9538	21.5699
25.6183	1.58143
-2.2762	24.2574
22.561	8.22721
23.0149	-9.84069
17.6771	-18.296
-19.3318	14.5268
-24.2153	0.207073
-22.885	-8.58559
-24.1725	3.07016
21.5296	11.9935
-22.7655	7.96308
-15.5328	-19.6873
-25.4958	4.25773
-24.7308	-3.72825
-19.0329	-14.8663
21.9409	10.4869
8.87046	-22.3042
-25.0145	0.0361326
21.7745	-10.9002
9.6659	23.7999
-22.6695	-8.07214
25.3357	-0.24781
18.9067	-15.2102
-15.5686	19.3385
24.6133	-4.95223
23.4085	10.3889
-25.6478	0.310139
-20.2271	-16.155
1.74201	25.2651
-16.9944	17.6033
15.8374	-18.1821
-12.7218	21.8429
-23.1436	7.49695
-22.1	12.4283
-11.7931	-22.688
17.8739	16.5509
-7.13506	23.6346
24.1457	8.82312
24.1315	2.75345
-2.16505	25.2429
-13.4448	21.4783
17.0457	17.9596
11.2781	21.2594
1.71385	24.6851
9.35417	22.1898
20.6593	13.9823
20.9545	-13.3284
14.2993	21.0312
-14.9171	21.2798
19.2917	17.2714
-13.8904	19.8949
-11.1771	-22.6973
-3.0016	24.1552
-17.023	19.0735
22.6875	10.0523
22.6072	11.9162
18.5511	-15.2999
9.40282	-23.9239
24.1779	6.51812
-18.9867	-15.2815
-23.1868	-7.20524
2.10791	23.9484
-24.6469	-2.87153
10.81	-21.8867
-15.0439	-20.1658
4.7196	24.9159
-19.3511	14.9206
-2.42899	24.8443
-22.3105	-10.0737
17.8965	-16.9539
-20.465	14.8496
-22.457	-10.0008
24.576	5.8405
-24.351	6.76308
25.717	-2.23526
2.73579	25.0936
16.4855	-20.0534
-23.7874	6.6255
1.58932	25.3597
14.2097	21.4962
-9.90866	-21.8744
-22.5908	-9.04037
4.08795	25.1649
-16.5838	18.6684
20.432	-12.8775
-16.0897	-18.4161
-22.2178	-11.1338
-11.1438	21.3317
-22.4578	-11.0108
7.24853	24.0597
22.2498	12.5809
22.9979	9.46178
-15.1427	-20.4305
-19.2079	15.1546
24.8455	5.52107
-6.08526	25.0494
20.8064	13.9367
-22.4653	-8.62273
-12.8748	22.2336
3.32077	25.3086
-16.7209	-17.4207
10.502	-22.0368
20.1165	15.0021
24.3301	-6.07984
-16.4154	-18.8256
23.1829	6.56893
10.0104	-22.8315
-23.9472	-7.6095
10.5244	-22.7993
24.2148	-1.89535
12.7691	21.2108
-18.7833	16.6158
-19.2457	14.379
24.9398	-3.12627
18.8858	14.9987
21.1552	13.0077
-24.3708	-4.75364
21.1751	-14.6023
13.3829	21.2063
2.6326	25.6586
-5.77701	25.2553
-12.8924	-21.2673
-24.3454	4.99347
-3.42931	24.6423
-24.0094	-3.94039
2.36999	24.4609
23.721	7.69876
23.9545	-6.68637
14.5432	-21.4788
-24.5052	6.68301
17.2048	-19.1614
-17.2726	19.0395
23.3879	-10.906
-21.4071	12.6693
8.43932	-22.5375
-11.0131	-21.4164
-9.9995	23.048
-11.2028	-23.189
24.5637	5.80696
-11.1208	22.7559
1.03295	24.7648
18.2824	-18.2294
-24.4631	-0.646222
-24.76	5.6577
23.6493	-10.0548
-24.7105	-5.87365
21.461	-14.257
-21.7872	10.8275
-20.2957	15.7891
-7.25267	23.2414
-18.7938	17.5497
23.9941	4.90129
-21.5991	-13.7117
-15.7874	-20.5347
9.77204	22.6721
12.1954	-22.6699
24.6486	-5.86656
-10.2264	23.5339
7.58107	23.1728
-13.5978	19.9921
-10.9227	22.7691
24.1384	6.33192
12.6719	-22.0805
22.9888	-8.42747
-4.31071	24.3045
-19.0497	15.7161
16.629	-18.8566
25.4185	0.821448
23.7646	-5.15599
23.9621	-5.49146
9.015	-23.587
-23.5525	8.1241
22.6822	-9.34484
-21.8394	10.0715
23.1406	-6.50715
11.3841	-21.6002
-17.2542	-18.2016
-15.1491	-19.1375
10.8066	21.7395
1.77284	24.5045
-11.9572	-22.9322
-24.5518	-1.88779
-24.2647	-9.02024
-18.2485	17.8145
12.1008	21.1734
-4.48209	23.9452
21.8021	10.6558
-25.0409	-1.97678
22.3836	9.94883
-16.2439	-19.7484
-19.0016	15.6306
-23.1011	-9.38663
24.2301	-3.75288
-24.5422	3.55792
-16.7439	-18.7494
25.4404	1.24162
-22.4246	11.9841
-12.1437	-22
-8.4585	-22.4981
-6.92431	23.3373
21.1289	-14.1278
24.6717	-7.42734
23.4936	-10.0891
-18.4544	-17.7187
18.8841	-16.6336
24.5772	6.19273
-25.258	-5.93153
-5.74688	24.1822
-24.5576	-8.23355
-24.71	-6.48307
16.2425	18.8915
-14.5931	20.8106
24.4659	0.0375725
-21.7315	12.6393
25.366	-5.58661
-24.2526	-8.5722
24.3104	4.97381
-17.547	-18.9532
-21.6882	-13.7098
24.1085	5.05476
-19.5061	-15.2905
-19.4038	15.2
24.4918	7.90757
0.679446	24.7433
-5.85486	24.0729
24.8285	-2.93138
-11.712	-22.8463
14.4611	-19.1864
-15.4657	-19.6589
25.0387	-1.85914
-0.888757	24.5386
-13.5614	21.6004
-24.4694	-3.21432
-23.0371	-7.59058
20.1807	-13.3963
18.7039	-16.6232
24.6217	-1.61469
-22.2461	-13.1152
-25.9854	-0.290025
24.0845	-3.03629
11.6163	-21.6165
23.6774	-8.29573
14.9922	20.4043
13.787	-21.1108
7.92019	23.275
-9.00182	23.4027
-11.4942	21.6372
-24.5824	-3.80208
-12.7223	-22.6273
13.9487	-19.8944
-24.5333	-1.91786
-7.74585	24.6345
25.537	-1.91282
17.5864	18.8523
-16.0769	19.9889
16.6395	18.0414
-21.8882	9.94848
-24.7183	5.29996
-18.2829	-16.619
-25.7279	3.24857
-10.9597	-23.2018
23.0347	7.76498
18.6756	15.1834
-21.8099	-13.5596
-23.2399	-6.26903
-20.1483	-13.3881
11.2066	-21.4318
-7.99599	23.6929
5.18935	25.388
21.4795	-12.2354
14.3888	-21.0696
-25.1618	5.32933
16.4097	-18.981
24.0027	-1.1402
-1.47476	25.0281
-22.3304	-9.25646
24.1803	-9.50029
-18.8015	17.4145
-12.5654	-22.266
-23.5105	4.92013
-25.2403	-1.16022
-16.6861	-19.7228
23.9903	9.88561
-9.04106	-24.2593
-16.8971	19.5763
16.3371	18.8382
6.0804	23.956
-13.6274	-21.4189
-13.0284	-20.1584
9.83177	22.5809
8.20628	23.67
-19.5739	17.0175
6.69512	23.9583
-19.9424	-14.1034
-0.922179	25.3239
-23.3511	7.89267
24.1568	6.45737
11.6936	-22.9364
-12.0542	21.27
-25.5449	-3.93883
16.6599	-18.9338
24.7863	5.42589
-25.0658	-6.49851
-14.5461	19.8285
18.2533	15.7161
-23.7721	6.94953
22.9756	7.26088
-10.6545	22.6153
-9.69913	23.4166
14.9082	19.961
9.56273	22.1616
-13.2528	-21.2779
-22.6611	9.65743
-20.7916	15.0662
25.5004	1.0102
-10.915	-21.9472
15.3755	19.5984
-21.0322	13.076
25.8156	1.81353
25.2171	5.90793
21.9235	-12.1318
-21.6848	-12.0698
23.4325	8.44509
-25.6889	-3.13467
-6.4644	24.4923
12.4581	-21.2255
1.64065	24.2274
-24.121	-7.44767
15.2269	-20.726
-22.011	-9.77275
-5.71296	24.6749
15.6816	-18.1701
-18.126	15.8163
-25.0212	2.01647
-14.6845	19.3976
-0.2642	24.9734
-25.4303	-3.65234
23.8528	-9.81695
-22.8161	-10.397
-17.3626	19.0005
5.89619	24.1807
9.05898	23.387
15.4003	-18.53
25.0529	1.72611
-22.8607	7.9801
-22.989	-9.97254
11.2188	22.8811
21.3117	12.713
20.526	13.0938
-12.9646	20.652
-23.9318	4.85955
-25.087	-3.0544
-24.6942	-2.57242
8.91856	22.8934
-5.18859	23.616
25.6885	2.39746
-12.7295	22.3907
24.8385	3.60155
24.504	-0.285446
-6.66254	23.06
14.685	21.4356
12.7116	-22.6173
-17.1394	-18.0276
-24.9589	2.76774
24.6526	-7.17636
-24.6964	0.447244
0.0741335	24.2311
23.4971	6.47357
-18.9449	17.6865
-2.69361	25.0486
-9.04466	-23.5788
23.7955	-7.41219
12.9905	-20.6356
-15.3788	-20.4083
24.1563	9.23706
11.7705	21.0459
15.7824	-19.9625
-15.6993	-19.2179
8.15784	23.8747
-24.3614	-4.10309
-22.722	-7.79712
-24.34	0.835458
-12.2449	-22.6272
14.1785	-21.0889
20.851	12.2902
11.3009	23.3701
25.2342	-0.745817
22.3837	-13.1171
17.1486	-17.3356
15.7497	18.2097
20.3212	13.7121
-2.80206	24.075
-15.5911	19.7324
25.2398	2.547
-12.0728	22.0015
1.05397	24.3184
-8.816	-23.9294
20.6063	-13.9052
7.56903	24.3756
-24.6842	-3.98536
24.1737	-5.64747
21.6297	12.4304
24.0383	5.87438
-25.1555	5.0268
-24.3691	-1.91395
-13.3434	20.4711
8.67824	23.5311
-2.96914	24.4306
0.0598299	24.6221
-22.054	11.2617
22.6219	-11.2638
24.5028	-6.2003
-25.5534	-4.12607
15.3255	-18.5982
4.08081	24.046
10.9888	21.6859
24	7.18875
24.0694	-3.8717
-23.5821	-5.34743
-23.2702	10.3541
23.7661	5.95237
-21.6446	-12.3228
24.0408	3.17611
22.6248	-12.5069
-16.19	20.2025
-10.4131	22.4521
15.5856	20.7066
-20.7853	14.2746
23.3725	-10.4949
-11.596	-22.0082
23.2437	-9.43183
19.5067	16.8381
-25.0784	0.493052
21.9648	-12.5399
21.511	-12.0767
-25.5104	2.20824
-24.9138	-7.38405
-25.263	-4.42478
13.9141	21.2825
22.4615	-10.6197
-20.6744	-15.5559
9.50842	-23.3969
-6.00905	23.6189
-2.50989	24.589
-25.1524	3.76055
25.6199	-0.965878
12.466	-22.0228
-21.6611	12.8036
14.4076	-21.5286
6.74181	24.6319
22.2156	-13.276
19.8804	16.4196
-10.1328	-22.455
2.52426	24.0365
-22.6616	-12.551
-12.8775	-21.9618
16.6434	-19.1388
-12.5423	-20.5252
-12.1094	-22.6394
0.0359431	24.0381
-19.8975	13.5219
-16.2754	-18.2912
-16.0944	18.6983
20.9257	-13.8785
24.2759	-8.5016
14.4538	20.3827
18.138	-17.3134
-24.7194	-4.47986
-18.7472	17.3501
16.2656	-20.0911
1.00555	25.8823
-25.0322	6.74961
-0.614857	25.6889
9.07878	22.9266
13.8628	-21.7267
24.2835	7.81863
-15.6688	19.9558
21.3459	11.9831
-4.84858	23.5867
19.6496	-14.6197
2.28909	25.6969
18.7418	15.2057
-24.9862	-5.13199
-23.1974	-11.0285
-22.8439	8.1651
9.6507	23.0596
-24.1365	-1.08684
-10.3571	-23.1536
25.0538	-0.0435607
-8.88708	-23.5278
-18.0666	-18.5222
25.5613	3.23944
20.6613	-13.1167
24.6623	-0.531901
-24.7205	7.79024
24.5828	-2.05167
20.9755	14.04
24.7341	-1.64102
-10.9027	22.2905
9.22644	23.0111
-10.1617	23.2774
18.1812	16.5426
18.2487	-17.4334
18.3936	17.2196
19.4923	-17.1476
-21.6379	14.3905
-23.2825	-10.8418
10.4257	-21.6509
-22.1278	-12.9709
-23.1985	-8.61761
-20.4074	-15.8596
-25.3026	0.618957
-0.452888	25.22
-24.7339	4.68565
-16.8797	17.4903
-23.0714	-10.6149
-15.2357	20.9848
7.27692	23.1472
-23.2409	-10.1993
-5.10962	24.5606
-16.0274	-19.6159
-16.8481	17.1681
-16.6179	17.9986
22.9473	-10.4949
24.7731	-3.86919
21.9276	12.2582
-25.9506	-1.42832
19.6872	-15.1674
25.0567	3.28496
22.6793	-12.3926
22.3962	11.1448
17.5104	16.5607
-8.41052	23.8072
-25.2768	2.07514
24.6358	-1.22366
-16.7957	-17.7419
11.1736	22.5244
-13.5871	20.9285
-24.4075	-7.85098
9.86699	23.9569
23.4822	10.6606
20.351	-13.3551
10.2754	-23.4465
-24.3468	-8.29004
17.5977	-18.427
-18.5956	18.0362
-23.7933	7.47161
-9.42626	23.0367
-2.02767	24.4512
-23.8619	-6.8815
12.9757	20.4236
24.748	-6.44955
-17.9785	18.3395
23.8159	10.0664
-21.062	12.5162
15.3286	-20.4458
-14.358	21.4092
23.7085	-10.4261
15.0283	20.2726
4.89331	24.3089
-23.8144	3.11088
-20.4436	16.021
-12.9786	-21.1493
-22.1682	-12.2115
13.1695	-20.7579
-23.0989	11.33
-23.5918	9.54296
-18.0606	-18.4499
18.6527	-15.2644
19.9096	14.6943
-25.3118	1.65964
8.37086	22.8456
9.18365	-23.3767
-24.0911	-1.33209
18.877	-16.4666
-16.7623	17.4295
23.2627	6.74182
19.2455	15.9684
5.7956	25.1039
20.0574	15.4556
-23.737	-5.42576
18.304	17.2137
22.9919	-9.85289
-5.21769	24.5178
23.4731	10.6991
9.42789	22.5066
7.40612	24.4082
23.5078	5.38293
-12.3887	21.285
-24.8746	-2.01843
1.10675	25.7029
21.3291	-12.6703
23.4325	8.02892
-18.8096	-15.5143
20.8976	14.4829
-24.8286	0.34493
24.104	2.31809
22.8667	-8.92036
-9.49708	-23.4216
24.6175	-0.460544
-7.1243	23.6577
19.1845	-15.5554
-24.0459	2.604
2.57045	25.1475
-19.3746	14.5794
-22.9389	11.8397
23.5602	8.67424
-19.6486	-15.1685
-22.2701	-12.1798
-16.5898	18.7081
21.1292	-12.1411
-24.3542	6.75363
24.2114	3.87504
18.9793	-14.9911
-11.707	21.9758
0.713742	25.5874
-16.1711	19.2394
-17.723	-18.232
-24.6209	4.44495
14.7533	19.2629
-0.800542	24.6539
-23.51	-8.21713
-23.2428	-10.0375
11.8646	22.2157
24.2634	-0.55496
24.6492	5.30773
-24.3168	4.08181
23.5323	7.78432
9.32674	23.1117
-19.8821	16.1086
24.3649	-6.36034
17.7389	18.9293
16.2778	-17.7261
22.0181	-9.6326
21.4432	-12.0257
-1.47688	24.452
8.92398	22.472
25.2123	0.925967
19.9984	14.2448
-8.75308	23.249
-22.2022	10.5707
-19.9789	-16.5104
-20.321	-14.5032
24.0324	7.5218
-19.0698	-14.8574
22.2385	-10.0736
25.1843	-6.19231
-10.1905	23.2664
-6.356	24.3211
-20.1292	14.3112
11.5974	23.1197
25.8661	1.04459
8.19079	23.2645
-24.5126	1.50013
-18.045	-16.5015
15.339	18.5565
-17.2692	-17.8455
-11.4564	23.29
19.821	-13.5987
-18.5938	-17.6067
1.29129	25.7519
23.747	-10.075
-15.1517	19.1876
23.2307	-6.96076
21.8992	-9.95225
7.95049	24.3546
-10.936	-22.7838
20.6426	-15.2569
25.8006	-3.11093
-16.0825	-18.0756
21.8602	12.9755
9.81244	24.0212
10.3331	-21.7057
-11.7301	21.6176
-24.9383	2.69132
-24.4081	6.80986
21.2247	-14.7922
-22.5939	9.61484
-23.6003	4.94739
-14.3977	-19.5363
-16.7163	19.502
-23.0732	-8.91469
-10.2933	-22.1356
-23.906	4.28622
10.8178	-23.3095
19.551	-15.4367
-9.5354	23.4283
-25.2085	3.88072
-23.6938	-6.26164
12.1861	-20.8822
-14.6494	-19.5096
-17.3752	-17.6377
-24.8667	-3.6057
-12.9053	20.7574
-11.6459	-21.2974
-17.5597	-17.8117
-1.30362	25.2418
-4.5803	25.3314
-18.9156	-17.8204
-24.5561	-7.3927
24.7919	-7.81391
-6.8079	24.2577
-15.5083	19.3062
19.0281	-14.7173
-18.6044	-17.4663
12.9983	21.3169
-6.77305	24.1709
-24.3842	8.17396
24.7051	4.21191
-24.7287	-0.682041
-7.36551	23.3024
23.8281	10.1011
7.94823	23.1485
-20.7576	-15.4438
-13.288	20.5955
-14.4733	-20.1114
19.5491	-15.526
-23.4135	11.0205
-9.10299	-22.8181
11.335	22.9164
-11.3243	-23.3463
23.3763	-11.3563
24.088	-8.70098
-18.0072	16.8236
10.8268	-22.2965
4.05106	23.9941
-16.4931	-19.8567
-14.4606	-20.734
-24.8803	6.12432
21.3798	-13.3968
24.6818	1.54577
23.9036	8.80075
23.0021	7.04782
-0.650581	24.4005
-6.47247	24.6794
-0.400071	24.5196
25.2004	1.48716
23.6779	-4.03373
18.4024	-18.2291
22.3065	11.6418
24.1861	-9.20925
-23.4072	-9.98888
17.0425	-19.2608
-24.5681	-6.99299
-25.0651	6.7943
4.9746	24.2256
21.9402	-13.4708
4.31523	24.1663
23.7383	-5.00682
15.2239	-19.379
24.3318	-0.331624
-14.7015	-20.0515
4.98732	24.4271
-9.19606	-23.4672
-17.3053	18.5096
-8.34607	22.7752
21.0086	-13.4583
-0.202223	24.6577
11.7899	22.1065
-17.5125	17.1848
-24.8279	5.72773
23.7857	-7.86052
-4.98879	25.045
16.8708	19.6141
20.1499	-14.1231
24.7397	2.1338
-25.054	2.4997
-24.4491	-5.7534
-22.9509	7.39579
-12.0125	-22.0829
-23.2193	-10.2868
13.5937	21.2581
-17.0978	19.5628
6.807	24.406
-10.7154	-22.9562
-18.5787	17.5857
24.0015	0.59823
8.42097	-22.6711
-6.57164	23.3837
24.7996	-1.19608
6.1144	23.8129
6.44759	24.3718
-19.0102	-16.823
-0.878941	25.9491
18.6427	15.2516
24.5799	6.76608
21.8426	-10.4482
-13.4499	-20.4803
-12.9777	-22.528
23.7995	-5.67652
-2.68273	25.1662
-20.0266	14.0681
9.95461	-23.3957
24.7242	6.61055
17.6786	-16.7558
21.0304	-13.7607
22.6565	11.7138
9.75348	-22.2117
21.023	-12.6477
20.2641	-16.1095
-4.86864	25.0303
6.77791	24.5793
-24.4947	2.24696
-18.5425	-17.0445
11.1753	22.9609
-20.6505	14.748
25.8054	-2.57391
22.4524	-9.91186
12.6789	-22.3974
-23.131	9.62192
20.9842	12.0721
-13.8432	20.9261
12.4687	21.9507
-20.3175	13.6316
-18.6149	15.264
-15.5141	19.9728
22.1215	11.9584
-7.45455	23.3275
24.6758	7.73187
-22.3585	12.9506
-25.1043	-1.05245
-21.8218	-10.9521
24.3801	-3.75465
-25.3358	3.02181
11.959	22.4764
-8.46639	23.6435
-5.09049	23.9478
10.2027	23.8063
-23.0629	9.38151
20.4214	12.8371
18.9948	-16.5887
15.8302	-18.3373
25.507	0.607972
17.8002	-17.6735
-19.9659	16.643
-17.6584	-16.3065
18.8635	-16.0574
20.9806	-15.3404
24.074	-4.49569
19.8938	-13.7264
21.8577	-13.3853
15.3274	-20.4524
-20.447	13.6786
7.03031	23.3104
24.4188	6.27896
14.8506	-18.9134
-12.3269	21.4367
-24.3471	-3.21033
-25.242	-1.33773
9.84373	-23.5091
-24.6908	-8.09798
-4.37568	23.6316
22.9501	-11.4898
24.8682	-3.84452
-21.3024	-14.6106
-23.9279	-7.43068
-9.08727	24.3277
23.7013	-6.02825
-16.6784	19.3002
-9.66655	-23.5012
-9.31704	-22.5325
-2.08109	24.3553
-23.6321	5.55792
-25.3789	-4.60828
-17.9144	17.9539
-19.5737	-14.0875
12.8795	21.2207
-2.04704	24.3139
-23.7053	-6.69036
-24.2668	2.83758
9.03776	22.3526
-23.2107	-10.4107
-25.0187	1.20068
-13.3113	21.4884
0.75156	24.8591
13.9673	-20.2104
24.2992	-5.95791
11.1713	-23.3065
17.2898	19.0362
-0.171783	25.624
-22.8861	9.33108
19.5497	-16.1982
-11.6053	21.2292
15.9192	-18.0096
13.6949	21.9501
11.1142	-21.7742
-24.6209	6.48589
17.2258	17.2348
-24.5629	2.68329
10.2686	22.993
-18.6771	-18.0645
9.56547	-23.5844
-23.1722	11.4616
-4.01908	24.4502
11.9003	21.6653
24.0398	0.775222
14.659	-20.4221
-18.2151	-16.5264
25.535	-3.05879
22.6262	-11.8107
21.9377	-12.7983
8.11571	23.6206
6.07172	23.6456
19.7549	-16.7697
-1.11306	24.4783
19.0523	-16.0635
-25.5366	4.57786
20.5201	-13.8254
-10.5852	-22.4726
-24.4964	8.32477
-8.732	22.5521
18.3944	-17.4988
11.734	-22.343
25.4286	5.21031
22.6621	12.2868
-17.2717	-18.8865
-25.6243	1.90134
-16.3007	-17.9834
-24.547	5.94996
24.5996	0.593353
-23.3416	-8.99494
-24.2372	-8.1339
-23.5748	6.13522
-22.787	-8.88968
14.3889	21.6375
-14.1147	-20.8018
18.2671	-17.4705
22.3377	-11.293
19.5498	-14.3908
23.4825	-10.1992
16.8352	17.828
22.0051	12.0563
-8.9623	-23.2822
-24.176	-2.64809
-24.5827	4.23707
9.10836	22.5716
-9.61073	-22.5029
11.489	-21.5459
-23.2855	-9.16264
-24.8059	4.28138
12.5067	22.2738
18.307	15.928
-25.6103	-0.845873
-22.7505	10.924
16.9309	-18.7432
10.8126	-23.541
-17.958	-16.8131
-8.39928	23.4943
16.3038	-19.0428
-22.7657	11.2479
21.1827	-12.1296
-2.11613	25.5427
25.5321	-4.10024
-19.3613	-14.8824
24.1627	-0.953083
18.4167	17.0418
24.8508	5.44377
-20.5008	-14.9009
11.4084	-23.1103
11.1178	-21.5763
-19.5732	14.7801
-25.6186	-4.04817
23.2792	-10.429
-20.7489	12.4306
-24.8825	-1.33369
-20.5079	14.4463
-24.4575	8.29094
-25.6901	-2.24827
7.19587	24.4084
12.7165	22.4353
21.7157	-10.6449
-24.455	-1.74182
-22.022	11.3084
-7.11622	23.9102
-23.9044	9.99401
-10.8084	23.1739
23.8498	4.85614
-0.582836	25.7845
17.9822	16.0335
-23.1293	10.5884
13.274	21.7814
-14.2062	-19.58
4.97271	23.5301
-15.0431	-20.1642
23.8669	-5.22739
20.4381	13.1844
-2.43399	24.8062
14.3658	-21.5369
22.8756	11.2837
-9.81369	22.2843
-18.3048	16.9907
-19.6616	14.3675
7.17244	24.6323
-15.6482	19.8686
24.1121	8.63323
-22.3198	12.4024
8.63071	23.7535
-22.6834	11.1867
-10.7376	21.9874
-21.847	11.4847
-17.2041	18.4522
21.4603	-13.5525
-3.29018	24.5024
-22.9404	-10.2985
-22.4777	-11.4429
24.0111	-9.08667
-17.4799	-17.5903
10.5525	-22.8313
-23.2196	-11.663
-21.7648	-10.3863
13.0611	-21.7967
22.1491	11.5063
15.955	19.052
24.7919	-1.98429
-22.4936	-11.5493
-3.12751	25.5749
-17.51	-18.2181
23.8255	8.12626
8.54841	23.3151
-18.0551	-15.8658
14.4265	21.3253
-19.201	16.4099
-24.4074	0.059504
25.7141	3.63655
-24.1678	-0.904388
22.0078	11.945
24.7632	7.71781
9.69352	23.355
-23.9639	-3.99308
-24.8363	-1.70473
12.6088	21.375
-17.2753	18.8263
-20.4677	-15.097
22.0762	12.6745
13.3729	21.1545
10.0856	-23.7864
10.1623	-23.5728
25.8298	-0.887389
9.82071	22.0691
20.17	-15.4775
8.96588	24.0447
-22.796	9.31251
-18.2214	-16.8396
8.65501	-22.7876
-23.635	-10.6935
-12.8437	-21.7479
23.8439	4.76525
17.6984	-16.4048
2.42605	25.4971
-16.6168	-17.6852
23.7821	8.60745
-24.274	-6.39532
21.5404	11.9563
-9.00409	-23.5774
-19.1227	15.0304
-23.6333	-8.51242
22.5011	9.38685
4.91924	25.4371
-20.8408	-13.124
-8.41408	23.1972
-17.893	-18.1048
-19.4781	-16.4428
-17.3786	-17.6373
-22.938	-7.99455
9.51026	-22.0723
13.8517	-20.705
19.2385	15.5766
-21.1356	-12.1699
20.3568	14.6422
-23.1107	11.8379
-23.2025	-6.2175
-6.13413	24.5802
-15.4378	-19.0082
21.6056	13.5043
-7.76742	24.5179
8.28654	24.1336
24.758	-2.59812
-11.3543	-23.315
-24.9478	6.07541
21.7064	-13.096
24.441	2.21902
-10.1731	22.786
20.152	15.2012
12.1599	-22.2421
-17.6228	18.1829
25.5003	-1.35475
-24.0743	-3.57312
-17.9517	-16.3433
-15.475	-20.0746
6.57793	25.1287
-20.0965	14.7528
-25.2913	2.39411
20.6728	13.1346
-25.876	1.43487
-13.9541	-20.5985
23.7829	-8.39651
-17.8988	-16.0093
-20.2481	13.7239
16.3604	-17.7676
10.3364	23.713
-11.6721	-22.5864
17.7238	-18.9632
1.18567	24.6106
20.9794	-15.1413
-8.13426	23.2946
-23.1327	-10.6355
-21.7432	-13.2776
24.1545	7.98186
-1.23933	25.7812
-8.25741	22.7371
21.6031	-11.7108
-22.2307	11.4417
-24.5405	-4.34645
-23.9841	8.0203
16.234	-18.7417
-24.4387	4.53029
3.06401	23.9807
23.3438	-7.57825
15.4918	19.8072
24.8248	-7.09764
-17.1195	19.2962
-10.212	22.3425
-23.7474	-7.44989
-17.082	-18.1159
18.5146	17.3079
17.917	-17.2744
-3.1999	25.7177
-12.9332	21.7553
7.88149	23.903
16.4636	-18.3127
-11.4166	-23.2989
23.208	-10.3495
-23.8076	10.1483
-20.6228	13.9855
-9.09568	22.9979
-23.536	-10.7851
-18.2627	17.6274
24.4352	5.84389
-17.9218	18.0545
18.7425	16.3673
21.6223	-10.6454
14.1405	-21.6146
-18.7201	-16.8713
4.99172	24.1107
-2.52632	25.6023
22.0514	-12.7927
-20.9366	12.5904
-22.6488	-11.4627
-24.4332	-5.71291
-23.1427	-11.8045
-25.1509	5.63425
20.9486	14.1486
0.729316	25.7611
-17.684	19.0465
6.53576	23.6459
-18.9752	-16.8627
-23.9756	3.79618
23.3898	7.54875
-10.1921	22.5025
-15.7377	18.6976
-3.41332	24.7949
-12.4769	21.5945
-6.97516	23.3962
-15.8861	-20.3237
13.0212	21.1561
-20.0553	13.8812
19.0161	16.4601
-17.2529	17.4238
22.8864	9.67789
6.83711	23.9478
24.463	-4.24766
-13.9186	19.5568
22.6177	8.88235
21.2071	-14.5157
4.68908	23.9112
-0.374817	24.9832
25.155	-0.732654
24.1659	-3.41752
-20.9073	-11.9393
16.333	-18.1811
-25.1288	2.69978
12.968	22.4727
-14.6387	-21.3503
-17.5024	-18.044
-12.6617	-21.8466
12.788	-22.5572
24.161	7.23009
11.4198	-21.4955
0.756428	24.2847
-25.4459	4.60028
-10.3914	-23.2568
-9.01651	23.3843
-10.551	-22.2695
18.1815	16.5556
-13.5388	-21.5153
-13.2953	20.5764
23.0599	-8.59948
2.81175	24.0964
-24.3439	1.40822
1.72488	25.5394
-0.837904	24.0625
-23.4026	-8.35099
19.1797	16.8478
23.0284	8.8715
-3.4808	25.6813
24.3694	4.1986
-20.7347	13.1615
-23.9163	-5.76922
-9.05111	-24.326
-17.9128	-17.9548
-21.0203	15.1227
23.0697	-8.48555
23.9515	-5.70029
22.8863	7.71607
21.7323	12.005
17.0997	-18.3655
-21.5438	10.7392
0.206272	25.816
-24.9304	-3.38803
-12.2939	20.8478
2.79766	25.4948
-19.5557	-15.2949
-23.3268	8.65481
5.13805	23.735
12.4467	-21.3328
9.0852	-23.834
23.5679	10.0674
17.0236	19.3167
-22.6963	10.8742
-6.97034	23.6097
11.9407	21.3687
-18.583	15.5671
-10.4001	-22.0236
-17.6948	17.2577
-22.7565	9.25343
10.7032	-23.4951
1.59372	25.577
24.0552	-1.99599
23.9531	4.54114
-24.9349	6.45229
-24.1894	4.09126
19.9372	14.1656
-24.9528	-6.06368
23.2533	-11.4311
-13.3537	-21.3068
21.7137	-11.6537
-16.6971	17.4106
22.314	-12.6083
17.3032	17.0762
-25.2516	-0.148719
-13.3285	20.0338
-21.893	-12.0381
-24.0974	-5.65293
-21.6233	14.0145
14.1076	20.4751
-12.0742	22.3995
-23.9641	2.05509
6.3753	24.3893
-24.5225	5.69478
23.5923	-6.74365
13.2344	21.2775
-24.8159	1.48667
17.8043	-17.3472
11.4034	21.7313
-23.2395	-10.8957
-25.038	-6.65076
-23.8473	-9.09248
-25.7009	-1.19241
16.8013	19.3704
19.0102	-15.6322
23.4616	10.3035
23.8387	2.85511
-1.98478	25.6336
-24.2205	2.45499
18.4471	-16.2844
19.0801	-15.2244
22.8312	-10.7062
0.086599	25.3526
-8.92401	22.6656
-17.2918	-17.7872
-9.32157	23.1785
-15.4401	-20.4544
15.7121	18.6098
-23.1064	11.4053
22.1008	13.4678
22.6194	-9.65005
10.2851	23.7391
-10.3605	-23.1933
17.1505	19.3153
-10.069	-21.9789
-3.70185	24.405
-22.3201	-10.0991
25.567	-4.08502
-25.208	2.85529
-24.1062	6.87716
-25.8157	1.21209
-11.7215	21.905
11.0148	-23.4046
22.6831	9.53754
12.898	20.5682
-23.7339	-9.38983
18.5966	-17.0891
-24.3936	6.42683
-11.5125	-23.0006
24.2464	-5.57581
-25.6147	-0.184255
15.5531	20.1958
-23.621	7.60959
24.3746	2.25031
-15.9351	18.4171
17.9046	-18.1917
-19.5197	14.9473
-21.63	12.1351
15.1094	20.5458
-24.0343	2.34862
-10.3733	22.2857
-2.04539	25.4761
-9.65959	22.7939
-13.3879	-20.1612
-17.6115	18.6032
24.4567	7.38475
11.005	-23.1465
-2.01057	23.9479
-22.8816	-9.52966
-20.2055	13.5854
-19.882	-13.807
23.3095	-9.91939
11.9884	21.8686
22.6221	11.9573
4.3341	24.6085
-25.8804	-1.97876
24.0144	2.0961
-23.9111	-4.37522
21.8929	12.6572
17.9216	-18.3722
16.1905	18.5388
23.0807	-11.0684
24.587	1.6754
-21.4025	11.1588
20.609	-15.4109
-4.66209	24.094
24.4813	1.32686
24.3896	5.41889
10.0555	-23.9313
-24.3549	7.19167
-7.44659	23.365
8.89527	-24.024
-7.02062	23.8518
-21.9573	-10.3383
18.4429	16.5461
-19.738	16.6655
7.89568	23.337
-23.9525	-10.0062
19.6798	16.8192
23.5921	4.74323
-25.2569	-5.1377
-19.2561	-15.0098
14.0404	-20.5818
13.883	-20.4748
16.6302	19.3496
-21.3484	13.9484
19.36	-14.9723
-18.8453	15.6025
19.2352	15.4667
14.8655	21.1688
23.7158	8.48949
-23.3685	-8.904
9.25669	22.4456
18.3331	17.3325
-23.8952	7.26933
-13.0884	-20.3276
-21.298	12.6731
-22.558	-11.1824
-13.1892	21.1404
-23.9975	-5.61973
9.17075	24.1494
-14.3284	-21.5937
12.7853	21.1698
18.9455	-15.0326
24.2011	-1.1305
-18.0214	15.9303
21.6975	-10.5271
4.59037	25.0585
22.8223	-7.49996
3.91171	25.4706
20.4506	-13.2808
24.0938	-6.1921
15.4395	-20.4759
-0.187877	24.4447
-25.7765	-2.46658
-19.4931	15.03
-13.6339	-20.9927
11.8628	23.0472
24.0415	7.85778
-18.5056	-16.5282
-21.94	13.8044
-17.1336	-17.5912
-16.4283	-18.0689
-17.2471	-18.3819
-22.4578	12.0776
-24.0514	-1.47446
-25.6249	-2.2003
19.7017	14.6467
3.57346	25.1063
15.0662	-19.5
24.4878	6.47906
10.017	23.4735
16.6974	-19.3028
11.5298	-21.4701
-10.2773	-22.2767
-22.0126	-10.8988
14.492	-21.1433
-13.0308	21.9393
20.5092	14.5453
-14.2943	-19.2908
10.0087	-22.3429
-15.0686	19.9957
4.9704	24.9359
-17.2467	-18.2872
-18.2304	17.4877
-10.1182	23.4905
-25.3005	5.17883
16.7662	18.0744
-11.9739	21.7973
-25.3464	1.00511
-10.7211	-22.082
-12.2799	-21.2754
-24.9852	0.604624
9.68895	23.4494
-13.16	22.0202
-0.900807	24.7611
-24.3182	-6.11997
2.03622	25.6285
-13.8885	19.7436
22.1239	-11.1626
-7.00532	23.8997
15.7323	20.4328
25.3894	-4.27126
25.1412	-0.700066
-23.5303	8.43322
24.1719	-7.62933
-4.263	24.7296
20.9762	15.353
-24.7804	-6.5703
17.2385	-17.8002
-15.9955	20.1515
-23.0465	-7.34183
17.0055	17.5505
5.54829	25.3
-23.9476	-9.01743
-10.8726	22.5886
-12.3472	20.8911
-24.2789	8.60021
24.9396	-3.90205
-18.6029	15.9362
11.6104	22.9306
-19.9868	15.7811
-23.7496	4.71475
12.4047	-21.4538
-19.3228	-16.4539
14.4599	19.9612
25.5546	-4.59835
15.721	20.4269
18.9643	-14.8703
9.69565	-23.5949
-24.3197	-3.4851
9.85846	-22.0549
23.6149	7.63697
5.75869	24.8097
15.9319	19.9814
16.2937	17.9367
-17.497	17.8501
-24.2971	2.2967
13.9976	19.6848
-20.5928	14.5849
24.2965	5.40892
-17.8735	-16.5869
-23.9031	6.23015
-14.1703	-20.5836
16.1709	20.156
-9.54487	-23.0123
-17.0097	18.6512
-23.3319	-8.98907
25.1732	3.44368
-22.7894	10.6299
-13.6884	21.9013
-16.6806	-19.3724
-19.9523	16.4065
-3.64334	25.4534
22.4732	10.1891
-19.7765	-16.5905
23.5724	7.92784
-24.5861	-3.52631
24.1892	7.75677
-18.8338	16.0106
24.85	-4.82155
23.031	9.63411
-15.3891	-20.9007
23.9623	5.30279
-25.7274	1.28095
-25.4093	1.71522
16.909	-17.9233
-10.5144	22.3697
22.5579	8.55884
-6.68479	23.8337
18.4573	15.5087
-14.4088	-19.475
14.0721	-19.9465
23.8184	10.2189
-17.896	18.6224
-24.8549	7.22148
11.02	-21.9636
14.7433	-20.0377
25.8074	-2.94104
-14.4328	-21.2081
-19.687	-14.9428
-18.5415	16.3713
-17.6432	19.0557
-16.7417	17.9217
-11.267	-22.5376
-23.4979	8.564
20.4589	15.1517
-9.82299	22.6977
-21.9101	10.9015
-23.1106	-6.83292
-11.1372	21.8879
24.6504	0.468318
25.9113	-0.888874
18.7682	15.6332
-12.6333	20.8344
3.911	25.6029
-11.5026	-21.5097
20.6596	15.3542
-13.362	21.1088
-18.8996	15.2791
-13.4881	-21.6707
-11.776	-21.9845
24.6011	1.3868
20.1834	12.9869
23.4183	-5.80504
-22.6903	8.31006
-24.4628	8.31762
0.423715	24.7541
-9.22317	22.9029
24.0511	1.70752
19.0103	-16.4978
14.4589	-19.9651
19.2113	16.9746
20.2932	-14.6854
20.5473	15.4004
9.45808	-22.4192
24.8708	-7.28119
-19.5161	16.355
-20.7701	-13.05
-9.07558	23.1332
21.7179	10.7407
-23.3556	-9.72072
22.7124	10.0865
-15.8345	19.925
-24.7778	2.97416
12.26	22.522
-7.48054	23.0876
21.7577	10.3809
-23.9499	-6.64181
21.6741	-11.3701
-12.6744	-20.4533
16.7165	-18.2036
-23.8177	-4.21156
11.3552	-22.096
23.8843	7.18151
-24.2641	-3.75595
-22.9768	7.31328
24.7521	-7.31728
-24.004	7.40782
19.0162	16.5409
24.4507	-6.80675
-23.5976	8.79398
-24.1687	1.30305
13.0475	21.6992
0.391482	24.2413
13.1187	21.6387
21.8171	13.9499
14.897	-20.6987
19.6354	-16.0531
6.4839	23.7342
-24.8283	-5.70288
-24.0368	-2.49608
19.4821	-16.2573
-6.09392	23.9373
19.8111	-14.501
19.565	-16.8926
23.362	-9.01226
-11.3864	21.7236
-5.36078	24.8278
21.7631	13.1952
-8.21654	23.2748
13.8303	-21.051
-22.2887	-9.14813
21.2703	-14.8566
11.1919	23.3699
23.212	-8.50347
-10.2407	22.6961
-10.75	-21.929
-14.1521	21.6264
-21.0227	14.9376
16.8368	18.6738
-20.5923	12.8922
-25.4897	3.49689
13.9088	-20.5513
-23.3031	-9.14273
-16.1207	-18.7872
-17.9889	16.0903
-23.1221	10.8806
-17.0356	-19.0744
20.1005	14.2711
-20.149	13.9349
-21.178	11.652
-20.0569	15.722
23.9577	3.11257
-19.1631	16.0961
5.0948	25.3787
5.44853	23.4887
-0.660402	25.618
15.0185	19.4399
-6.8564	24.3318
-22.3926	10.7396
11.2425	23.0288
14.3684	20.5879
20.1659	-16.2366
9.61793	22.9259
16.7735	-18.3767
21.0733	13.2555
-16.4737	-18.6729
-18.0725	18.3469
21.3137	11.7208
19.5627	-15.1074
-14.5192	-21.0031
14.7696	19.4687
-16.521	-19.4384
-12.2128	20.6918
-19.4119	16.7566
24.1196	-7.61013
21.13	12.5026
-23.107	-9.74307
-24.6883	-3.15225
-1.64335	25.7705
9.20691	-22.3742
24.6767	-0.330767
14.5284	-19.845
23.7802	-9.85288
6.45083	24.2509
-20.1629	14.2066
19.9862	-15.4964
-18.1452	-17.2178
-20.9154	-13.4549
-25.766	2.70641
-23.6717	7.50198
16.9374	-18.6451
-24.2387	0.587399
25.1316	-6.63416
-15.8548	-20.2727
-16.674	18.1893
19.4696	-14.3676
11.0316	-23.4776
22.4749	9.64432
8.92233	23.6681
-11.1965	-23.1158
-9.36236	22.8342
-15.753	18.3085
21.7064	11.7632
-17.2131	-17.2127
-10.1701	-22.8123
-24.312	-5.23853
12.77	21.0519
6.02605	24.2022
-21.1382	11.4106
-24.0102	-8.25837
6.16027	24.4897
25.5618	4.55065
24.8284	-4.49905
-25.1089	-0.984558
17.8929	17.176
20.6247	-12.8549
15.9879	-18.7018
24.7539	-4.83606
-25.6542	-3.87798
-21.373	-14.1185
-17.8711	17.9044
22.5827	-9.03788
12.7794	-22.232
11.2092	21.6525
7.94339	24.0208
-24.3081	7.77654
21.5899	11.6353
-18.4146	17.1771
-19.0095	-14.9487
-1.85172	24.1592
21.0469	14.7327
-25.0626	-0.160549
-24.0804	-3.48164
-0.79761	25.4718
14.4058	-21.0169
17.2346	-18.3777
-9.76051	-22.8949
-13.2978	21.7977
-17.827	16.5293
-0.426306	24.3062
-24.0631	-5.46746
1.69019	24.1148
-7.65659	23.9333
-24.7928	-2.16364
-4.52805	25.0018
-11.001	23.0134
-24.9848	-0.450268
-22.6506	9.78668
-21.4702	14.4
21.6478	-13.0778
1.61983	25.0445
18.2899	-17.0073
8.64492	22.7609
23.6633	8.44937
24.4868	-1.28301
-15.9237	18.4787
-9.41432	23.8107
-12.7607	22.6275
-9.95427	-22.4718
24.3292	-2.2417
-17.2806	18.3092
22.2465	10.9264
19.0647	15.1509
-20.0597	13.653
-23.8201	-8.16456
-11.0126	21.6284
-10.7939	23.6111
25.1214	1.85009
-9.85861	23.2859
25.3681	0.379393
24.1135	6.85547
11.5344	-21.9356
24.5973	-5.16845
-5.02876	24.7384
21.956	-11.9399
23.8459	-9.52035
20.722	-14.8743
-13.6785	20.1121
25.5811	-1.98693
24.0518	2.8548
17.1502	17.3197
-16.1336	17.869
-2.0159	24.8441
13.4176	-21.8449
12.7486	-21.8234
