-1.27479	1.22902	0
-4.27274	0.9763	0
-2.87876	1.36966	0
-1.18548	1.01693	0
-1.79657	1.1977	0
-1.26885	1.10382	0
-4.33861	0.753835	0
-3.0993	0.700493	0
-4.04808	1.07264	0
-1.31785	1.26049	0
-0.74299	0.891319	0
-4.1218	0.929709	0
-3.39105	0.997428	0
-1.73617	0.730911	0
-2.02612	1.42353	0
-1.28374	0.982696	0
-1.9489	0.709139	0
-2.31858	0.588613	0
-0.903517	1.0768	0
-3.94396	1.27665	0
-1.06994	1.43995	0
-1.70028	1.01795	0
-3.81745	0.852828	0
-2.6191	1.02105	0
-2.18248	0.520398	0
-0.540988	0.608801	0
-2.29052	1.33064	0
-1.92413	1.14534	0
-0.946279	0.708892	0
-3.51287	1.24071	0
-2.26344	0.802356	0
-4.35132	0.508331	0
-4.29459	0.86999	0
-3.66515	1.18825	0
-3.51048	0.700199	0
-0.684562	1.1668	0
-2.51831	0.501543	0
-3.64393	1.28062	0
-2.47024	1.20844	0
-1.35621	1.41676	0
-2.48269	1.26125	0
-3.53832	1.37391	0
-0.531705	0.980371	0
-1.14258	1.30532	0
-0.556653	0.506937	0
-1.35586	1.20447	0
-0.654675	0.762321	0
-0.868991	1.25374	0
-3.08924	0.955375	0
-0.527093	1.31959	0
-1.84064	0.908557	0
-1.17762	0.767551	0
-1.37527	1.439	0
-0.874042	1.09449	0
-3.92949	1.36463	0
-2.86071	1.46427	0
-3.03362	1.37467	0
-1.23245	0.591867	0
-3.76572	0.71242	0
-3.23774	0.802289	0
-4.49628	1.15884	0
-4.41359	1.28881	0
-3.25086	1.26502	0
-3.91972	1.48219	0
-0.548134	0.626135	0
-3.36334	0.810949	0
-3.4122	1.19503	0
-1.25287	0.878778	0
-1.33488	1.3862	0
-4.20453	0.834893	0
-3.4245	1.26618	0
-2.80135	0.546382	0
-1.65851	0.846486	0
-2.25588	1.02318	0
-2.56773	0.773381	0
-1.20217	0.780824	0
-2.57008	0.502824	0
-3.14066	0.566725	0
-3.61358	1.46033	0
-3.28367	0.97571	0
-0.738161	0.948564	0
-2.54852	0.54903	0
-2.20711	0.745637	0
-2.94999	1.30812	0
-2.5309	1.31322	0
-1.64887	0.802178	0
-1.75653	0.844337	0
-3.01731	1.38924	0
-3.49531	0.698896	0
-1.02081	1.20085	0
-1.97878	1.09924	0
-0.986573	1.21883	0
-2.892	0.895873	0
-4.072	1.06505	0
-3.45193	1.33929	0
-1.50496	1.03561	0
-4.33466	1.3575	0
-3.5583	0.641248	0
-1.82964	0.529737	0
-2.75023	1.33146	0
-3.76587	0.815825	0
-0.503947	0.524858	0
-0.670308	0.736828	0
-1.52956	1.29533	0
-0.563483	0.914586	0
-4.3502	1.1416	0
-1.07145	1.14426	0
-4.01964	1.33101	0
-3.5828	0.77111	0
-3.1071	0.900627	0
-2.0507	0.982879	0
-2.09935	0.846968	0
-1.63779	0.948203	0
-4.06933	0.508113	0
-1.67761	1.13826	0
-4.2886	1.21708	0
-1.0975	1.19364	0
-1.22245	0.632811	0
-0.617788	0.543187	0
-1.61732	0.755743	0
-1.64927	1.01633	0
-1.68129	0.700522	0
-1.83647	1.19635	0
-1.66316	1.0222	0
-1.12429	1.04509	0
-4.30204	0.923088	0
-3.6559	0.791022	0
-4.11508	0.508333	0
-1.21537	0.702476	0
-0.985719	1.4104	0
-2.60901	1.15245	0
-3.36726	1.46351	0
-1.22399	1.48098	0
-3.25232	1.28692	0
-0.944694	0.630221	0
-2.67856	1.30555	0
-4.12034	1.16321	0
-4.39811	0.820215	0
-2.59551	1.32984	0
-1.16669	1.02756	0
-1.92796	0.559832	0
-3.85533	0.950966	0
-2.07766	0.639046	0
-1.53219	1.29496	0
-1.50285	0.852428	0
-1.13435	0.962692	0
-0.604404	1.06919	0
-3.79929	1.12028	0
-2.49616	0.95451	0
-1.09106	0.610639	0
-0.540598	0.628973	0
-3.8241	0.676407	0
-3.28996	1.02685	0
-2.47363	0.837818	0
-2.13836	1.35024	0
-3.58202	0.519245	0
-0.793981	0.864615	0
-2.47605	1.26113	0
-2.70646	0.864226	0
-1.73774	1.35396	0
-3.13187	1.2021	0
-3.67753	0.64019	0
-3.79427	0.913459	0
-4.20714	1.07653	0
-2.40072	1.21335	0
-3.77856	0.665011	0
-0.969423	0.976672	0
-1.72521	0.855007	0
-1.0246	0.807718	0
-2.448	0.660577	0
-3.00505	0.959387	0
-4.39227	1.22845	0
-0.71159	1.03363	0
-2.68444	1.12852	0
-3.75679	1.29287	0
-0.778641	0.893331	0
-2.8245	1.01009	0
-2.06666	1.43541	0
-3.4726	0.992479	0
-4.45072	1.42769	0
-0.645047	1.07506	0
-1.44669	1.36597	0
-1.94193	1.10438	0
-1.774	1.30269	0
-2.64437	0.639657	0
-4.07042	1.46959	0
-0.513935	0.953237	0
-4.22629	1.16563	0
-1.33295	1.36757	0
-3.39462	1.32954	0
-1.08087	0.574011	0
-3.63256	1.25889	0
-1.75361	1.38266	0
-4.26087	1.43565	0
-2.35158	1.38196	0
-3.90923	1.29729	0
-1.27009	1.06476	0
-1.92909	0.858517	0
-2.30221	1.04456	0
-1.85053	1.46412	0
-3.04087	1.36533	0
-1.30949	1.16715	0
-1.78857	0.89717	0
-2.27075	1.35306	0
-2.91111	0.87371	0
-3.91029	1.03429	0
-2.00762	0.983915	0
-1.47663	1.47753	0
-1.40728	0.855208	0
-1.98983	0.786482	0
-3.81094	0.570951	0
-4.25418	1.43596	0
-2.89002	0.627638	0
-2.46089	0.911589	0
-3.02676	1.34347	0
-2.60088	0.543971	0
-0.654809	1.46585	0
-1.60892	0.632907	0
-3.11805	1.35865	0
-2.34573	0.941156	0
-4.05222	1.21097	0
-0.984064	1.49891	0
-3.25878	1.08416	0
-1.49732	0.72324	0
-0.621944	0.796611	0
-3.63604	1.18967	0
-2.59468	1.15304	0
-3.96789	0.702797	0
-3.37104	0.778012	0
-1.56555	0.914565	0
-3.98626	0.604228	0
-3.44647	0.731496	0
-2.84079	1.20457	0
-3.81234	1.37785	0
-1.73285	1.2801	0
-2.24909	0.751394	0
-1.8153	0.659123	0
-2.38286	0.869234	0
-2.7762	1.10076	0
-1.60454	1.1499	0
-2.2034	1.2852	0
-4.44544	1.17672	0
-3.30683	0.625212	0
-0.54919	1.19192	0
-1.73902	1.00723	0
-2.74998	1.47804	0
-1.79933	1.05145	0
-4.16799	0.916544	0
-1.17174	0.726196	0
-1.11471	1.40922	0
-4.01808	0.596181	0
-0.639107	1.35208	0
-0.818193	0.51328	0
-4.02272	1.24585	0
-2.16197	0.772556	0
-3.94596	1.25226	0
-1.18139	1.23793	0
-1.42352	1.23555	0
-3.70162	1.42452	0
-3.21454	1.00299	0
-1.64278	0.889306	0
-0.724611	0.90853	0
-0.648605	1.08271	0
-0.935576	1.16368	0
-3.64692	1.34288	0
-3.69162	0.891835	0
-4.33944	1.42713	0
-2.75453	1.0494	0
-3.50747	1.37422	0
-1.86312	1.10438	0
-0.624265	0.850038	0
-1.1882	0.820323	0
-2.6049	0.892001	0
-1.01049	0.950472	0
-3.1335	1.43651	0
-2.2816	1.19703	0
-3.37232	1.44058	0
-3.73783	1.25482	0
-1.79859	0.903643	0
-3.802	0.799849	0
-1.26457	1.41714	0
-4.08641	0.857192	0
-3.5658	0.707695	0
-2.50328	1.18024	0
-1.93197	1.41215	0
-2.68102	0.753567	0
-3.27146	0.801533	0
-1.84961	1.33559	0
-2.966	0.828841	0
-2.17686	1.36365	0
-4.36268	1.30504	0
-2.10706	0.558138	0
-4.26603	1.36887	0
-3.9282	1.19254	0
-3.04387	0.852558	0
-3.69816	1.15989	0
-1.33886	1.29538	0
-1.90465	0.720644	0
-1.70056	0.938461	0
-1.63549	1.37958	0
-4.32777	0.897159	0
-0.944729	0.686733	0
-1.55637	1.33344	0
-1.3461	0.901525	0
-3.42288	1.22621	0
-1.91388	0.98003	0
-0.88178	0.995258	0
-3.96825	1.32284	0
-3.1126	0.614279	0
-0.635974	0.517801	0
-3.89987	1.4043	0
-1.47286	0.745599	0
-2.54	1.17837	0
-4.0382	0.565488	0
-0.824068	0.596366	0
-1.3113	1.18542	0
-2.23188	1.15684	0
-3.06878	0.593588	0
-3.09285	0.5896	0
-0.734397	0.769037	0
-4.08734	1.10975	0
-3.74028	0.789818	0
-1.58	1.23057	0
-1.41371	0.94791	0
-4.31454	0.589404	0
-4.056	1.23884	0
-1.86557	1.08628	0
-4.44682	1.29739	0
-4.23255	1.2938	0
-0.904089	1.15285	0
-0.591144	1.17412	0
-3.75482	1.2902	0
-2.05389	0.817225	0
-3.14043	0.528637	0
-2.72675	0.970418	0
-0.771655	1.39507	0
-1.63101	1.49738	0
-1.62915	1.46339	0
-3.66222	1.34328	0
-1.30245	1.4333	0
-1.96815	0.639754	0
-4.14185	0.998355	0
-2.34352	0.79043	0
-1.8276	0.916477	0
-3.4536	0.819213	0
-3.46922	1.34338	0
-2.88807	1.09563	0
-2.68648	1.33792	0
-0.521201	1.05099	0
-0.582568	1.32863	0
-3.82086	1.01034	0
-2.15416	1.35461	0
-4.18599	1.47006	0
-1.29832	1.45818	0
-2.59052	0.516417	0
-3.87127	0.655667	0
-2.34207	0.900425	0
-2.28951	1.30802	0
-1.52314	0.694987	0
-3.94188	1.32488	0
-1.68185	1.19257	0
-3.84247	1.26669	0
-2.13107	1.19634	0
-1.15501	1.04253	0
-3.25636	1.06872	0
-3.52878	1.16045	0
-0.576003	0.622457	0
-1.78002	0.971579	0
-4.10763	0.722437	0
-3.33756	0.56141	0
-3.7547	1.34316	0
-0.736522	0.658246	0
-1.99479	0.778791	0
-4.04672	1.4731	0
-4.05791	1.04028	0
-3.09721	0.661582	0
-1.28231	0.736454	0
-4.3216	0.938079	0
-3.82624	0.570856	0
-4.37194	0.649381	0
-0.633982	1.07758	0
-3.00046	1.18584	0
-4.26625	0.535132	0
-1.66796	1.03903	0
-0.825735	1.48093	0
-2.73422	0.589441	0
-1.84969	0.810746	0
-2.22581	0.728976	0
-1.90715	0.991455	0
-3.19929	1.21723	0
-2.77118	0.937542	0
-3.6912	0.666369	0
-1.82684	1.4081	0
-3.43631	0.542425	0
-3.42662	0.640445	0
-3.8914	1.46286	0
-0.659659	1.17217	0
-3.06557	0.885579	0
-2.86934	0.693599	0
-4.035	0.868581	0
-1.12871	0.549241	0
-1.91315	1.3381	0
-2.90009	0.667131	0
-2.1432	0.89093	0
-0.597041	0.930358	0
-3.09592	1.24425	0
-4.28775	1.26047	0
-3.7477	0.68098	0
-3.70169	1.38843	0
-4.22952	0.547207	0
-3.72836	0.905992	0
-0.653587	0.582409	0
-2.09625	0.624882	0
-2.45655	0.873375	0
-3.49498	1.46439	0
-0.885571	0.876748	0
-1.75693	0.925529	0
-1.09535	1.34965	0
-0.855896	0.956232	0
-3.98805	0.845636	0
-3.44628	0.644129	0
-1.03343	0.611358	0
-3.78699	1.47981	0
-0.72121	1.09143	0
-1.8036	1.09637	0
-2.54307	1.07433	0
-2.07564	1.42423	0
-1.59493	1.05574	0
-1.91676	0.974904	0
-2.00782	1.24327	0
-2.57229	1.13574	0
-2.21407	0.967892	0
-0.96943	0.622856	0
-3.78904	1.41888	0
-3.66687	1.01934	0
-3.94724	1.27623	0
-3.24373	0.994163	0
-4.16252	0.515744	0
-3.17014	0.932318	0
-3.07964	0.68566	0
-3.06558	1.16151	0
-0.6697	1.19147	0
-1.72525	1.2657	0
-2.64564	0.985921	0
-3.20754	0.772465	0
-3.36762	1.08011	0
-3.76499	1.14833	0
-2.07955	1.49866	0
-2.11915	1.40994	0
-1.14658	1.20359	0
-2.53738	0.730366	0
-2.57847	0.52307	0
-2.95304	1.16181	0
-3.98587	1.14778	0
-2.05149	0.851908	0
-3.14163	0.983955	0
-3.30493	0.514265	0
-1.30983	1.21697	0
-0.942141	0.709387	0
-3.04698	0.793458	0
-0.653575	0.655947	0
-3.41905	1.43823	0
-3.60048	0.817005	0
-4.31958	1.03764	0
-4.26418	0.970577	0
-4.42509	0.601925	0
-0.668548	1.09396	0
-1.89964	1.22763	0
-2.13225	0.628542	0
-3.06444	0.932635	0
-2.91167	0.728223	0
-2.16618	0.876803	0
-0.660807	1.13343	0
-2.59128	1.25917	0
-0.659208	1.04817	0
-2.78922	1.00025	0
-2.71666	0.741976	0
-3.91928	0.606452	0
-2.53069	1.14605	0
-2.29666	0.999696	0
-1.69431	1.15984	0
-2.5612	0.605625	0
-3.45454	0.862558	0
-0.887766	0.975836	0
-3.47121	1.43143	0
-1.07791	1.26232	0
-1.16783	0.986523	0
-1.98663	0.820812	0
-4.14973	1.37787	0
-4.33911	1.09048	0
-2.08122	1.07699	0
-3.98753	1.18302	0
-2.06795	1.45175	0
-4.26874	0.855095	0
-3.40122	0.80723	0
-1.76607	1.1788	0
-1.99143	0.751813	0
-0.954403	1.18141	0
-1.35881	0.587978	0
-3.84192	0.763573	0
-1.65831	1.06346	0
-0.655405	0.576239	0
-2.13899	0.64687	0
-1.69573	0.601927	0
-1.01062	0.651211	0
-2.91331	1.37502	0
-0.930205	0.90996	0
-3.85044	0.70721	0
-3.31394	0.921979	0
-1.18617	1.3802	0
-4.3301	0.50106	0
-4.24301	1.15651	0
-1.73198	0.995102	0
-2.34984	0.696379	0
-4.26515	0.663706	0
-3.85542	1.36738	0
-3.11539	0.97136	0
-1.08037	0.77875	0
-1.90228	0.971164	0
-1.48682	0.953552	0
-1.77626	1.06598	0
-3.41315	0.682487	0
-1.75245	1.191	0
-1.97046	1.35708	0
-0.504662	1.49294	0
-1.04672	1.40846	0
-2.1081	1.25887	0
-2.4607	0.77311	0
-4.26352	1.07605	0
-2.18194	1.40257	0
-3.55348	0.887777	0
-4.17212	0.88617	0
-4.00282	0.668318	0
-4.114	0.840447	0
-1.61392	0.771656	0
-2.56942	0.81816	0
-3.89388	0.545297	0
-3.85509	0.669822	0
-4.04509	0.91102	0
-0.518518	1.36945	0
-3.84188	0.553806	0
-1.28654	0.713058	0
-3.73796	0.577068	0
-3.12058	1.06803	0
-3.06665	0.804724	0
-3.7495	0.784296	0
-2.11532	0.938265	0
-1.86835	1.07795	0
-0.933837	0.945292	0
-3.69123	1.25647	0
-1.94271	1.23095	0
-1.56799	1.12289	0
-1.8185	1.47326	0
-1.15038	0.824266	0
-3.12118	0.881136	0
-1.78928	0.537875	0
-1.14523	0.924779	0
-4.49931	1.37255	0
-3.90402	1.38273	0
-1.36505	1.42399	0
-1.34508	0.735074	0
-0.768101	1.13153	0
-2.61701	1.4008	0
-1.04964	1.18387	0
-0.999276	1.12314	0
-4.38069	1.21896	0
-3.13756	1.05001	0
-2.89902	0.931489	0
-1.19888	1.34205	0
-2.99504	1.4219	0
-0.523386	1.1134	0
-3.63461	0.691672	0
-2.19559	0.894058	0
-1.92678	1.44492	0
-3.9672	0.754339	0
-1.1505	0.677448	0
-1.40711	1.01368	0
-2.28834	0.872037	0
-3.66745	0.708129	0
-3.13689	1.44967	0
-4.00842	0.771865	0
-1.92908	0.671367	0
-3.10612	1.01985	0
-1.93121	0.864665	0
-3.84844	0.607441	0
-2.41688	0.964496	0
-3.81013	0.738284	0
-4.37937	0.641413	0
-0.874223	1.21358	0
-0.657933	1.1613	0
-3.32691	0.950723	0
-0.76198	0.812467	0
-1.52444	0.811909	0
-3.4232	1.15155	0
-2.78708	0.832322	0
-2.04874	1.1344	0
-0.542389	0.835706	0
-1.19533	0.544715	0
-0.683294	1.2164	0
-3.84015	1.345	0
-3.31841	0.705036	0
-2.36652	0.920289	0
-2.89254	1.16409	0
-4.21967	0.967821	0
-2.39268	0.885036	0
-1.80394	1.33518	0
-2.17901	0.609577	0
-0.601479	1.33732	0
-3.91011	0.950358	0
-1.40084	0.559618	0
-1.69448	0.970989	0
-3.13481	0.686892	0
-1.1027	1.24752	0
-1.82087	1.3928	0
-1.99246	1.47575	0
-4.44244	1.06691	0
-3.01614	1.0504	0
-3.12424	0.507177	0
-2.12736	1.19435	0
-2.65143	1.42215	0
-1.38138	0.760975	0
-3.61273	0.737902	0
-0.644832	1.26479	0
-4.42414	1.45435	0
-1.30457	1.01457	0
-1.3223	2.87566	0
-0.531647	2.7	0
-0.520142	1.84346	0
-0.574665	2.68914	0
-0.654821	3.78396	0
-0.979067	3.56467	0
-0.86131	4.10088	0
-1.2392	0.771411	0
-0.949882	2.52651	0
-1.44331	3.00591	0
-0.616605	3.44419	0
-0.70954	2.45998	0
-1.19827	2.2715	0
-0.586926	1.22765	0
-1.12363	2.20674	0
-1.24982	1.54321	0
-0.540108	3.67889	0
-1.07306	0.534846	0
-1.4816	2.11513	0
-0.688151	0.631359	0
-1.10446	2.53362	0
-1.2034	0.777019	0
-1.12316	4.46835	0
-1.22298	1.97571	0
-0.825833	2.65859	0
-0.996627	1.17776	0
-1.10325	3.7252	0
-1.37099	1.8105	0
-1.38905	4.20913	0
-1.33779	2.38637	0
-1.00291	3.3733	0
-1.1693	2.18462	0
-0.578179	3.64379	0
-0.822159	0.504461	0
-0.515642	0.706742	0
-1.25117	4.45763	0
-0.758567	2.27549	0
-0.66582	2.25072	0
-1.13745	3.42186	0
-1.20721	1.46012	0
-1.16676	2.37616	0
-0.642406	2.35688	0
-1.48866	2.60657	0
-1.36855	3.54087	0
-0.964815	2.32543	0
-1.04578	2.25637	0
-0.687782	3.39084	0
-1.00463	0.674259	0
-1.1811	3.57	0
-0.652549	2.27306	0
-1.38757	0.752036	0
-0.51425	1.25	0
-1.4407	4.49979	0
-1.09579	3.67627	0
-0.773683	2.61844	0
-1.33956	4.00437	0
-1.08946	2.75455	0
-1.06919	1.54178	0
-1.39646	3.14132	0
-0.607298	3.40542	0
-0.946225	4.28982	0
-1.05136	0.606912	0
-1.24212	2.24643	0
-1.02587	3.40134	0
-0.834415	3.22614	0
-1.08636	3.212	0
-0.784565	3.30674	0
-0.794879	3.32614	0
-1.08153	0.659639	0
-1.15763	1.65358	0
-0.658192	2.45269	0
-1.46046	2.02347	0
-0.815701	3.74133	0
-1.46952	4.08018	0
-0.905112	3.94065	0
-1.33161	1.83001	0
-0.608661	4.18083	0
-1.10906	2.97172	0
-0.993209	1.30979	0
-0.695819	1.67507	0
-0.525524	0.740691	0
-0.51999	2.97751	0
-1.37655	2.47952	0
-1.4952	0.602216	0
-1.12261	3.51766	0
-1.0246	1.18871	0
-0.720554	4.453	0
-1.01441	2.10713	0
-1.21679	2.37724	0
-1.04377	2.65172	0
-1.49395	1.81353	0
-1.13299	3.54701	0
-1.15997	3.97095	0
-0.917235	2.88699	0
-1.48595	2.10532	0
-1.00995	1.35746	0
-0.639828	2.08593	0
-1.18626	1.95403	0
-1.29669	4.30708	0
-0.705475	2.07534	0
-1.08172	1.05293	0
-0.50407	4.45129	0
-1.4572	3.83242	0
-0.669875	3.92295	0
-0.805568	0.824894	0
-1.45733	4.2385	0
-0.506426	2.74299	0
-0.863764	3.20824	0
-1.06995	4.34538	0
-1.24463	3.35636	0
-1.43883	2.56772	0
-0.870984	4.2702	0
-1.18902	4.07246	0
-1.41069	0.78052	0
-1.17482	2.35784	0
-1.11297	2.52871	0
-1.15085	3.05961	0
-1.05473	1.76417	0
-0.653826	1.37642	0
-0.532632	3.97023	0
-1.28106	3.01312	0
-1.37981	2.8603	0
-1.49453	1.1035	0
-0.628513	2.28247	0
-1.12218	2.90524	0
-0.505059	0.75434	0
-1.22382	2.22067	0
-1.22621	1.49085	0
-1.27232	2.68213	0
-1.42603	2.97893	0
-1.24573	1.94289	0
-0.769481	1.83364	0
-0.506266	3.90234	0
-0.861968	0.747014	0
-1.42596	3.15704	0
-1.27573	3.60228	0
-0.970754	0.996444	0
-0.523269	3.51777	0
-0.998578	3.31698	0
-0.609517	3.6289	0
-1.03446	2.32096	0
-0.601277	1.35722	0
-0.726184	3.99163	0
-1.25476	2.79139	0
-0.784051	3.77228	0
-1.00069	2.81094	0
-1.27491	2.70417	0
-1.04469	1.02948	0
-1.15637	4.20161	0
-1.30092	1.43261	0
-1.09273	3.91954	0
-0.788974	4.39705	0
-0.943421	2.47183	0
-1.15413	0.507488	0
-1.23972	1.09086	0
-0.666716	2.14191	0
-1.35295	4.3249	0
-0.951565	2.00221	0
-1.05763	3.58048	0
-0.878126	0.832512	0
-0.725781	2.56029	0
-0.810876	1.63947	0
-0.564369	0.648092	0
-0.519901	3.58904	0
-0.87862	2.53472	0
-1.34696	0.907507	0
-1.29925	3.99284	0
-0.688203	3.46356	0
-0.882157	0.786462	0
-1.16594	3.18938	0
-0.591617	4.19032	0
-0.980863	1.48008	0
-0.915402	1.37542	0
-0.727765	1.92736	0
-1.4992	3.90643	0
-0.832353	2.92888	0
-0.544572	4.38771	0
-0.60836	0.744942	0
-0.846381	3.0357	0
-0.534938	4.4605	0
-1.2847	4.4698	0
-0.938657	1.69441	0
-0.562719	2.45909	0
-0.51939	3.55942	0
-1.0898	4.23823	0
-0.671152	3.59556	0
-0.87893	3.53846	0
-0.566308	2.58637	0
-0.674963	1.47451	0
-0.696384	3.25231	0
-1.25673	3.32868	0
-0.816595	1.17043	0
-0.809374	2.11675	0
-0.784464	2.01154	0
-0.534121	4.18918	0
-1.03226	2.46854	0
-0.555482	0.987659	0
-0.548259	1.34752	0
-0.719874	0.902356	0
-0.551363	3.53775	0
-1.2141	1.34433	0
-0.941444	2.66632	0
-0.701589	1.67368	0
-0.944646	2.89137	0
-1.21691	0.556053	0
-1.04485	1.73118	0
-1.41527	3.2578	0
-1.03149	1.39703	0
-0.65826	0.605873	0
-1.14203	4.30204	0
-1.16435	2.38369	0
-1.3366	3.72608	0
-0.725099	3.32527	0
-0.64366	0.592875	0
-0.738309	2.32559	0
-0.722454	3.3775	0
-1.00698	3.65938	0
-0.670773	1.1966	0
-1.47187	3.78537	0
-1.25053	3.40382	0
-1.15482	1.18823	0
-0.894792	2.94674	0
-1.04183	3.43146	0
-0.563683	0.879746	0
-0.689239	4.10264	0
-1.1439	3.67231	0
-1.0401	0.660376	0
-0.695352	2.70223	0
-1.08714	2.88889	0
-0.647956	2.95754	0
-0.952873	1.56711	0
-0.539051	1.76304	0
-1.26645	2.30071	0
-0.570567	4.06079	0
-1.13994	0.600399	0
-1.40291	2.22377	0
-0.61004	0.951407	0
-0.697701	1.26368	0
-1.45573	1.53525	0
-1.35533	3.53704	0
-1.08084	2.2677	0
-1.14262	1.14266	0
-0.741367	2.0174	0
-0.640259	4.33526	0
-1.30399	3.67431	0
-0.807252	1.62387	0
-0.747275	1.88838	0
-0.576332	3.55608	0
-1.04067	1.43027	0
-0.711127	2.15507	0
-0.853126	4.40642	0
-1.38973	3.01098	0
-1.17374	1.20186	0
-0.970881	3.17539	0
-1.0397	1.74261	0
-1.2373	3.80518	0
-1.14306	4.06446	0
-1.03846	4.30057	0
-0.948975	3.98177	0
-1.21115	4.46901	0
-0.90769	2.22562	0
-1.0199	2.38596	0
-1.45491	1.33559	0
-0.804528	3.99188	0
-0.509799	2.81762	0
-1.13436	3.30605	0
-0.935014	0.595662	0
-0.543133	4.08571	0
-0.66457	3.03212	0
-0.563521	1.73398	0
-0.944793	4.28044	0
-0.923772	2.78108	0
-0.963727	2.58937	0
-1.13385	1.38244	0
-1.3405	2.87176	0
-1.17276	4.42347	0
-1.14491	2.76347	0
-0.90592	2.58034	0
-1.41881	0.881101	0
-1.147	3.20142	0
-1.36801	1.02016	0
-0.608413	2.82836	0
-0.996976	1.53466	0
-1.46275	1.64205	0
-0.521237	3.76435	0
-0.563299	1.22033	0
-0.784844	4.08029	0
-0.830284	4.48795	0
-1.31116	2.78779	0
-0.51442	4.05995	0
-1.29787	3.73151	0
-0.737758	2.42898	0
-0.721898	3.36041	0
-0.567455	1.22051	0
-1.46176	2.26618	0
-1.22217	1.33219	0
-0.562501	1.06547	0
-0.912112	1.36676	0
-0.53672	2.38222	0
-1.11475	0.991008	0
-1.45057	1.66855	0
-0.615477	2.72723	0
-0.926024	0.5126	0
-1.43649	1.90644	0
-1.45858	3.27858	0
-0.724549	1.08329	0
-1.28797	1.16175	0
-1.31578	2.63862	0
-0.87571	1.12291	0
-0.995295	2.27487	0
-0.670857	4.32736	0
-1.07545	3.98781	0
-0.973474	4.0788	0
-0.994718	4.13272	0
-1.41404	4.17847	0
-1.48883	0.977619	0
-0.602731	4.25995	0
-0.890031	4.23857	0
-0.864951	3.6442	0
-0.915826	2.36628	0
-0.721428	0.690578	0
-0.983104	4.27212	0
-0.877296	3.85444	0
-1.05898	1.45234	0
-0.79494	3.73193	0
-1.10762	0.936855	0
-0.896277	3.01749	0
-0.925709	3.45871	0
-0.793378	0.550547	0
-0.898879	3.2652	0
-0.607663	2.31075	0
-0.90068	4.09652	0
-1.31888	1.6964	0
-1.20354	2.59307	0
-1.01079	2.69716	0
-1.45161	2.11427	0
-0.565548	4.16923	0
-1.30933	3.98246	0
-1.05416	1.4702	0
-1.07151	1.03842	0
-1.35114	4.01187	0
-1.22996	1.17902	0
-1.11351	0.55006	0
-0.735389	3.86026	0
-0.657197	2.94009	0
-0.877512	0.726209	0
-0.586262	1.76825	0
-1.15669	1.68637	0
-0.558609	0.907001	0
-1.16705	1.52567	0
-0.552109	1.1429	0
-1.2283	0.840302	0
-0.786229	2.66286	0
-0.797884	3.24448	0
-1.11052	3.93237	0
-0.503485	2.40017	0
-0.978533	3.95145	0
-1.49746	3.01066	0
-0.692768	4.47747	0
-0.517027	4.22598	0
-0.896509	2.42112	0
-0.859612	2.42072	0
-1.44096	2.43701	0
-0.668768	2.43185	0
-0.885897	0.86556	0
-1.4077	0.860144	0
-1.45983	1.26324	0
-1.05842	2.94232	0
-0.819798	4.0517	0
-0.714202	2.05567	0
-1.30247	4.12151	0
-0.679683	3.23261	0
-0.661655	4.341	0
-0.809504	3.47574	0
-1.14366	4.48186	0
-1.35316	2.89984	0
-0.830363	0.579016	0
-0.758958	1.43382	0
-1.45578	0.555205	0
-0.668322	2.09759	0
-0.992956	3.40596	0
-0.530192	3.69774	0
-0.710961	2.98866	0
-0.658469	3.57072	0
-1.0784	1.77075	0
-0.570185	3.00872	0
-0.574984	1.15925	0
-0.812245	3.28561	0
-0.995038	4.36238	0
-0.809969	4.35505	0
-1.31419	3.23507	0
-1.49144	3.32835	0
-0.762727	1.46145	0
-1.47724	0.963621	0
-0.968314	0.807731	0
-0.925098	4.11331	0
-0.551256	1.67629	0
-0.741306	0.935125	0
-1.37554	4.36109	0
-1.08731	2.09015	0
-1.45174	3.42821	0
-1.10587	1.64321	0
-1.05849	2.72669	0
-0.807833	3.33464	0
-1.21802	1.46331	0
-1.22116	4.26359	0
-1.26248	1.89852	0
-0.592341	1.06565	0
-0.898456	1.59787	0
-1.37537	3.85058	0
-0.938744	3.51057	0
-1.18594	3.5812	0
-1.38064	3.81034	0
-1.38955	2.40465	0
-1.09568	4.34806	0
-0.706666	1.07635	0
-1.02362	0.717087	0
-0.667079	3.91383	0
-1.05568	3.82154	0
-0.648846	4.48749	0
-0.624485	1.92287	0
-0.951036	1.39639	0
-0.987825	2.81508	0
-1.24987	0.897966	0
-1.39737	1.91898	0
-0.708985	2.39174	0
-0.991979	3.24467	0
-1.33959	2.34562	0
-0.759867	2.0152	0
-0.897313	1.3212	0
-1.214	0.636856	0
-0.857852	3.071	0
-1.05961	2.53259	0
-1.45336	2.62389	0
-0.566016	2.69807	0
-0.519844	0.64094	0
-1.09534	2.08532	0
-1.30187	3.85893	0
-1.35169	2.10859	0
-1.12186	2.89544	0
-0.678089	2.46202	0
-1.15656	3.67645	0
-1.1878	2.77888	0
-1.02039	2.67602	0
-0.823654	3.30681	0
-1.09638	2.70631	0
-0.86078	4.13464	0
-1.11289	2.24613	0
-1.2493	1.13654	0
-1.27631	3.27457	0
-1.3742	4.17546	0
-0.67753	2.89779	0
-1.46825	4.08093	0
-0.811233	1.08704	0
-1.01834	1.05428	0
-1.43516	2.84122	0
-1.20256	4.46682	0
-1.31245	1.57203	0
-1.47588	1.07678	0
-0.63534	1.60365	0
-0.65203	2.18495	0
-0.823142	3.58395	0
-1.08005	4.28257	0
-1.36002	3.69938	0
-0.94312	2.82608	0
-0.704182	4.39354	0
-1.19666	2.8259	0
-1.10004	0.659863	0
-0.646716	1.89751	0
-1.22906	3.38683	0
-1.4269	0.736387	0
-0.948676	3.14094	0
-1.18954	3.29525	0
-0.655585	2.39732	0
-0.74718	3.70435	0
-1.34491	0.776595	0
-0.530228	1.84257	0
-1.15081	3.94664	0
-0.59032	1.62352	0
-1.35632	3.08952	0
-0.675178	3.24491	0
-0.74794	1.26203	0
-1.19808	2.14427	0
-1.48667	1.36686	0
-1.32433	0.970504	0
-0.575524	1.5863	0
-1.38544	0.538718	0
-0.992696	2.44868	0
-0.908642	3.48832	0
-1.05401	3.49091	0
-0.642713	3.5041	0
-0.626614	4.343	0
-0.685924	2.57983	0
-0.620443	3.24963	0
-0.912384	0.613932	0
-1.34395	3.48324	0
-0.664217	2.01778	0
-0.69849	3.13158	0
-0.546315	1.07063	0
-0.844403	0.795301	0
-1.46361	1.31114	0
-0.873939	1.05415	0
-1.1012	1.44482	0
-1.3059	4.0934	0
-1.33775	4.46077	0
-1.44517	2.69874	0
-1.25099	4.09117	0
-1.01283	2.71861	0
-0.506345	4.46002	0
-1.36112	2.91206	0
-1.26056	2.45687	0
-0.578623	2.88121	0
-1.41508	4.31042	0
-1.00099	3.06366	0
-1.4632	1.0262	0
-0.77972	4.14174	0
-1.4506	3.69303	0
-1.1317	4.4088	0
-1.40578	1.11779	0
-1.30876	2.288	0
-0.630947	0.974299	0
-1.46573	0.912447	0
-1.365	3.47637	0
-0.564684	2.83278	0
-1.35462	2.34196	0
-1.2928	2.34771	0
-0.508752	3.02264	0
-1.36782	1.8668	0
-0.824438	2.43177	0
-1.422	2.85169	0
-0.569992	3.79229	0
-0.582027	1.66584	0
-0.791944	3.09182	0
-0.880316	0.806111	0
-1.21012	3.46214	0
-1.24035	4.31809	0
-1.07644	0.833042	0
-0.926883	2.55688	0
-1.4613	4.07424	0
-1.44454	0.810834	0
-0.533718	3.26364	0
-0.651541	2.40508	0
-1.12286	3.27138	0
-1.2073	1.99838	0
-1.27665	2.21971	0
-1.13743	1.0264	0
-0.741043	2.87871	0
-0.73728	2.38542	0
-0.694738	2.85925	0
-0.618344	2.97535	0
-0.960345	1.29939	0
-1.49753	2.52139	0
-1.28497	2.37516	0
-0.508666	1.16417	0
-0.501182	1.80675	0
-0.926446	4.06296	0
-1.06252	1.68644	0
-0.824921	2.28644	0
-1.05552	2.98885	0
-1.39779	2.84772	0
-0.523934	2.4594	0
-1.1474	3.73036	0
-1.36916	1.50892	0
-1.36102	1.82296	0
-1.26862	0.528504	0
-1.22666	2.83734	0
-0.978436	3.9195	0
-0.622227	2.71104	0
-1.41198	3.92581	0
-0.907152	1.20388	0
-0.806731	0.743708	0
-1.28206	1.62721	0
-0.953834	1.60912	0
-1.46176	1.25936	0
-1.3573	3.03553	0
-0.7302	2.938	0
-0.627863	4.3776	0
-0.670541	1.39784	0
-1.36017	4.10539	0
-1.46694	1.13645	0
-1.02488	2.98781	0
-1.0105	4.12245	0
-0.933858	3.45011	0
-0.971849	2.0064	0
-0.889255	2.5362	0
-1.03222	3.52694	0
-1.26612	1.566	0
-1.42378	1.41593	0
-0.747081	4.26707	0
-1.10964	0.866111	0
-1.42463	2.91299	0
-1.29296	4.17402	0
-0.808763	1.24853	0
-1.40455	2.39078	0
-0.528975	1.19315	0
-1.24751	2.18144	0
-1.01138	3.50663	0
-1.02524	0.572676	0
-1.17752	1.4219	0
-1.16363	2.75243	0
-0.556083	4.28885	0
-1.48642	4.48132	0
-0.607026	1.85289	0
-1.31059	2.60009	0
-1.21216	3.52227	0
-1.13539	1.77782	0
-1.33866	1.46926	0
-0.582828	2.61389	0
-1.42381	0.954736	0
-0.533915	4.3552	0
-0.545167	1.96954	0
-0.662829	1.68419	0
-0.672303	2.54973	0
-0.566867	2.42309	0
-0.900765	2.39898	0
-1.41339	2.94977	0
-0.932394	4.36674	0
-0.563587	1.95432	0
-1.15228	4.36257	0
-1.05631	2.34675	0
-0.592931	3.44252	0
-0.569984	3.85332	0
-1.21513	0.814765	0
-0.686196	2.29705	0
-1.05406	4.03859	0
3.15993	0.97982	1
1.7029	0.597084	1
3.55438	0.88372	1
2.00403	1.42779	1
2.64676	1.26087	1
2.96177	1.11989	1
4.36164	0.868742	1
2.87038	1.28867	1
0.817602	1.04778	1
3.50524	0.985302	1
1.00194	1.01185	1
2.99583	1.25073	1
0.88065	0.852468	1
0.942147	0.539498	1
2.60901	0.553703	1
3.97413	1.42459	1
2.16276	0.807733	1
0.794058	1.45766	1
2.21174	0.626581	1
0.91132	1.16874	1
1.01265	1.17714	1
0.655644	1.36592	1
1.86769	0.678282	1
2.33655	0.577291	1
2.32779	1.42694	1
1.27052	0.708181	1
4.35596	0.651858	1
4.03334	0.930196	1
3.29025	1.13625	1
3.48825	0.855212	1
2.44089	1.48408	1
2.12851	0.962681	1
2.74514	1.46836	1
0.9658	0.812115	1
3.54304	1.37347	1
1.36024	1.05663	1
1.09443	0.86536	1
1.6438	0.940803	1
0.579959	0.82787	1
4.18866	0.946562	1
3.50688	1.00457	1
2.17427	1.34136	1
3.7057	1.30621	1
3.88334	0.620289	1
2.48907	0.993489	1
4.02447	0.908435	1
1.70114	0.933516	1
1.5387	1.00651	1
1.46705	0.661357	1
1.07282	1.1195	1
3.76024	1.37002	1
3.61728	0.941912	1
2.44795	0.872219	1
3.94437	1.36602	1
3.00803	0.787789	1
3.94892	0.680872	1
2.58778	0.726032	1
2.34769	0.951479	1
4.1541	0.724272	1
0.879049	0.719509	1
3.01681	1.29851	1
2.16365	1.37318	1
3.6147	1.47679	1
3.793	1.11678	1
0.671812	1.20304	1
1.81875	0.856948	1
2.49509	0.567048	1
1.27013	1.24927	1
1.11004	1.19367	1
1.88901	1.14758	1
2.3314	0.643891	1
2.78508	0.761234	1
2.28167	1.10668	1
2.15497	1.10485	1
4.05421	0.762828	1
2.49694	1.1433	1
2.22133	0.978537	1
2.08326	0.636756	1
2.5893	0.690463	1
1.55031	0.955305	1
2.81817	0.895367	1
1.12218	0.983767	1
2.95552	0.793007	1
1.65229	0.525582	1
4.04931	1.38351	1
3.1283	0.950235	1
3.63471	0.844083	1
1.73602	0.86813	1
0.60362	1.28096	1
2.26805	0.767174	1
2.26224	1.09978	1
1.10569	1.45584	1
3.81289	0.808097	1
1.38024	1.117	1
2.14475	1.34374	1
3.3546	1.20357	1
1.58883	0.713055	1
0.510626	1.08884	1
1.34896	0.51307	1
2.03509	0.947572	1
3.99523	1.38588	1
2.14251	1.43638	1
3.11162	0.658504	1
1.37748	0.949884	1
1.75961	0.701576	1
2.12845	1.23294	1
1.48963	1.25739	1
2.4751	1.41204	1
4.17769	1.40233	1
0.617505	0.636578	1
4.4473	0.538685	1
2.31202	0.823059	1
3.70999	1.12181	1
1.69919	0.943085	1
3.16188	0.547866	1
2.34659	0.873076	1
1.05951	1.32779	1
2.32502	0.65533	1
1.23351	1.49816	1
2.7777	0.64733	1
3.33622	0.838691	1
3.26482	1.0334	1
3.27861	0.746819	1
1.95622	0.896691	1
0.93123	1.13723	1
3.56259	1.47279	1
4.10453	1.13018	1
3.49335	0.789537	1
3.5607	0.764708	1
0.517447	1.43403	1
4.18098	1.31323	1
3.00971	1.18084	1
1.03258	1.07283	1
1.6633	1.40401	1
3.15838	0.616562	1
3.91765	1.47864	1
2.72694	0.585244	1
2.28236	1.42075	1
2.57034	0.540668	1
1.31911	1.27826	1
2.79754	1.09675	1
2.64642	1.22977	1
1.02519	1.45288	1
1.10046	0.819828	1
4.2786	0.78223	1
1.40076	0.901233	1
4.04231	1.01167	1
4.48159	0.90398	1
3.80576	0.559583	1
2.62715	0.50587	1
2.08472	0.763108	1
1.17379	1.01178	1
1.3756	1.38797	1
1.13939	0.676129	1
2.8086	0.587769	1
0.709486	1.46599	1
3.76296	0.917533	1
4.13555	0.62921	1
3.92076	0.946107	1
3.58973	1.36843	1
2.36802	0.70114	1
2.93656	1.23841	1
3.62714	1.35208	1
4.07132	0.730644	1
1.23228	0.766811	1
1.15347	1.3671	1
1.78263	0.876555	1
1.49344	1.45965	1
2.77435	0.642995	1
3.04561	0.554863	1
2.61096	1.19073	1
4.16773	1.07505	1
4.24532	1.10108	1
2.73582	0.544378	1
1.47489	1.47247	1
0.610374	0.799427	1
2.58179	0.961436	1
3.67945	1.00273	1
0.572884	1.41874	1
1.57281	1.47446	1
0.559651	0.564669	1
3.11808	0.963896	1
3.89896	0.833218	1
0.520167	0.990682	1
0.892463	0.664633	1
3.77022	1.20441	1
1.24703	1.1498	1
2.89044	0.624008	1
0.551849	0.622777	1
1.39527	1.01437	1
3.79921	1.38947	1
1.98146	1.28984	1
2.05058	0.765165	1
3.37129	0.882644	1
1.01483	1.0314	1
1.07772	0.797174	1
0.961618	1.2001	1
3.76333	1.17375	1
0.543349	1.26138	1
2.24835	1.21201	1
2.99759	0.95976	1
1.23437	0.822462	1
1.33506	0.699359	1
3.04975	1.37923	1
3.11848	0.867541	1
1.88479	0.913093	1
1.01863	1.34854	1
1.08416	0.909667	1
0.597727	0.649774	1
3.13187	0.596974	1
0.926806	0.532013	1
3.63637	0.973824	1
1.55131	1.38159	1
3.14435	0.663982	1
3.8854	0.73688	1
3.60614	1.17866	1
4.05315	1.06629	1
3.86674	1.11717	1
2.57927	1.49195	1
0.647976	1.46346	1
2.14343	0.994418	1
3.88785	1.2254	1
0.599432	1.13342	1
2.38637	1.37408	1
1.67068	1.11991	1
3.28245	1.02581	1
3.85319	1.0096	1
2.87939	1.21718	1
2.8186	0.634495	1
3.8775	1.49205	1
3.42516	0.898404	1
2.01536	0.536264	1
4.41541	0.676537	1
2.70917	0.759199	1
4.09248	0.959406	1
4.47616	1.21232	1
1.73007	0.611067	1
3.07356	0.632554	1
3.02223	0.512569	1
2.15404	1.44024	1
4.00276	0.722611	1
2.58575	1.02541	1
1.93318	1.15283	1
3.61195	1.12933	1
1.57652	1.08764	1
4.36772	0.946727	1
3.7091	0.688757	1
3.89859	0.791575	1
1.4959	1.37553	1
0.508681	0.84723	1
2.87717	0.594656	1
1.08953	1.15109	1
1.73098	0.667972	1
0.552626	1.03632	1
2.35713	0.612768	1
3.75709	0.595818	1
1.05303	1.07232	1
3.89349	1.47613	1
1.04665	1.28033	1
3.90565	0.915952	1
4.22414	1.48608	1
3.90195	0.817269	1
1.77943	1.4423	1
1.67082	1.39557	1
3.22407	1.10552	1
3.2694	1.37158	1
0.878992	0.780194	1
1.3243	0.923691	1
4.34259	0.67338	1
4.17669	0.563904	1
4.33019	1.49196	1
0.828291	1.14662	1
2.02703	0.938949	1
3.44871	1.32375	1
1.45035	1.09566	1
3.8946	0.912207	1
0.885123	0.9098	1
2.46313	1.45345	1
4.19522	1.37048	1
2.03482	0.720817	1
1.63154	1.09939	1
2.9695	0.725774	1
1.08964	1.04123	1
4.46848	0.894437	1
4.49787	0.782493	1
1.03403	1.18869	1
3.84779	0.690946	1
1.6415	0.988989	1
2.20234	0.505045	1
2.03235	1.12903	1
0.848467	1.22636	1
1.41254	0.697647	1
2.89585	0.561305	1
2.58137	0.936089	1
4.26481	1.27618	1
1.25351	0.502706	1
4.40399	0.612419	1
2.14023	0.825276	1
3.35964	0.824393	1
3.97322	1.05589	1
2.15847	0.891706	1
2.916	0.571021	1
0.715409	0.750463	1
3.12356	1.43083	1
4.19451	0.785591	1
0.931266	1.12674	1
1.91166	0.565828	1
3.81235	1.01721	1
4.26173	0.737765	1
1.56216	1.16028	1
4.32986	1.3793	1
4.34916	1.27212	1
3.1439	0.699575	1
1.40625	0.863232	1
3.04833	0.917807	1
3.42489	0.980008	1
3.37746	0.593114	1
4.02874	1.36087	1
3.31964	0.842113	1
3.47934	1.1761	1
4.00699	0.827413	1
3.29205	1.19369	1
3.82773	0.907639	1
2.30823	0.937363	1
3.00357	1.15596	1
4.45525	1.31806	1
4.33019	0.768019	1
2.34193	1.25836	1
2.6281	0.513558	1
3.92107	1.10475	1
2.85244	1.45011	1
3.95278	0.857612	1
4.4579	0.704185	1
2.35262	0.783728	1
2.12968	1.46079	1
0.657424	0.561775	1
3.12622	0.89393	1
3.69358	0.783563	1
3.33189	0.664303	1
4.37722	1.20766	1
4.08051	1.01627	1
1.15253	1.15426	1
3.32257	1.19607	1
4.47175	0.638469	1
3.68984	0.601373	1
2.25553	0.887188	1
0.793551	1.30576	1
2.92529	0.672968	1
4.12933	0.536957	1
3.06877	0.946391	1
0.946727	1.21514	1
3.22683	1.09343	1
4.08966	0.683078	1
4.27947	0.928967	1
1.16665	1.00694	1
3.29769	0.956865	1
0.984273	1.38053	1
3.2155	1.26244	1
2.66775	1.44953	1
1.69847	1.44406	1
1.10018	1.37243	1
3.94468	1.26935	1
2.92909	0.598754	1
3.03433	1.02824	1
3.73124	1.23087	1
3.04012	1.30894	1
3.47857	1.17892	1
0.87924	1.11605	1
3.37509	0.89643	1
2.24201	0.653713	1
0.540946	1.00069	1
4.13985	0.962955	1
3.83971	1.09007	1
3.18143	1.26419	1
1.10909	0.647389	1
4.34418	1.15781	1
2.9452	1.21464	1
1.13285	0.824947	1
0.915003	1.44957	1
3.31474	1.39246	1
4.354	1.23829	1
2.78848	0.733124	1
1.85658	0.886105	1
0.651789	1.13598	1
2.3608	1.22728	1
1.02287	1.22074	1
2.64852	0.960465	1
2.55566	1.4117	1
2.15377	0.962963	1
1.30364	0.704603	1
2.72466	1.00775	1
4.26163	1.27477	1
1.62539	0.869311	1
1.08076	0.718406	1
0.63306	1.31413	1
0.879969	0.615289	1
3.37711	1.38584	1
1.44611	0.90416	1
4.38521	1.0694	1
2.46385	0.63826	1
3.88474	1.30718	1
1.09773	1.43294	1
2.37217	1.08332	1
3.86514	0.633878	1
2.07723	0.897518	1
1.09759	0.594311	1
3.81033	1.03159	1
4.08068	1.47724	1
1.93342	0.687765	1
1.69974	1.23154	1
1.46413	1.30745	1
0.768106	0.570898	1
3.85783	1.30431	1
2.91854	0.597387	1
3.84177	1.26606	1
1.83597	0.745443	1
2.09267	0.650413	1
2.67396	0.800335	1
2.75123	0.569429	1
1.19715	1.07961	1
3.01072	0.518678	1
1.21735	1.29613	1
1.29095	1.18366	1
1.83665	1.00742	1
2.45007	0.755931	1
4.10195	0.547045	1
0.837022	0.784071	1
1.80665	0.790027	1
3.59047	0.595177	1
2.96983	0.861597	1
3.58772	1.48324	1
2.24918	1.00447	1
4.13134	1.08764	1
4.46267	0.977585	1
2.64606	0.763242	1
1.79454	1.22849	1
3.79462	1.08383	1
2.47216	0.588391	1
4.4004	0.966206	1
1.29369	1.25174	1
4.30499	1.24236	1
3.63761	1.27636	1
1.66278	0.55562	1
3.90381	0.553338	1
4.3303	1.03149	1
4.42246	1.00557	1
3.55418	0.88054	1
2.71353	0.549619	1
0.733504	0.957235	1
1.37948	1.27062	1
3.73746	1.44207	1
4.21966	1.30102	1
1.05314	0.961028	1
3.79789	0.632218	1
4.42656	1.44672	1
3.39053	0.816725	1
3.46416	0.699514	1
1.69133	0.89784	1
4.27391	0.852547	1
3.46223	1.29248	1
1.60148	1.45184	1
1.5799	0.747472	1
2.7894	0.986161	1
3.08014	0.578473	1
2.33333	0.846845	1
1.89139	1.2246	1
4.37403	0.823494	1
4.34953	1.18396	1
2.24769	0.573801	1
3.69235	1.40639	1
2.96443	0.534377	1
3.28985	0.619092	1
0.971341	1.15725	1
0.593924	1.32013	1
2.75909	1.35157	1
0.757057	1.21039	1
2.16248	1.45104	1
3.1959	0.816375	1
2.64973	1.46424	1
3.9231	1.21396	1
1.11464	0.841977	1
3.3026	0.522518	1
4.14466	1.46984	1
3.72403	1.35672	1
1.77209	1.31992	1
1.04079	1.31916	1
3.23321	0.732808	1
1.331	0.649009	1
1.93068	1.16352	1
3.76534	0.598194	1
4.13021	1.33443	1
3.89812	1.05485	1
3.83847	1.46631	1
3.7849	0.899717	1
3.2057	0.90595	1
1.99852	0.733069	1
4.15411	0.516543	1
3.15577	1.25398	1
1.85617	0.872034	1
0.710692	0.785931	1
3.81192	1.25013	1
4.48124	1.12279	1
4.38368	0.68217	1
1.64749	0.823841	1
2.00097	1.49843	1
1.73459	0.925168	1
1.51838	1.01502	1
0.723121	0.66552	1
0.589531	1.07513	1
2.73772	1.42593	1
1.29445	1.21776	1
3.48707	0.778421	1
2.62157	1.21712	1
2.84203	1.23048	1
4.25787	1.27767	1
0.698907	1.10461	1
2.60587	0.895996	1
3.95185	1.03454	1
3.01357	1.17432	1
2.71747	0.60948	1
1.67918	1.08274	1
2.47474	0.941288	1
3.07405	0.666899	1
4.12653	0.630436	1
0.789366	1.31476	1
3.09646	1.37109	1
2.58113	1.27097	1
3.06361	0.718855	1
1.44427	1.42346	1
1.86369	0.664676	1
1.992	0.545623	1
2.19724	0.842063	1
2.04628	1.12105	1
3.76021	1.2968	1
3.44532	0.928986	1
1.63539	0.805531	1
3.66719	0.774181	1
3.73396	1.20647	1
2.68529	0.674072	1
2.0976	1.15521	1
3.52516	0.736837	1
3.00908	1.47777	1
3.48549	1.16959	1
0.759728	1.30656	1
4.15952	1.06548	1
1.06403	0.700712	1
1.17406	1.30572	1
1.26317	1.26437	1
2.50056	1.07103	1
2.09636	1.05868	1
1.73725	0.94387	1
3.53185	1.31914	1
3.86312	1.45205	1
3.52538	0.64829	1
0.611336	1.0419	1
3.52812	1.04674	1
2.55793	1.13139	1
1.1473	1.36893	1
2.5886	1.34466	1
4.05602	1.31603	1
1.99412	0.791513	1
1.53831	0.781188	1
2.37693	0.976755	1
3.09561	0.855131	1
0.78027	0.669116	1
0.771207	1.19277	1
1.49314	1.46631	1
0.564777	0.602459	1
1.96797	1.47676	1
2.31383	0.671626	1
4.05971	0.652403	1
3.15362	0.506054	1
0.830381	0.813785	1
2.77336	0.790762	1
2.87286	0.820815	1
4.18428	0.524421	1
0.574664	0.760553	1
3.85789	1.04684	1
1.107	0.95535	1
2.17918	0.654037	1
0.745085	1.15118	1
4.1775	0.54138	1
2.98751	0.93215	1
2.65449	0.912004	1
4.0875	1.07119	1
1.01347	1.22122	1
3.70361	1.36786	1
3.2559	0.89604	1
2.786	0.89311	1
1.27103	1.39417	1
0.911284	0.72847	1
4.02466	1.16681	1
1.01928	1.46853	1
3.65999	0.941762	1
1.43791	1.12724	1
1.03356	0.700279	1
0.619138	1.10074	1
1.61214	0.890098	1
2.39778	1.39224	1
1.39465	0.633009	1
4.04411	1.00471	1
2.33707	0.807163	1
4.10473	1.01892	1
0.895898	1.20046	1
1.04058	0.825628	1
1.61216	0.739964	1
4.18594	1.43823	1
2.79963	0.886713	1
2.40035	0.870809	1
0.742094	1.26369	1
4.30038	0.85675	1
1.67147	0.838009	1
1.97774	1.08446	1
1.01665	0.634201	1
2.15961	1.34911	1
0.80878	1.19708	1
1.05073	1.23265	1
2.87086	0.507947	1
0.81917	0.777854	1
2.22759	1.00084	1
1.12055	0.733327	1
1.47435	1.41638	1
1.57115	1.05702	1
0.564249	0.848792	1
1.38184	1.4822	1
1.05174	1.35829	1
0.674228	3.7297	1
1.38185	3.13997	1
0.525905	0.579378	1
1.35925	4.13201	1
1.46397	2.03105	1
1.11628	0.988616	1
0.632227	3.48841	1
1.17178	3.42354	1
0.591252	3.30873	1
1.44424	0.846006	1
1.12894	1.57177	1
1.46153	2.96575	1
0.779198	1.57889	1
0.920822	0.722297	1
0.855121	2.48721	1
1.43991	4.15602	1
0.651493	4.14126	1
0.554171	2.81844	1
1.07562	4.37483	1
0.539585	2.03747	1
0.633231	2.45567	1
0.519673	0.802483	1
1.21501	3.26339	1
1.16126	1.58674	1
1.07107	2.80979	1
0.816215	4.01269	1
0.967063	2.94916	1
0.625723	2.0812	1
1.12287	1.43109	1
0.800304	4.08899	1
1.34033	1.40334	1
1.46601	4.47054	1
1.15371	1.45304	1
0.734525	2.75295	1
1.07504	2.45417	1
1.46106	1.38029	1
0.857157	2.04291	1
1.1008	4.08591	1
0.759554	3.05251	1
0.668856	3.75154	1
1.39541	2.59804	1
1.49803	3.8345	1
0.704112	3.24461	1
0.730215	0.872586	1
1.11041	1.2084	1
0.60081	1.10314	1
0.700482	2.62043	1
0.684703	1.73713	1
1.14941	3.86376	1
1.35808	3.90174	1
1.33423	2.22605	1
1.1518	3.02223	1
1.24863	4.28903	1
0.658084	4.11629	1
1.28852	2.64412	1
0.936873	0.963162	1
0.918318	0.927725	1
0.773508	0.532872	1
1.15899	2.97582	1
0.604963	3.48929	1
1.46527	3.07517	1
1.28347	0.962036	1
0.777508	1.1731	1
1.2408	2.40645	1
0.795301	1.31636	1
0.594912	1.08026	1
0.999696	2.49619	1
1.2464	2.45384	1
1.22859	2.6838	1
0.630698	2.63881	1
1.02823	1.4489	1
0.781817	4.02619	1
0.747492	3.06012	1
0.602964	3.68294	1
0.610455	1.26977	1
1.3578	1.18128	1
1.40758	4.13136	1
1.08021	1.3913	1
1.31819	3.96402	1
0.655254	2.04973	1
1.35459	1.12034	1
0.699201	3.29986	1
0.746472	2.74736	1
1.20814	4.33911	1
0.905294	3.62242	1
0.635428	3.2545	1
1.21044	2.89115	1
0.69304	2.6352	1
0.696937	3.40473	1
1.45952	0.775608	1
1.08914	3.53622	1
0.810022	3.88792	1
0.557551	1.70979	1
1.46795	3.42944	1
0.986267	2.40466	1
0.516703	0.555739	1
1.47499	2.93775	1
0.80748	3.33043	1
1.16945	2.14184	1
0.549952	1.2522	1
0.686578	3.417	1
0.573869	3.7326	1
0.993453	2.59086	1
1.34694	1.405	1
1.31761	1.75597	1
1.2727	3.33162	1
1.15149	0.672125	1
1.27913	1.74542	1
0.696572	1.04859	1
1.3454	3.40212	1
0.673807	3.20398	1
1.06275	3.89369	1
0.603732	3.30823	1
1.16226	2.79802	1
0.567088	2.8281	1
1.41678	2.94304	1
1.06789	3.48157	1
1.38745	4.02075	1
0.845247	3.57659	1
1.28684	3.15716	1
1.14113	3.40885	1
0.877371	4.04614	1
0.886145	3.23858	1
0.850115	0.515487	1
1.27036	0.576044	1
0.995296	0.980159	1
1.0943	1.92927	1
1.02459	3.70534	1
0.65719	3.54711	1
0.66115	2.76514	1
0.799921	1.7298	1
1.25521	1.29707	1
0.613707	3.87861	1
1.4225	1.19508	1
0.735991	2.26942	1
0.980783	1.0446	1
1.25004	0.915999	1
0.699244	2.14273	1
1.25716	2.43893	1
1.11737	2.19464	1
0.918119	3.30254	1
0.730991	2.34733	1
0.503913	3.62318	1
0.758228	1.84378	1
1.15209	2.37763	1
0.867766	1.7629	1
1.06881	3.18161	1
1.45543	2.74341	1
1.3114	0.665736	1
0.625021	4.4583	1
1.06374	3.84574	1
0.536125	1.74931	1
1.00905	1.44524	1
1.40004	2.88954	1
0.799061	2.7728	1
0.631621	1.79469	1
0.656265	2.76954	1
1.1294	3.69099	1
0.861357	2.88732	1
1.00089	3.67606	1
0.80307	2.75955	1
1.47242	3.16416	1
1.15247	1.44209	1
0.74029	2.11915	1
0.832366	2.63355	1
1.45361	4.2795	1
0.559086	1.84588	1
0.660584	1.10492	1
1.14147	0.747345	1
0.863084	2.28679	1
1.26417	4.02467	1
1.1104	3.04709	1
1.13649	1.66316	1
1.0415	4.08465	1
0.557109	1.01952	1
1.48655	3.29233	1
0.944228	1.77214	1
1.16075	4.36209	1
0.629087	3.06435	1
0.589914	0.562853	1
0.849639	3.08479	1
0.674341	2.00565	1
0.571181	3.70638	1
1.38111	3.63534	1
0.596936	3.00192	1
1.16797	2.34396	1
1.01777	3.17312	1
0.977125	4.25288	1
1.2585	2.66659	1
1.44391	0.966094	1
1.07276	0.924487	1
0.852995	0.870955	1
0.82864	2.33809	1
1.14206	3.61009	1
1.31557	3.63203	1
1.25217	3.88031	1
0.610063	4.32891	1
0.869758	3.67833	1
0.810432	2.41842	1
0.670248	3.89935	1
0.727105	3.12182	1
0.669092	2.97744	1
1.02516	0.597138	1
1.04995	0.673104	1
1.32485	1.61551	1
0.903216	3.78877	1
0.883175	2.13091	1
0.824319	1.20875	1
1.14637	1.72115	1
0.814633	1.72428	1
1.38154	0.755143	1
0.650177	1.54617	1
0.922014	1.27238	1
0.801688	2.60409	1
1.49299	1.55634	1
1.07375	0.718339	1
1.0344	2.17753	1
0.794717	4.2312	1
0.513827	2.51041	1
0.826849	1.64469	1
0.629168	1.44671	1
1.09396	2.20099	1
0.526049	2.65514	1
0.587482	1.30037	1
0.945305	0.626164	1
0.921154	2.7151	1
0.566919	4.04491	1
0.712612	2.68351	1
0.859	3.6085	1
0.923847	1.88633	1
0.773693	3.95591	1
0.778848	1.64018	1
1.09378	0.529037	1
0.534873	2.32577	1
1.18107	1.55265	1
1.12235	4.242	1
0.749621	2.08903	1
0.790302	4.33233	1
1.49621	2.14984	1
1.32088	3.24343	1
0.521433	2.56356	1
1.16813	1.34333	1
0.868825	0.983271	1
0.735507	3.8256	1
1.02559	0.930888	1
0.681567	2.69655	1
0.773747	3.97143	1
0.713282	3.72092	1
0.80146	3.38119	1
1.14697	1.78037	1
0.6963	4.35036	1
1.19637	1.26003	1
0.570815	1.57387	1
0.779569	3.11545	1
0.536018	1.65136	1
0.580352	2.70792	1
1.05499	0.616909	1
0.585659	3.34499	1
0.554369	0.95318	1
1.13652	2.61817	1
0.520122	2.06646	1
1.35008	3.97571	1
1.49159	1.61541	1
1.27105	2.14938	1
1.10408	3.97965	1
0.535397	1.70204	1
1.12563	1.83215	1
0.808674	1.80699	1
0.620509	2.57279	1
0.990154	3.65616	1
1.21068	4.12341	1
1.28916	3.45364	1
0.566824	0.583488	1
1.25929	1.32749	1
0.991696	4.15496	1
0.602603	2.13988	1
1.48918	3.31296	1
0.553189	3.84358	1
0.767259	2.4215	1
1.27067	4.29108	1
0.732597	1.93619	1
0.955247	2.78575	1
0.885047	4.10506	1
1.40273	3.47635	1
1.17837	3.22872	1
0.986144	1.78181	1
1.197	1.20889	1
0.884304	0.503844	1
0.715559	1.00449	1
1.20507	3.85661	1
0.566064	2.14773	1
0.599472	4.23258	1
1.37714	0.585313	1
0.655546	3.22304	1
1.47497	2.99535	1
0.859533	4.43647	1
0.948014	3.42136	1
1.2599	1.4292	1
0.801862	1.37403	1
1.3258	3.59566	1
0.91627	3.73537	1
0.680115	1.60783	1
1.42998	3.06798	1
1.47379	0.530508	1
0.684214	0.733298	1
0.998086	4.27781	1
1.09922	2.33018	1
1.19743	1.69746	1
0.529213	4.00254	1
0.822864	2.5121	1
0.598745	3.73985	1
0.923361	0.922181	1
1.43906	4.39486	1
1.19899	3.3819	1
1.24692	4.33763	1
0.822471	2.13622	1
1.27236	4.30747	1
1.29869	3.81559	1
1.2924	1.89486	1
0.888101	2.84763	1
0.873252	4.37869	1
0.786867	3.72	1
1.23766	2.64098	1
0.849563	3.19752	1
1.43333	2.57611	1
0.684282	1.97053	1
1.47811	0.87812	1
0.855586	4.03591	1
1.14172	1.38054	1
0.70448	2.14591	1
0.941285	0.559022	1
0.789974	4.38489	1
0.567045	1.32589	1
0.527211	0.826414	1
0.719386	2.84132	1
1.17416	3.96	1
0.949037	0.673598	1
1.0888	2.54807	1
1.4347	3.65965	1
1.47862	3.42603	1
0.621946	0.856664	1
0.55964	4.25515	1
0.661241	4.13201	1
0.864099	3.0763	1
0.710613	3.73923	1
1.43161	0.840505	1
0.596651	3.16799	1
1.04241	2.84222	1
0.907284	3.74402	1
0.85056	3.27259	1
1.06926	3.71629	1
0.625722	0.659051	1
0.756984	3.34875	1
1.17014	2.15248	1
0.807916	3.82524	1
1.35113	4.37753	1
1.37142	1.78893	1
1.37558	3.37813	1
0.817954	1.71414	1
0.664239	4.22724	1
1.42102	0.824191	1
1.05056	1.72563	1
0.50098	2.02729	1
1.15415	3.47722	1
0.971768	3.27255	1
1.39082	0.562904	1
0.823895	3.73815	1
1.3415	3.21873	1
1.45117	3.37264	1
0.887244	2.79838	1
1.1163	3.4479	1
0.534656	1.66078	1
0.919796	0.791353	1
0.723866	1.13148	1
0.969871	2.24445	1
0.549947	3.73379	1
1.21907	3.24068	1
0.7894	2.08897	1
1.4183	4.21803	1
0.857894	1.58393	1
0.906148	0.664731	1
0.82765	1.80628	1
0.691145	1.51185	1
1.41144	1.39256	1
0.846049	1.99092	1
1.48895	4.36631	1
0.751223	4.3659	1
1.16189	3.32759	1
0.768971	2.79167	1
0.762003	2.22574	1
0.696032	1.47336	1
1.48889	0.542617	1
1.01962	4.36262	1
1.24487	4.34673	1
1.17884	2.15337	1
0.731075	4.03601	1
1.12176	0.719785	1
1.48866	2.23638	1
0.759222	4.38094	1
0.912373	2.38429	1
0.944202	2.92263	1
0.659319	4.4974	1
0.957859	1.04791	1
1.1869	1.04822	1
1.3844	0.750781	1
0.91837	4.17102	1
0.673443	3.27815	1
0.763224	2.61055	1
0.759642	2.33682	1
0.588941	4.10704	1
1.29441	1.37711	1
0.905929	0.790321	1
0.867354	1.28134	1
0.64837	1.04008	1
0.842719	3.59695	1
1.47779	2.44386	1
0.514161	1.56221	1
0.564018	2.99793	1
1.17691	3.4732	1
0.897805	3.15033	1
0.713307	3.95173	1
0.710434	1.247	1
0.941089	1.9562	1
0.982198	3.7658	1
1.02376	4.15155	1
1.45207	1.07198	1
1.00986	2.47355	1
1.14333	2.72698	1
1.29058	0.671204	1
1.2299	1.22932	1
1.3125	1.59901	1
1.47909	0.652735	1
0.598166	2.67604	1
1.39249	1.47635	1
0.692948	3.43531	1
1.11808	1.27007	1
0.541937	3.39932	1
0.995602	3.1822	1
1.41578	4.19009	1
0.614688	3.36041	1
0.809357	4.29317	1
1.04611	1.88756	1
1.10119	2.77696	1
0.703935	1.1249	1
0.885369	4.38056	1
1.42234	2.78739	1
0.961233	2.62529	1
0.87274	2.62334	1
0.948216	4.44779	1
1.20426	1.45585	1
0.891893	1.9592	1
0.983477	2.00851	1
0.841648	3.98941	1
1.29321	0.966364	1
0.615371	2.45158	1
0.869884	0.503843	1
1.43635	2.80494	1
1.07883	3.08899	1
0.574724	1.70241	1
1.3747	3.89915	1
0.899824	3.31569	1
1.37313	3.63845	1
0.830886	3.06503	1
1.14229	3.33554	1
1.34538	3.9826	1
1.30287	3.0977	1
0.795642	2.49469	1
1.20291	0.874222	1
1.46819	3.47745	1
1.25745	1.1255	1
0.622867	1.05561	1
0.714527	3.72843	1
1.37073	3.84607	1
0.904845	4.20949	1
0.624944	1.43081	1
0.966841	3.341	1
0.591165	4.14821	1
1.02549	3.93583	1
1.26264	1.63182	1
0.726786	2.9675	1
1.21094	4.19869	1
0.990753	1.23507	1
1.18617	2.12749	1
1.39934	1.10992	1
0.78717	2.90968	1
0.942718	1.04168	1
1.15454	2.97185	1
1.11917	1.51074	1
0.964196	2.59885	1
1.14983	3.50951	1
1.1245	1.15552	1
0.715989	3.93431	1
1.25263	1.55324	1
0.954452	2.94455	1
1.26578	1.44298	1
1.1668	3.68352	1
0.558082	2.42315	1
1.12401	1.9696	1
1.0659	0.749505	1
0.743367	2.05297	1
0.852296	2.99067	1
1.32043	3.81081	1
0.930893	4.12763	1
0.898888	3.07501	1
1.08755	2.3184	1
1.15108	1.19789	1
0.822317	4.35602	1
0.824391	0.73956	1
0.724867	3.54669	1
1.37089	0.972607	1
0.939881	2.06119	1
0.559525	3.71218	1
0.803417	3.29045	1
1.20426	3.97891	1
0.695881	3.46494	1
0.961722	3.89588	1
0.778306	3.25671	1
0.725304	1.70581	1
0.869444	2.70017	1
0.943309	1.77044	1
1.26039	4.44737	1
1.22388	3.66381	1
1.438	0.965138	1
0.548073	1.01544	1
0.834374	1.44442	1
1.10519	1.20592	1
0.917113	1.09356	1
0.545812	3.97314	1
1.09928	2.48695	1
0.617224	4.23282	1
0.901201	3.27339	1
1.26954	3.23224	1
1.03249	2.76532	1
1.46202	4.3644	1
1.09615	3.08239	1
1.41596	0.797823	1
0.70072	2.06816	1
1.37223	2.93268	1
0.972045	3.46632	1
0.916588	1.32789	1
1.48733	3.2572	1
0.6903	2.86021	1
0.904395	3.41588	1
0.520072	3.20684	1
0.855792	1.38535	1
1.46869	1.72326	1
1.16031	0.934437	1
0.949012	4.16373	1
0.523959	1.81588	1
0.639139	0.572137	1
0.63987	0.53498	1
1.18206	1.92723	1
0.792007	1.607	1
0.656197	1.20522	1
0.528659	1.00485	1
0.99895	1.83286	1
0.765473	2.81793	1
1.12318	4.29814	1
1.46662	1.4837	1
1.16973	0.640335	1
0.934167	1.00506	1
0.804842	3.24004	1
1.20158	2.41682	1
0.521891	1.19776	1
0.63803	2.80381	1
0.929592	4.19901	1
1.35473	4.45655	1
1.4301	0.737467	1
1.22997	1.34429	1
0.804218	3.6519	1
1.46064	2.51564	1
0.601892	1.77463	1
0.820896	3.42879	1
1.06181	3.86811	1
1.01066	3.99217	1
1.46617	3.95576	1
1.39224	1.44866	1
1.31498	2.92755	1
1.293	3.24225	1
0.844074	2.74935	1
0.513753	2.8504	1
0.695312	2.89271	1
0.526594	2.91705	1
0.995604	1.2182	1
0.893258	0.818348	1
0.522482	0.927218	1
0.771826	3.92136	1
1.09163	2.76148	1
1.13267	1.83722	1
0.918138	2.51616	1
0.542671	0.900066	1
1.41343	1.70796	1
0.890738	1.39866	1
1.16724	4.11347	1
1.49394	3.90487	1
1.3071	0.777788	1
0.754981	1.70117	1
0.637141	3.50973	1
0.67709	3.03051	1
0.622186	1.16697	1
0.503094	2.94356	1
0.655174	1.50694	1
0.558573	1.80778	1
0.826853	3.5697	1
1.33543	2.90406	1
1.0251	0.863856	1
1.33715	1.46293	1
0.895808	4.44445	1
1.15536	3.62394	1
0.822512	4.49624	1
0.679311	4.0367	1
0.560324	1.53987	1
0.637075	0.504595	1
0.787407	2.56071	1
1.24962	0.877735	1
1.05051	3.08402	1
1.29566	3.15437	1
1.02694	3.29151	1
0.587627	2.30076	1
0.508421	2.41027	1
0.904	1.44062	1
0.809909	1.54622	1
0.950041	2.62385	1
0.511322	4.26898	1
4.31455	-0.859107	3
3.69568	-1.12713	3
1.93242	-1.40155	3
1.88407	-1.35877	3
3.33309	-0.976859	3
3.67058	-0.904381	3
2.81203	-1.00278	3
0.858811	-1.48481	3
1.78722	-1.37505	3
1.71492	-0.529402	3
2.31763	-1.03353	3
3.74706	-0.76038	3
1.83136	-0.567047	3
2.92312	-0.60253	3
4.24061	-1.02064	3
3.61177	-1.4558	3
1.58124	-0.605371	3
3.64334	-0.513052	3
2.78327	-1.26817	3
1.59368	-1.13895	3
1.50735	-0.506488	3
1.223	-0.890326	3
3.10576	-1.09761	3
2.70243	-0.594526	3
3.69863	-1.22187	3
0.939946	-0.84418	3
0.610278	-1.07522	3
1.19082	-1.37748	3
3.68983	-0.534425	3
4.37467	-1.363	3
3.8519	-0.642625	3
1.20169	-0.709457	3
3.04113	-1.1896	3
3.25537	-0.854761	3
3.86606	-0.960689	3
4.10697	-1.12983	3
1.14824	-0.78185	3
3.03208	-0.803342	3
2.01072	-1.302	3
4.40895	-1.29119	3
1.14544	-1.30381	3
2.88156	-1.45149	3
2.13135	-1.29462	3
2.24128	-0.829579	3
3.7047	-1.18689	3
1.2262	-1.02405	3
3.36164	-0.858725	3
3.27101	-1.00047	3
2.88849	-0.72516	3
1.79098	-1.42505	3
3.52996	-1.24183	3
3.56907	-0.831066	3
0.655603	-1.17977	3
3.87096	-0.74906	3
3.26322	-0.790625	3
2.21231	-1.12267	3
2.92333	-0.656976	3
2.08105	-1.44033	3
4.22896	-0.593337	3
1.8945	-0.855829	3
4.08252	-1.10575	3
2.41819	-1.41474	3
3.52068	-1.26037	3
1.41141	-0.711747	3
2.50207	-0.631633	3
1.18913	-0.870022	3
2.87012	-0.747898	3
0.925711	-0.545609	3
3.61533	-1.08053	3
2.4256	-0.803954	3
1.9517	-1.12663	3
2.27304	-0.588079	3
2.99006	-0.775175	3
4.02943	-0.939267	3
2.75668	-0.982174	3
2.47829	-0.523959	3
4.26378	-0.599598	3
1.11981	-0.640446	3
4.20582	-1.45701	3
2.98828	-1.36681	3
1.85616	-0.601143	3
2.43869	-1.2705	3
0.633703	-1.46051	3
3.77684	-0.849365	3
3.87382	-1.37443	3
2.99085	-0.52841	3
3.16645	-1.23873	3
2.91165	-1.19497	3
3.67381	-1.00969	3
0.661385	-1.11549	3
3.52103	-0.51635	3
0.988805	-1.30524	3
0.974312	-0.741231	3
2.65995	-1.22003	3
2.12325	-0.576731	3
2.53162	-1.00417	3
3.17909	-1.00587	3
1.67753	-1.23866	3
3.41594	-1.12199	3
1.95444	-0.701669	3
2.41171	-1.46227	3
0.752735	-0.660067	3
3.18739	-0.856372	3
2.79682	-1.43609	3
0.913151	-0.947764	3
1.36179	-1.02021	3
1.89338	-1.4989	3
0.906628	-0.772379	3
2.34796	-1.20833	3
4.42256	-1.07125	3
2.88969	-1.23302	3
4.49194	-0.713484	3
3.8964	-0.886891	3
3.77788	-1.10762	3
2.21406	-1.48325	3
1.90621	-1.00336	3
3.48995	-1.06992	3
1.90739	-0.646007	3
3.26252	-1.1661	3
4.29314	-0.953099	3
1.51205	-0.829289	3
3.54746	-1.19786	3
1.44747	-0.948286	3
2.15047	-0.695043	3
2.40613	-1.29543	3
3.84287	-0.822448	3
3.79171	-1.36981	3
2.55247	-0.88204	3
0.591927	-1.01184	3
1.9954	-0.851674	3
1.67579	-1.08831	3
4.23651	-0.667716	3
4.07817	-1.07295	3
2.05925	-1.01676	3
1.58753	-1.03537	3
0.643695	-0.890605	3
3.93311	-1.36263	3
3.79881	-1.14241	3
1.19157	-0.953539	3
3.67631	-0.729165	3
2.11385	-0.512916	3
2.43053	-0.803733	3
0.706303	-0.522184	3
2.88703	-1.15458	3
0.993857	-1.22247	3
2.84486	-0.804706	3
2.49595	-0.93716	3
2.03224	-0.96175	3
3.92687	-0.813828	3
0.622457	-1.04529	3
3.00152	-1.22147	3
2.60444	-1.10537	3
4.343	-0.871386	3
0.744249	-1.24714	3
3.18508	-0.524627	3
1.35264	-1.36743	3
1.27809	-1.46752	3
2.83895	-0.957683	3
0.516915	-1.41142	3
1.21892	-0.909123	3
3.06391	-0.637485	3
0.836692	-1.16119	3
0.973306	-1.2447	3
2.91681	-1.28488	3
3.94496	-1.31169	3
3.73091	-1.32312	3
0.681912	-0.804675	3
3.26767	-1.00518	3
3.40495	-0.72317	3
3.31318	-0.852916	3
3.25613	-1.24399	3
2.15121	-0.93114	3
3.88332	-0.55724	3
1.63622	-1.16649	3
2.29677	-0.925922	3
3.80997	-0.777686	3
4.31944	-1.12073	3
1.95362	-0.54446	3
1.3074	-0.922236	3
1.34636	-1.17991	3
2.55673	-1.29992	3
2.8169	-0.976179	3
3.74241	-0.585325	3
3.2034	-1.27339	3
4.0518	-1.15397	3
3.18552	-0.675854	3
2.98968	-0.931098	3
4.36984	-0.62146	3
2.96129	-1.10382	3
0.546774	-0.686342	3
4.16072	-0.643729	3
1.13366	-1.04346	3
3.77822	-0.745501	3
3.38845	-1.23343	3
2.73604	-1.45153	3
3.15293	-0.693376	3
4.24327	-0.840813	3
2.74402	-0.835238	3
0.773684	-1.24963	3
3.41173	-1.37693	3
3.0363	-0.82397	3
1.92215	-0.963384	3
4.4127	-0.602007	3
4.16536	-1.46817	3
2.90494	-0.969596	3
1.06763	-1.38947	3
3.85561	-1.22816	3
4.16568	-0.742689	3
3.46791	-1.11903	3
4.38183	-0.753408	3
4.20969	-1.41594	3
2.29154	-1.02498	3
3.21075	-0.539789	3
0.679966	-0.572087	3
2.02036	-1.42472	3
0.598564	-0.522678	3
1.51765	-0.602879	3
0.960174	-0.80218	3
1.76693	-0.688166	3
0.554395	-1.21621	3
4.13602	-1.27616	3
2.201	-0.811374	3
3.84961	-0.803027	3
3.40093	-0.540037	3
1.78499	-0.781485	3
2.8288	-1.22531	3
1.19114	-1.36008	3
2.3059	-0.970394	3
2.0695	-1.35812	3
4.31998	-0.924837	3
2.80638	-1.35479	3
2.64953	-1.23779	3
1.50522	-0.586539	3
3.38061	-0.673921	3
2.12795	-1.35127	3
1.2033	-0.885096	3
1.36175	-1.39228	3
1.38175	-1.47688	3
2.41938	-0.699135	3
1.17038	-1.09541	3
2.42675	-1.3136	3
1.81618	-0.540705	3
1.93065	-0.584406	3
3.4988	-1.11346	3
2.62496	-0.548504	3
3.92408	-1.36747	3
4.08072	-0.983129	3
3.34345	-1.09426	3
3.41822	-0.543922	3
1.10841	-0.527528	3
1.9828	-0.559002	3
3.86788	-1.43015	3
4.09214	-0.721078	3
1.68291	-1.08717	3
0.886985	-0.633263	3
3.89386	-0.523826	3
4.41293	-1.40043	3
1.79469	-0.975133	3
2.93892	-0.888618	3
2.62486	-0.664614	3
3.76458	-1.47391	3
4.17985	-1.34689	3
4.34018	-1.05758	3
2.15008	-0.687055	3
2.9052	-1.22053	3
2.71972	-0.684531	3
1.35221	-0.614283	3
2.19336	-1.46269	3
2.28171	-0.813463	3
4.04688	-0.644704	3
0.847748	-0.795192	3
2.12212	-1.21021	3
1.36817	-0.592413	3
2.73139	-0.795353	3
4.03601	-0.649249	3
2.80517	-0.904029	3
2.94406	-1.13283	3
2.68842	-0.858986	3
2.51485	-1.176	3
0.76512	-0.506442	3
2.76323	-1.14558	3
1.4129	-1.31732	3
3.42254	-0.67896	3
0.630037	-1.40133	3
3.65316	-1.218	3
4.01007	-0.732673	3
4.26122	-0.629292	3
3.75894	-0.838507	3
2.97792	-0.932899	3
1.01366	-0.610252	3
1.98585	-0.92649	3
4.40673	-0.960974	3
3.05231	-0.664566	3
2.48984	-0.833984	3
4.03704	-0.846393	3
2.08259	-0.63231	3
2.69273	-1.06686	3
3.80651	-1.22113	3
4.49686	-0.69966	3
0.596119	-1.00698	3
2.39734	-1.0466	3
1.81209	-0.839828	3
1.81448	-0.660825	3
2.06643	-1.23313	3
3.31104	-0.731387	3
3.92401	-1.47153	3
2.46831	-1.37094	3
3.64139	-0.640508	3
1.6328	-0.733416	3
1.76842	-0.808676	3
2.29227	-1.0161	3
0.882209	-1.16506	3
0.652255	-1.22879	3
4.31586	-0.783545	3
2.18175	-1.14809	3
0.825286	-1.46886	3
3.04319	-0.744776	3
0.570367	-0.527447	3
2.84359	-0.990266	3
0.684298	-1.43102	3
3.74332	-1.27302	3
2.65043	-0.898811	3
4.39693	-0.775432	3
0.890996	-0.56399	3
2.40982	-1.37907	3
2.42851	-1.47784	3
2.48387	-1.28452	3
2.48838	-0.95661	3
0.818617	-0.984716	3
1.32717	-0.557516	3
3.07074	-1.49224	3
1.93186	-0.532733	3
2.02054	-0.598778	3
3.60283	-0.790412	3
1.01627	-1.01764	3
2.0897	-1.32908	3
0.541985	-1.2124	3
4.25151	-1.06716	3
3.29793	-1.10741	3
0.933338	-1.21787	3
0.67752	-1.28691	3
2.35075	-1.18729	3
3.21622	-1.27227	3
3.6842	-0.677024	3
1.34977	-1.35234	3
1.8785	-1.49287	3
3.49092	-0.90294	3
0.897871	-0.558828	3
3.8739	-1.08453	3
1.88807	-0.572408	3
0.675157	-1.49533	3
4.30192	-0.578412	3
1.96699	-1.48749	3
4.1001	-0.803193	3
1.99552	-1.15147	3
0.569493	-1.32722	3
1.48128	-1.21134	3
3.28802	-0.609857	3
3.67803	-0.759547	3
0.573301	-0.532388	3
2.19933	-0.517296	3
0.600539	-1.06345	3
3.04086	-0.999055	3
3.05196	-0.511876	3
1.18405	-0.9451	3
3.61062	-1.21812	3
2.7621	-1.40586	3
4.27848	-0.998683	3
1.66437	-1.02512	3
1.11479	-1.28729	3
2.13628	-0.50811	3
1.3122	-1.19992	3
4.31407	-0.854015	3
1.0304	-1.44782	3
1.57861	-1.31775	3
3.4507	-1.35871	3
0.507689	-1.23245	3
1.76163	-1.00351	3
2.36146	-1.42086	3
4.35479	-1.05804	3
3.77742	-0.739574	3
1.80582	-0.70371	3
3.48238	-1.18151	3
3.12491	-0.610945	3
1.18783	-0.629724	3
3.52965	-1.10385	3
2.73937	-1.36019	3
0.751863	-0.934607	3
3.46736	-0.604474	3
0.63523	-0.843823	3
1.50234	-1.0723	3
1.25047	-0.848333	3
2.20594	-1.26391	3
3.99896	-1.2144	3
0.894905	-0.928615	3
4.28065	-1.36228	3
3.1561	-1.37959	3
3.52985	-0.667004	3
3.23653	-0.922865	3
1.05094	-1.34789	3
1.36915	-1.42695	3
4.26246	-1.47866	3
1.57117	-0.616704	3
1.48353	-1.19384	3
0.919657	-0.80869	3
2.62674	-1.49304	3
2.23584	-0.627237	3
3.48703	-0.580571	3
3.60951	-0.599799	3
3.51456	-0.592415	3
4.06245	-0.839792	3
3.41532	-1.49048	3
1.75859	-1.23933	3
1.1249	-1.48782	3
2.0752	-0.976369	3
2.39091	-0.939516	3
0.506044	-1.41932	3
3.00322	-1.48677	3
2.63992	-1.48237	3
0.62066	-1.45277	3
0.651966	-0.613272	3
2.94515	-1.13132	3
2.93267	-0.744664	3
0.966872	-0.977713	3
1.83675	-1.30435	3
1.42298	-0.501496	3
3.65878	-1.34486	3
2.55358	-0.531307	3
1.8341	-0.686615	3
2.08061	-0.720344	3
1.23222	-0.862345	3
1.21278	-0.879818	3
1.1372	-1.26331	3
1.04284	-0.747515	3
4.16504	-0.523526	3
1.37063	-1.34666	3
1.43705	-1.06462	3
4.18395	-0.570373	3
0.60133	-1.41368	3
1.9458	-0.586617	3
0.775001	-1.0354	3
1.44486	-1.00694	3
4.00149	-0.783317	3
3.18891	-0.616664	3
4.43953	-0.662653	3
0.74996	-1.0807	3
1.48663	-0.984686	3
1.4606	-1.05084	3
0.791058	-1.35883	3
1.85087	-0.585046	3
3.36419	-1.26441	3
4.0255	-1.44603	3
1.85215	-1.22811	3
2.81568	-0.520048	3
4.1764	-0.91301	3
0.824001	-0.811865	3
2.79114	-1.28584	3
1.51844	-0.608727	3
1.16912	-0.631796	3
3.53147	-1.48895	3
4.30697	-1.30328	3
3.52829	-1.35912	3
3.43242	-1.12537	3
2.86808	-1.3991	3
2.09422	-0.968172	3
1.53162	-1.36688	3
3.86279	-1.41022	3
4.06768	-1.10856	3
4.12497	-1.06791	3
3.14594	-1.49732	3
2.53699	-0.761973	3
3.38589	-0.645548	3
2.52662	-0.920677	3
1.43692	-1.0315	3
3.84874	-0.678788	3
1.57584	-1.08728	3
2.00634	-0.770089	3
0.631776	-0.956033	3
2.85788	-0.75445	3
2.26381	-1.16121	3
2.08093	-1.17849	3
2.41702	-1.16746	3
2.71399	-0.98247	3
1.66909	-1.19327	3
2.83976	-0.988283	3
2.62119	-1.27913	3
2.4988	-1.09883	3
2.58436	-1.23504	3
1.67801	-0.993149	3
1.04296	-1.36968	3
1.50721	-1.00918	3
4.2192	-1.2062	3
0.992528	-1.07178	3
2.34741	-0.889701	3
2.87177	-1.1363	3
2.63789	-0.853321	3
3.23718	-1.0389	3
3.62401	-0.815855	3
1.24636	-0.572882	3
2.68876	-1.19137	3
1.74884	-0.723604	3
3.25062	-0.719251	3
2.67462	-1.41915	3
2.34328	-1.00336	3
2.09842	-1.48612	3
4.13824	-1.3083	3
1.56024	-0.827686	3
2.48769	-1.43911	3
1.80499	-0.702752	3
2.89184	-0.718611	3
3.98824	-0.728716	3
4.17748	-0.940733	3
2.46261	-1.47442	3
0.99075	-1.10159	3
0.527867	-0.635848	3
1.66976	-1.09381	3
1.18391	-1.48324	3
2.16185	-0.920441	3
2.01985	-1.47591	3
1.94094	-0.898368	3
0.872244	-0.796964	3
3.92033	-0.924631	3
2.88792	-0.665339	3
1.41141	-0.843484	3
1.24157	-0.770992	3
2.41086	-1.48674	3
3.5489	-1.09094	3
1.37906	-1.01148	3
2.14806	-0.625576	3
1.83559	-1.00391	3
4.31444	-0.537096	3
2.49476	-1.06306	3
3.13514	-0.804382	3
4.22546	-0.977686	3
4.29369	-1.28017	3
3.31688	-0.786327	3
1.42899	-1.11784	3
2.99926	-0.683053	3
1.99245	-0.799969	3
4.17719	-1.01199	3
2.45023	-1.23955	3
0.850156	-1.33193	3
3.75475	-0.749009	3
2.05148	-1.38349	3
4.34603	-0.680372	3
3.40232	-0.544704	3
2.74575	-1.29858	3
2.47371	-1.18624	3
1.71214	-0.964178	3
3.47713	-0.679112	3
0.509673	-1.47359	3
2.69805	-1.0925	3
1.55626	-1.39185	3
1.26296	-1.01	3
3.32896	-0.679571	3
3.90419	-0.84827	3
4.13546	-0.990898	3
2.79789	-1.46423	3
2.67114	-1.23826	3
1.95702	-1.1294	3
1.47511	-1.20537	3
3.34066	-1.33082	3
2.91487	-1.10226	3
1.92	-1.34913	3
2.5704	-0.902153	3
0.72969	-0.603919	3
3.44355	-0.949733	3
1.10293	-1.11685	3
2.56027	-0.672659	3
0.76841	-0.586522	3
2.03464	-0.551079	3
2.99459	-1.01098	3
1.3536	-1.36777	3
3.2491	-0.520009	3
3.75172	-0.766189	3
2.81882	-1.3226	3
2.17363	-0.818536	3
2.933	-0.723695	3
1.69638	-0.630898	3
1.5797	-0.730479	3
1.14119	-1.41903	3
4.40158	-0.954055	3
1.40552	-0.640431	3
3.23302	-1.39662	3
4.23347	-1.1873	3
3.96786	-0.845365	3
4.45623	-0.879588	3
2.3516	-1.41573	3
0.925356	-1.38562	3
3.78903	-1.22587	3
3.11717	-1.09924	3
0.580581	-1.18012	3
2.80866	-1.19136	3
3.3691	-0.866239	3
0.913797	-0.896603	3
1.64033	-0.962373	3
3.17788	-0.932241	3
0.636667	-0.537536	3
2.03755	-0.991943	3
2.54932	-1.42343	3
3.10993	-1.44997	3
4.17973	-0.608152	3
4.1663	-1.39228	3
1.21766	-0.595606	3
3.8954	-0.980507	3
3.46291	-0.909083	3
2.38701	-0.506928	3
3.23264	-0.504087	3
3.89211	-1.02208	3
3.45038	-1.23651	3
1.76484	-0.663191	3
2.5892	-1.08331	3
2.04078	-1.40548	3
3.98688	-1.26562	3
1.27712	-0.698969	3
2.73817	-0.894211	3
1.8263	-0.956171	3
1.29312	-0.783864	3
0.809745	-0.886749	3
3.13916	-1.42576	3
3.48108	-0.833493	3
1.32613	-1.43727	3
0.942994	-1.04612	3
2.08119	-1.46459	3
4.19076	-0.834896	3
0.734376	-2.36129	3
0.914104	-4.1101	3
1.47029	-3.5423	3
0.804427	-4.38787	3
0.845605	-2.92303	3
1.28017	-3.66557	3
0.552867	-0.903813	3
1.20443	-1.2758	3
1.01064	-1.17481	3
1.03591	-1.19305	3
0.933229	-2.88432	3
1.07186	-2.19789	3
1.16462	-1.18361	3
1.169	-3.11991	3
0.983401	-2.3887	3
1.21088	-1.33952	3
0.651237	-0.978298	3
1.46927	-4.21312	3
1.4642	-3.33779	3
0.671203	-4.44261	3
0.557439	-2.9506	3
1.10268	-1.50659	3
1.15109	-3.32524	3
1.24847	-3.25392	3
0.965436	-0.536225	3
0.865108	-4.2546	3
1.36588	-2.8638	3
1.40302	-4.46922	3
1.0206	-4.31594	3
1.05456	-1.18842	3
1.09493	-2.73279	3
0.795429	-0.728669	3
0.688123	-3.37906	3
1.24101	-3.67785	3
0.882702	-3.60018	3
0.994697	-1.88354	3
0.754669	-4.22271	3
0.771643	-4.18179	3
1.08599	-1.9553	3
1.15256	-1.51373	3
1.05092	-0.58152	3
1.01029	-1.11714	3
0.611983	-1.21027	3
1.18307	-3.27027	3
1.16803	-2.21748	3
0.517964	-2.36674	3
1.31742	-0.716058	3
1.27332	-0.890448	3
0.753722	-1.70261	3
1.15907	-3.66641	3
1.30576	-3.51046	3
1.17524	-0.80492	3
1.14768	-2.26302	3
0.784301	-1.39986	3
0.710371	-4.48998	3
0.86155	-3.18213	3
1.24254	-1.01818	3
0.707826	-1.9635	3
0.700976	-0.943528	3
0.535031	-1.84707	3
0.667029	-2.67509	3
0.774409	-3.86036	3
1.49167	-2.57786	3
0.709498	-1.05872	3
1.26529	-3.24135	3
1.2583	-2.79645	3
1.37831	-3.99208	3
0.816616	-1.43904	3
0.80294	-3.45702	3
0.76242	-1.17057	3
0.620131	-1.98308	3
1.19381	-0.512032	3
1.42883	-4.41657	3
0.608297	-2.91095	3
0.551025	-1.59421	3
1.19551	-0.963982	3
1.27874	-3.20366	3
1.01749	-3.03505	3
1.46587	-2.25711	3
0.939829	-2.30589	3
1.15825	-3.47842	3
1.16648	-4.1834	3
1.37642	-0.826186	3
0.977225	-3.22346	3
0.962698	-2.19947	3
0.586531	-3.38933	3
1.26234	-4.4637	3
1.06702	-3.73377	3
1.42764	-1.23029	3
0.675878	-2.70675	3
0.836799	-3.16643	3
1.39253	-2.21786	3
0.813075	-1.75075	3
1.36286	-0.816306	3
1.29486	-1.71671	3
1.03737	-2.3442	3
0.554257	-2.3408	3
1.33728	-1.04871	3
1.04037	-3.53388	3
1.28992	-1.35468	3
1.39125	-2.47064	3
0.634548	-2.86763	3
1.35372	-0.530209	3
0.701599	-1.06716	3
1.06507	-2.62908	3
1.2146	-0.629621	3
1.0212	-2.28877	3
0.712217	-0.566215	3
1.05959	-1.69326	3
1.32972	-2.93151	3
0.701877	-0.61352	3
1.49515	-1.1545	3
1.42666	-4.20712	3
0.740781	-1.97227	3
0.539069	-3.96355	3
0.703832	-1.43617	3
0.647788	-0.66568	3
1.25724	-1.2428	3
1.20093	-3.64347	3
1.4336	-4.19138	3
1.11207	-3.57782	3
1.0162	-1.18748	3
1.18215	-4.44723	3
0.904041	-3.43439	3
1.03006	-1.56852	3
0.915893	-2.7499	3
0.782811	-0.587894	3
1.34904	-3.15719	3
1.1096	-0.606475	3
0.579866	-4.24208	3
0.79159	-2.42687	3
1.37463	-3.81482	3
1.39571	-1.12384	3
0.540113	-2.34689	3
1.38944	-0.954875	3
0.989023	-3.90057	3
1.1082	-2.35564	3
1.23766	-4.30627	3
1.31063	-2.27543	3
1.4548	-2.82045	3
0.744669	-1.86647	3
0.583139	-2.52488	3
0.605026	-2.74971	3
0.777231	-4.17676	3
1.07543	-4.03546	3
0.962586	-1.86214	3
0.937956	-3.43797	3
0.770629	-2.12127	3
1.07959	-1.22366	3
1.23302	-1.11497	3
1.4536	-4.22955	3
1.4518	-4.16193	3
0.526167	-1.26214	3
1.49056	-2.02623	3
1.35576	-2.87442	3
1.28798	-0.501265	3
0.781259	-3.22029	3
1.06444	-3.60725	3
1.07412	-1.03657	3
0.662508	-2.66108	3
1.43149	-3.99603	3
0.667882	-2.3673	3
1.12209	-1.93133	3
0.519128	-2.91202	3
1.47235	-1.27006	3
1.33217	-4.48905	3
0.966054	-0.545116	3
1.24791	-2.89636	3
1.00264	-2.64594	3
0.811119	-2.07546	3
0.590156	-1.9459	3
1.1502	-3.68424	3
1.0904	-4.15455	3
0.871417	-4.47697	3
0.977578	-3.62707	3
1.17093	-3.62444	3
1.40555	-2.4834	3
0.624096	-4.43834	3
1.05439	-1.83464	3
1.02113	-0.899472	3
0.64431	-2.42855	3
1.03309	-1.14455	3
1.45357	-2.53044	3
1.47228	-1.54475	3
0.603967	-3.04283	3
1.38531	-1.29198	3
1.29103	-3.28793	3
0.680874	-1.45648	3
0.861242	-1.64405	3
1.01674	-3.98859	3
0.569106	-2.52202	3
1.17803	-2.36462	3
0.776444	-1.52892	3
1.35435	-3.5709	3
0.747108	-4.01657	3
0.598671	-2.38805	3
1.2444	-4.01899	3
1.25825	-0.580704	3
0.549144	-3.19819	3
1.2922	-1.46159	3
1.25408	-4.44679	3
1.30462	-4.37032	3
1.4972	-3.26974	3
0.779938	-3.94222	3
0.904884	-2.39444	3
1.2517	-3.63902	3
1.47757	-0.845943	3
0.580782	-3.32109	3
0.717469	-3.80483	3
1.10904	-3.20413	3
0.801348	-1.17771	3
0.763101	-3.23561	3
0.583932	-4.0632	3
1.27156	-4.4316	3
0.973979	-2.32561	3
1.03471	-1.82774	3
1.47351	-0.877073	3
1.09225	-3.834	3
0.861813	-3.75836	3
1.32985	-3.98572	3
0.661849	-0.523282	3
1.11033	-2.03921	3
1.18615	-3.98208	3
0.766617	-3.18243	3
0.543402	-1.57612	3
1.12149	-2.02629	3
1.07424	-2.93863	3
1.03615	-2.98678	3
0.697725	-3.45629	3
1.40004	-3.42194	3
0.547812	-3.93904	3
1.35039	-4.11481	3
1.34407	-2.96959	3
0.667514	-4.1847	3
1.39622	-3.3839	3
0.708751	-2.26213	3
1.08253	-2.50952	3
0.77456	-1.46108	3
0.930995	-2.63796	3
1.12946	-3.5503	3
0.917542	-2.94572	3
0.67572	-1.38266	3
0.50957	-2.71471	3
1.31027	-2.66636	3
0.692125	-4.25622	3
0.512305	-3.5126	3
1.43423	-1.99684	3
0.543836	-3.4967	3
1.33009	-3.14897	3
1.09193	-3.7329	3
1.226	-2.90737	3
1.21361	-1.25572	3
1.0954	-1.1688	3
0.682605	-3.46209	3
1.3988	-1.67855	3
1.4353	-1.72398	3
0.729817	-4.0849	3
1.0959	-2.57947	3
1.03319	-1.46894	3
1.31693	-3.06202	3
0.702641	-0.908078	3
1.47815	-2.83023	3
0.932008	-1.13591	3
0.557079	-3.93785	3
1.00982	-1.84327	3
0.692825	-3.76725	3
0.994658	-0.692773	3
0.695814	-2.97132	3
0.772366	-2.92014	3
0.633951	-3.98024	3
0.670304	-1.81569	3
1.07046	-1.79581	3
0.981147	-4.02383	3
1.25784	-2.51933	3
0.684669	-3.56669	3
0.62849	-1.1695	3
0.602715	-1.82761	3
1.12875	-4.20033	3
0.885122	-1.97779	3
1.04157	-2.58898	3
1.40211	-3.32025	3
0.680612	-2.56635	3
0.765613	-3.23819	3
1.14369	-1.41415	3
1.31548	-3.66266	3
1.34239	-4.02312	3
1.45476	-4.28018	3
0.783597	-1.39011	3
1.143	-2.21423	3
0.898191	-2.41575	3
1.15039	-3.15858	3
0.805783	-3.04535	3
1.37191	-2.5235	3
0.509581	-1.15954	3
0.99801	-4.17858	3
1.24363	-3.98086	3
0.795912	-3.44565	3
0.97997	-1.78136	3
1.18392	-4.15067	3
0.937305	-1.01043	3
0.724073	-1.48124	3
0.943915	-2.08625	3
0.799176	-4.03764	3
0.852995	-2.17192	3
0.501237	-3.628	3
1.26466	-1.73972	3
1.19549	-1.03686	3
1.15144	-2.22573	3
0.738856	-0.544637	3
0.911242	-1.68251	3
0.994841	-2.06969	3
0.709532	-0.648819	3
1.33423	-3.06282	3
1.04954	-2.89543	3
1.36562	-3.0872	3
1.36615	-3.04311	3
0.767342	-1.06164	3
0.922328	-2.27711	3
1.32573	-1.94738	3
1.15094	-2.86794	3
1.44255	-1.2102	3
1.28903	-2.94641	3
1.30216	-2.63414	3
1.36188	-0.845191	3
0.871588	-3.93027	3
0.69671	-4.06824	3
0.628056	-4.19017	3
0.505235	-4.13711	3
1.09967	-4.26205	3
1.04294	-1.26374	3
1.0062	-2.40101	3
1.06591	-2.27267	3
0.65302	-2.38995	3
1.1462	-2.22107	3
0.874397	-1.92563	3
1.09139	-3.45894	3
1.29694	-4.10808	3
1.22114	-1.35825	3
1.47128	-4.45889	3
1.11604	-2.52162	3
0.752036	-2.2443	3
1.24801	-3.59147	3
0.675126	-3.91264	3
1.19881	-2.20226	3
1.30714	-0.643165	3
1.08037	-4.47273	3
1.40072	-3.50609	3
0.502384	-0.603257	3
1.31664	-0.520625	3
1.38963	-4.38645	3
0.602211	-1.90763	3
0.882284	-1.36341	3
1.00603	-4.27295	3
1.39567	-4.21901	3
0.975463	-4.29971	3
1.41912	-1.3879	3
0.826528	-1.44184	3
0.958247	-2.92764	3
0.531096	-1.48388	3
0.76242	-3.72039	3
1.21424	-4.09394	3
1.27521	-2.73358	3
1.08899	-1.29833	3
0.618103	-2.20914	3
0.823661	-0.547252	3
0.830351	-3.56289	3
0.511983	-3.54135	3
0.932223	-3.67313	3
0.625834	-3.80194	3
1.36134	-3.43406	3
0.772347	-1.85158	3
1.24652	-2.29812	3
0.619304	-1.47423	3
0.63847	-1.83613	3
1.02189	-4.11821	3
1.43365	-2.77422	3
1.34726	-1.28287	3
1.12785	-1.70389	3
1.2188	-0.951114	3
0.862833	-3.89533	3
1.24428	-2.11674	3
1.05654	-0.599953	3
1.22802	-0.904927	3
1.12623	-3.01108	3
1.41827	-3.27126	3
1.10052	-2.70744	3
0.678084	-0.595749	3
0.779234	-1.25541	3
0.669718	-2.39359	3
0.724446	-4.42047	3
1.47722	-1.12665	3
0.791515	-2.33217	3
0.523716	-1.34483	3
0.884261	-4.40408	3
0.814645	-2.56459	3
1.25176	-2.69402	3
1.22776	-2.6965	3
1.38945	-2.12824	3
1.45474	-2.52628	3
0.634205	-2.36101	3
0.612389	-3.81879	3
1.32387	-2.52691	3
0.538701	-4.40454	3
1.16231	-3.91326	3
1.01952	-1.58867	3
1.38076	-3.92334	3
0.551132	-3.3919	3
1.45974	-4.16586	3
0.917256	-4.4551	3
1.47331	-2.13892	3
0.562175	-4.07772	3
0.506978	-1.84048	3
0.985381	-4.13936	3
1.23588	-4.18871	3
0.679198	-1.47969	3
1.13249	-3.35162	3
0.972481	-2.09162	3
0.609676	-2.49498	3
0.747922	-1.67595	3
1.07829	-3.58289	3
1.21769	-2.62419	3
0.597179	-3.04825	3
1.4256	-1.30019	3
0.742719	-3.42934	3
0.827715	-4.39845	3
0.768102	-3.19629	3
1.36879	-0.733875	3
1.45419	-3.42631	3
0.967821	-1.66223	3
1.0481	-4.21479	3
1.17469	-4.32746	3
1.12002	-3.04213	3
0.967886	-2.69398	3
1.2329	-1.20183	3
1.0976	-1.71389	3
1.4992	-3.46225	3
0.776404	-2.08051	3
0.65882	-2.14985	3
0.981227	-1.25716	3
1.48069	-3.12544	3
1.19785	-4.49988	3
1.44785	-4.27936	3
1.11386	-2.66684	3
0.676819	-1.25246	3
0.989114	-4.23062	3
1.06067	-0.533043	3
0.746805	-2.7339	3
0.55053	-0.988201	3
1.18751	-2.66957	3
1.43797	-3.90189	3
1.29277	-1.96275	3
0.650829	-1.54001	3
0.617644	-3.15068	3
0.555426	-3.90864	3
1.0305	-1.88723	3
0.963503	-1.87669	3
0.683228	-3.96658	3
0.634996	-4.04739	3
0.630906	-1.78347	3
1.1492	-4.08838	3
0.70703	-0.692754	3
0.795127	-1.56495	3
0.619511	-1.97157	3
0.750896	-2.95724	3
1.07633	-1.82982	3
0.850538	-2.64305	3
0.750746	-2.04103	3
0.884044	-1.8608	3
1.11074	-3.61855	3
0.669289	-0.907127	3
0.87738	-1.93016	3
1.43446	-4.48362	3
0.735289	-3.00937	3
0.967734	-3.79688	3
1.03139	-3.8169	3
1.2463	-3.17565	3
0.918149	-1.83617	3
1.27802	-0.956008	3
0.546123	-1.71155	3
1.44777	-2.50022	3
1.30111	-2.14694	3
0.683308	-1.72114	3
1.251	-0.929409	3
0.590848	-2.86435	3
0.936253	-1.86982	3
0.544182	-3.86871	3
0.676157	-1.45284	3
0.529594	-2.54959	3
1.15926	-2.73599	3
1.11781	-3.28705	3
1.4762	-1.839	3
1.49252	-3.47381	3
1.3241	-2.18449	3
1.44849	-4.13956	3
1.34771	-1.55101	3
0.782813	-1.33388	3
1.08795	-4.343	3
1.37368	-4.19967	3
1.02831	-0.611967	3
1.28402	-1.31429	3
0.653408	-3.84301	3
0.696031	-1.80709	3
0.777123	-2.60779	3
0.903494	-4.36787	3
1.08376	-2.15765	3
1.38676	-3.43006	3
0.639024	-2.64775	3
0.906969	-1.41782	3
1.22932	-2.44484	3
0.809804	-3.18265	3
0.74206	-2.8901	3
0.607856	-3.41397	3
1.20583	-3.87908	3
0.631067	-3.58055	3
0.506351	-1.94149	3
1.28575	-1.12188	3
1.18824	-2.63575	3
1.27811	-2.16405	3
0.572653	-0.569261	3
1.44531	-1.44	3
1.23291	-0.96387	3
0.825815	-1.21949	3
0.628146	-2.41555	3
0.949816	-1.45328	3
0.530008	-4.33682	3
1.4564	-2.52676	3
0.842172	-4.39973	3
1.31088	-2.32445	3
0.826545	-2.93981	3
0.758483	-3.87153	3
0.552706	-1.0773	3
1.1314	-4.33185	3
0.99783	-4.08493	3
1.3788	-0.553358	3
1.34916	-1.53752	3
0.946114	-0.669303	3
0.511568	-1.97825	3
1.29399	-3.19141	3
0.974227	-2.38087	3
0.869687	-0.684095	3
0.773161	-1.91125	3
0.766493	-2.4643	3
0.501399	-0.547595	3
0.71925	-1.36798	3
0.712988	-1.66378	3
1.35533	-0.569662	3
1.31354	-0.768215	3
0.917723	-1.9735	3
1.41585	-0.676777	3
1.20096	-2.34085	3
1.09807	-2.2556	3
1.23726	-3.96782	3
1.42023	-4.15277	3
0.684906	-4.4003	3
1.37684	-2.95293	3
0.767373	-2.06439	3
1.4152	-0.930044	3
0.740658	-2.39526	3
1.41378	-0.838798	3
0.701679	-0.751954	3
1.09504	-2.7945	3
0.674905	-1.98258	3
0.696472	-4.20131	3
0.702492	-2.73269	3
1.16222	-1.79365	3
0.683495	-1.61736	3
0.542272	-1.1433	3
1.28699	-1.62596	3
1.42513	-4.05053	3
1.41921	-3.25109	3
0.641895	-0.87249	3
0.86056	-2.19572	3
1.08722	-2.59515	3
0.64306	-1.39235	3
1.30383	-1.85595	3
1.31304	-1.15641	3
1.33279	-1.35638	3
0.518315	-2.40032	3
0.716095	-3.51641	3
1.41708	-2.764	3
1.20916	-1.54053	3
1.49894	-3.67087	3
1.09639	-3.0678	3
1.49042	-3.90965	3
1.15885	-3.50986	3
1.17014	-2.51514	3
1.49567	-0.753192	3
1.28817	-3.87544	3
1.16446	-1.90239	3
0.514366	-3.63428	3
1.02375	-3.187	3
0.969861	-3.51389	3
0.699961	-0.780631	3
0.737436	-4.36681	3
1.01215	-0.851135	3
0.631444	-0.73888	3
1.35137	-1.18295	3
0.89544	-2.06471	3
1.45523	-4.09916	3
1.29307	-0.636413	3
1.32969	-3.84689	3
1.35268	-3.08009	3
1.1187	-0.586493	3
0.510323	-1.00334	3
1.22852	-1.34249	3
1.36273	-2.29995	3
1.17404	-0.89928	3
1.35909	-2.33277	3
0.548249	-0.669131	3
1.42071	-4.40289	3
0.839651	-4.05585	3
0.71293	-4.26621	3
1.1382	-1.87314	3
1.2925	-2.35059	3
1.32619	-3.98539	3
0.769513	-3.6796	3
0.66669	-2.23632	3
0.503516	-2.12603	3
1.30108	-2.23676	3
1.4005	-3.29704	3
0.913585	-3.30863	3
1.37212	-1.22044	3
1.34185	-1.52452	3
0.750338	-0.653332	3
1.37	-3.35817	3
-0.654636	-0.770109	2
-2.61538	-1.35749	2
-3.88106	-1.47567	2
-2.60146	-1.06453	2
-2.03702	-0.641527	2
-1.19165	-0.692181	2
-0.603696	-0.761497	2
-1.4563	-0.830564	2
-3.38887	-0.542378	2
-2.82911	-1.1996	2
-2.01474	-1.44097	2
-4.06701	-1.10985	2
-0.892758	-1.14868	2
-3.50328	-1.07381	2
-3.38042	-0.720244	2
-1.89929	-0.901038	2
-1.10765	-0.650607	2
-1.80124	-1.47711	2
-1.68496	-0.648511	2
-0.614914	-1.05131	2
-2.51063	-0.820817	2
-3.0752	-0.859183	2
-2.7249	-0.59343	2
-2.20061	-1.337	2
-3.29545	-0.747293	2
-4.2285	-1.40159	2
-4.08354	-0.716937	2
-1.48005	-0.74202	2
-3.65143	-0.51497	2
-4.04406	-1.39212	2
-3.38308	-0.803994	2
-2.15631	-1.08266	2
-0.953031	-1.13223	2
-1.94477	-1.21438	2
-1.38991	-0.532471	2
-0.911286	-1.25985	2
-0.87996	-0.549254	2
-4.1197	-0.852242	2
-0.51022	-0.683698	2
-0.873033	-0.555879	2
-3.82564	-0.921178	2
-3.61687	-1.29354	2
-3.11609	-1.14929	2
-2.16482	-1.10902	2
-0.929463	-1.15472	2
-2.7948	-0.517749	2
-0.928162	-1.43933	2
-3.52588	-1.19828	2
-1.34548	-0.554354	2
-1.7756	-0.688244	2
-0.849518	-0.74156	2
-1.19753	-0.680706	2
-3.22945	-1.23684	2
-3.70169	-1.04744	2
-3.34283	-1.42445	2
-2.10784	-0.835527	2
-0.755762	-1.43073	2
-3.72356	-0.596189	2
-2.33616	-1.11494	2
-4.28243	-0.799838	2
-3.36938	-0.534064	2
-2.13628	-1.13914	2
-2.88854	-0.720159	2
-4.4132	-1.35221	2
-1.56021	-0.512593	2
-2.48364	-1.29425	2
-3.90267	-0.980065	2
-1.71649	-0.867797	2
-3.08844	-0.700877	2
-4.1273	-0.584945	2
-0.618972	-1.37399	2
-1.77729	-0.965267	2
-3.95952	-1.19568	2
-2.2526	-0.597707	2
-0.911448	-0.692741	2
-1.32168	-1.36219	2
-3.49672	-1.33751	2
-1.19401	-1.46358	2
-1.27273	-1.12465	2
-3.07378	-0.840437	2
-1.11719	-1.31529	2
-3.07551	-1.0723	2
-1.20485	-0.818121	2
-0.637705	-0.659099	2
-2.26337	-0.627468	2
-2.06747	-0.912889	2
-2.99968	-0.541867	2
-3.95102	-1.38411	2
-1.60001	-0.906208	2
-2.80742	-1.48459	2
-2.01209	-0.776575	2
-2.6243	-0.569901	2
-0.510282	-0.913214	2
-1.21893	-0.559707	2
-4.14893	-1.29404	2
-2.53846	-1.10181	2
-1.83693	-1.35304	2
-2.51499	-1.33469	2
-3.69565	-1.41723	2
-2.9119	-1.31444	2
-0.583393	-0.7123	2
-0.636011	-0.836763	2
-3.09864	-0.587605	2
-0.813012	-1.16043	2
-3.17008	-0.569324	2
-4.07328	-1.46445	2
-0.748342	-1.49823	2
-3.50055	-0.943966	2
-4.21535	-1.37651	2
-2.74143	-1.13854	2
-4.15086	-0.507571	2
-0.671084	-1.29966	2
-3.78234	-0.599333	2
-4.47065	-1.1635	2
-0.606963	-1.41654	2
-1.31223	-0.862312	2
-1.57912	-0.796483	2
-4.38554	-0.795946	2
-2.667	-0.845028	2
-1.94033	-0.937846	2
-3.48086	-0.589932	2
-1.64174	-1.37825	2
-3.8302	-1.2646	2
-2.04271	-1.2804	2
-0.630259	-0.732776	2
-3.19199	-0.671061	2
-2.54283	-0.548052	2
-3.11425	-0.906899	2
-4.17901	-1.31697	2
-3.92512	-0.613152	2
-4.08991	-0.548882	2
-4.35246	-1.21377	2
-1.60115	-0.7912	2
-1.32016	-1.46044	2
-3.37838	-1.39847	2
-2.2199	-0.590684	2
-3.0055	-1.34891	2
-1.6685	-1.0751	2
-1.19564	-1.18728	2
-3.65221	-1.25782	2
-0.844018	-1.48887	2
-1.0312	-0.817513	2
-1.66866	-0.725067	2
-1.49416	-1.44382	2
-4.27977	-0.765973	2
-1.26368	-1.27023	2
-2.13415	-0.967808	2
-1.17715	-1.03682	2
-1.89958	-0.726481	2
-1.16452	-0.523317	2
-0.554141	-1.43322	2
-3.81225	-1.20568	2
-3.77428	-0.877917	2
-1.59732	-0.975746	2
-2.99506	-1.41181	2
-1.20547	-1.31678	2
-3.94695	-0.651865	2
-3.4718	-0.512445	2
-2.88492	-0.552763	2
-3.79566	-1.28911	2
-4.38426	-0.543857	2
-3.09101	-1.48952	2
-2.60026	-0.643432	2
-3.53999	-1.31672	2
-4.37455	-0.706478	2
-2.34921	-0.5914	2
-2.52485	-0.76895	2
-3.66414	-0.585493	2
-3.54746	-1.40299	2
-4.3596	-1.13667	2
-1.94358	-1.30063	2
-4.02938	-0.980379	2
-2.35784	-1.43933	2
-1.56949	-1.27138	2
-1.48635	-1.07921	2
-3.56953	-0.705956	2
-4.4551	-0.658059	2
-4.19999	-1.0188	2
-1.75701	-0.691665	2
-3.86433	-1.00616	2
-0.863382	-0.782623	2
-3.75028	-1.28564	2
-0.846732	-1.24432	2
-1.21306	-1.28431	2
-1.1043	-0.872158	2
-4.30633	-1.37315	2
-2.47585	-0.954196	2
-2.10586	-0.771591	2
-1.64036	-0.945086	2
-4.47748	-0.625261	2
-0.607274	-1.39635	2
-4.203	-1.32749	2
-3.16215	-0.716294	2
-2.81298	-1.21969	2
-2.01901	-1.18783	2
-2.21188	-1.1585	2
-0.520767	-1.26149	2
-3.3783	-1.16534	2
-3.07287	-0.890311	2
-0.853654	-0.698811	2
-1.23203	-0.553179	2
-0.977049	-1.15543	2
-1.54983	-0.978061	2
-2.71837	-0.960967	2
-0.937225	-1.02676	2
-0.518764	-0.923165	2
-1.46128	-0.738659	2
-3.32369	-1.33227	2
-1.01809	-0.860436	2
-1.61168	-0.992459	2
-1.56189	-1.48056	2
-1.42061	-0.763004	2
-1.25395	-1.09272	2
-3.89994	-0.609125	2
-2.97582	-1.47072	2
-1.84327	-0.696967	2
-1.52842	-0.590714	2
-3.64854	-1.47496	2
-3.60629	-1.28184	2
-0.776153	-0.752942	2
-3.94914	-0.501825	2
-3.39458	-0.73255	2
-4.28284	-1.3352	2
-3.64639	-0.860126	2
-4.04779	-0.733222	2
-3.67156	-1.48504	2
-1.79877	-1.09535	2
-3.15813	-1.35362	2
-2.72313	-1.37733	2
-1.27702	-0.608372	2
-3.95195	-0.538202	2
-2.28215	-1.01887	2
-4.01122	-1.16175	2
-3.53379	-1.02474	2
-3.72602	-0.849031	2
-0.581005	-1.49747	2
-0.746172	-1.30844	2
-1.40106	-1.40479	2
-1.05457	-0.965678	2
-0.953552	-1.30685	2
-1.43093	-1.32121	2
-0.734641	-0.980479	2
-3.55866	-1.00948	2
-1.5717	-0.87849	2
-4.4952	-1.37517	2
-4.2713	-0.79025	2
-0.573511	-0.721318	2
-1.82525	-1.09238	2
-3.20188	-0.547236	2
-4.27272	-1.111	2
-0.753699	-1.11936	2
-3.06878	-1.49269	2
-2.01531	-1.45698	2
-3.65674	-1.45424	2
-0.541761	-0.549135	2
-3.34411	-0.982974	2
-4.06959	-1.13595	2
-2.20158	-0.777616	2
-3.95261	-1.21973	2
-0.645089	-0.952619	2
-0.654313	-0.854071	2
-4.38768	-1.09964	2
-3.45982	-0.609639	2
-1.63879	-1.12045	2
-4.33932	-0.941278	2
-4.21781	-0.849787	2
-1.01619	-1.43349	2
-3.11108	-0.961317	2
-3.97493	-1.19687	2
-3.50868	-0.995321	2
-3.49679	-1.13193	2
-1.50014	-0.837874	2
-2.64486	-0.634637	2
-2.48385	-0.645303	2
-3.9843	-0.698856	2
-3.20847	-0.993919	2
-3.68806	-0.894228	2
-2.55415	-1.40186	2
-1.3008	-0.780117	2
-2.56408	-0.848326	2
-1.87946	-1.40829	2
-2.73976	-0.87915	2
-1.66772	-0.653398	2
-1.05443	-0.58087	2
-0.637133	-0.627145	2
-3.50787	-0.981244	2
-2.12802	-1.24899	2
-3.79266	-0.512785	2
-0.84827	-0.557768	2
-3.47329	-1.18507	2
-0.599367	-1.32957	2
-1.32041	-1.3216	2
-1.69777	-0.54429	2
-1.86489	-0.811357	2
-3.74879	-1.14304	2
-3.78079	-1.47967	2
-0.734269	-0.524974	2
-1.17356	-0.933867	2
-4.45373	-0.726388	2
-3.33736	-1.25678	2
-2.03257	-1.47616	2
-3.62373	-1.44818	2
-3.03246	-0.669588	2
-3.08239	-1.05959	2
-2.16314	-1.4124	2
-3.12622	-0.958612	2
-2.7442	-0.946884	2
-2.21332	-0.774209	2
-4.42194	-1.04138	2
-2.20488	-0.979789	2
-0.638363	-0.749203	2
-2.474	-1.15443	2
-1.51823	-0.675172	2
-4.23781	-0.750545	2
-2.40715	-1.36592	2
-3.84565	-0.703897	2
-3.06782	-1.1896	2
-2.63873	-1.31919	2
-4.06021	-0.547349	2
-2.325	-0.804604	2
-1.74549	-1.40995	2
-3.43352	-1.04575	2
-0.66476	-0.967507	2
-2.74938	-1.04786	2
-1.4035	-0.807325	2
-3.69202	-0.887941	2
-3.67749	-0.507317	2
-4.21885	-1.0001	2
-1.20412	-0.917892	2
-0.834104	-0.556325	2
-0.682665	-1.49946	2
-1.22674	-0.765488	2
-4.27336	-1.15023	2
-1.79914	-1.07244	2
-2.44577	-1.41932	2
-2.5168	-1.26232	2
-4.11465	-0.728727	2
-0.681555	-1.49348	2
-4.4815	-0.912392	2
-2.05358	-1.32683	2
-2.89744	-1.15161	2
-4.17786	-1.41812	2
-0.839259	-1.13411	2
-4.13552	-0.944483	2
-3.18404	-1.41363	2
-0.620134	-1.30736	2
-0.981953	-1.08842	2
-2.09286	-1.07885	2
-1.36377	-1.00192	2
-3.41049	-1.37686	2
-0.855782	-0.843338	2
-4.18473	-1.18612	2
-4.0341	-0.872281	2
-1.37983	-0.762681	2
-4.14632	-1.04668	2
-1.43848	-1.30458	2
-3.68237	-0.675082	2
-1.12277	-0.717125	2
-3.99935	-0.701903	2
-4.49968	-0.684385	2
-2.33451	-0.805995	2
-0.902269	-0.955709	2
-3.00297	-1.32919	2
-4.26207	-0.797023	2
-2.46421	-1.24796	2
-1.10206	-1.44764	2
-2.97409	-0.66301	2
-3.57613	-1.375	2
-1.24039	-0.75213	2
-1.1775	-0.588928	2
-3.60546	-1.35543	2
-4.47526	-1.0732	2
-1.94891	-1.27156	2
-2.97969	-0.640742	2
-3.36714	-0.737495	2
-3.04149	-0.578435	2
-2.55157	-1.16148	2
-3.17507	-1.14824	2
-3.484	-1.36987	2
-3.53838	-0.529379	2
-0.64601	-0.97985	2
-1.70849	-1.06668	2
-3.13535	-1.13138	2
-2.11315	-1.21026	2
-4.48616	-0.931462	2
-4.4597	-1.22324	2
-0.923923	-0.502008	2
-1.09167	-0.56987	2
-4.17129	-0.628089	2
-1.82146	-1.16279	2
-2.30452	-1.17286	2
-2.02949	-0.849826	2
-4.23651	-0.674823	2
-2.66846	-0.986671	2
-3.93103	-0.832738	2
-2.45959	-0.584889	2
-0.727797	-0.61352	2
-0.853095	-0.798436	2
-2.48442	-0.646103	2
-2.79412	-1.16978	2
-2.21492	-1.30131	2
-2.48861	-1.34424	2
-4.24367	-1.01586	2
-0.932403	-1.38137	2
-2.34	-0.66577	2
-1.82005	-0.513439	2
-2.73348	-0.918492	2
-4.01316	-1.05176	2
-1.84839	-0.919534	2
-2.02296	-1.31557	2
-1.12868	-0.51592	2
-0.721625	-1.02585	2
-0.846785	-1.25819	2
-0.535258	-0.914919	2
-0.742386	-0.801928	2
-2.68406	-0.855085	2
-1.34412	-1.45812	2
-0.994774	-1.44086	2
-1.31582	-0.565339	2
-2.86355	-0.539412	2
-2.57749	-1.17952	2
-2.22116	-1.06817	2
-2.87025	-0.556237	2
-2.33805	-0.755184	2
-2.58608	-1.17783	2
-3.35657	-0.624922	2
-2.82011	-1.20395	2
-3.17754	-1.17811	2
-1.28704	-0.627065	2
-3.46849	-0.757456	2
-2.72464	-1.1578	2
-3.84717	-0.528674	2
-1.70953	-1.14637	2
-2.99996	-0.856957	2
-1.89121	-0.729476	2
-2.66727	-1.36006	2
-1.61737	-1.45491	2
-4.47552	-0.631136	2
-0.803026	-0.541062	2
-0.743108	-0.792737	2
-1.90942	-1.21558	2
-3.54318	-0.54878	2
-3.86597	-1.27259	2
-2.19801	-1.37484	2
-3.90231	-0.7259	2
-1.96272	-1.24792	2
-3.73275	-0.954939	2
-1.053	-0.687793	2
-3.70322	-1.27899	2
-1.8062	-1.18988	2
-2.88745	-1.27827	2
-2.61602	-0.741106	2
-2.23051	-1.18669	2
-2.01994	-0.713895	2
-2.03027	-1.42163	2
-0.650945	-1.4489	2
-1.5481	-0.602654	2
-1.45111	-0.82788	2
-0.980562	-1.36071	2
-2.89977	-0.685594	2
-3.94966	-0.997178	2
-3.65887	-0.701774	2
-0.65624	-0.872614	2
-1.04228	-1.06519	2
-4.31086	-0.7091	2
-3.42052	-1.44765	2
-4.43029	-1.39289	2
-4.46413	-1.09378	2
-2.08486	-0.978017	2
-3.37116	-1.42513	2
-1.78245	-0.794229	2
-3.50735	-1.10047	2
-2.03499	-1.25405	2
-3.50916	-0.776067	2
-0.659155	-1.06355	2
-1.51451	-0.599028	2
-1.99112	-1.33236	2
-0.667013	-0.874709	2
-1.73976	-1.19271	2
-0.593095	-0.632025	2
-2.99392	-1.2845	2
-2.22434	-0.531188	2
-0.730202	-0.855485	2
-0.755937	-1.30499	2
-2.73206	-0.562	2
-2.82139	-1.25319	2
-2.66278	-1.30739	2
-3.78861	-1.46629	2
-2.40926	-1.13892	2
-1.48134	-0.600664	2
-3.53332	-1.45062	2
-2.70814	-1.2404	2
-4.25543	-1.40722	2
-3.364	-1.20681	2
-3.89979	-1.48865	2
-2.88026	-1.11196	2
-3.41596	-0.938307	2
-1.87946	-0.5504	2
-1.08625	-1.43902	2
-3.49686	-1.15286	2
-2.42289	-1.33395	2
-3.86831	-1.23315	2
-3.63729	-0.861242	2
-0.791941	-1.14693	2
-2.56743	-1.12392	2
-0.67749	-1.26466	2
-2.18341	-0.794374	2
-0.522661	-1.40602	2
-3.21193	-0.861306	2
-3.39086	-1.34005	2
-4.38362	-0.965874	2
-1.08448	-1.48812	2
-4.49398	-0.787409	2
-0.514354	-1.05403	2
-1.19483	-0.546689	2
-2.8791	-1.29582	2
-1.13913	-0.723058	2
-2.79929	-0.600295	2
-1.12212	-0.933087	2
-2.98156	-1.40567	2
-1.33073	-1.38938	2
-4.2216	-0.617268	2
-3.78092	-0.835333	2
-1.07135	-1.12791	2
-1.35508	-0.729035	2
-0.722699	-1.22402	2
-1.28109	-0.775503	2
-4.17962	-1.24753	2
-4.35363	-1.16685	2
-4.02533	-1.31294	2
-2.59425	-0.822756	2
-2.81972	-0.626951	2
-1.30393	-0.769788	2
-2.15034	-0.563513	2
-3.04738	-1.36173	2
-1.92731	-0.597883	2
-3.56655	-0.513029	2
-3.20608	-0.684611	2
-1.00871	-1.39755	2
-3.0966	-0.8632	2
-0.558628	-0.852361	2
-1.3238	-1.16356	2
-2.0382	-0.968924	2
-3.97271	-1.39076	2
-3.08914	-1.26999	2
-3.31771	-1.2774	2
-1.07016	-0.58258	2
-1.01735	-0.544624	2
-3.04752	-1.34477	2
-3.36859	-1.3221	2
-3.68468	-1.09679	2
-4.22558	-1.32768	2
-2.59882	-0.777034	2
-2.05077	-1.4051	2
-3.83813	-0.646507	2
-1.68504	-1.48101	2
-3.15328	-0.852504	2
-4.10982	-1.17855	2
-3.67815	-0.632795	2
-2.24814	-1.21341	2
-0.773013	-1.30682	2
-4.33019	-1.37416	2
-2.76722	-1.21056	2
-4.34774	-0.773972	2
-1.42486	-0.755421	2
-0.72633	-0.806055	2
-4.33302	-0.641186	2
-1.51809	-1.4296	2
-0.601687	-1.48994	2
-1.18255	-1.36584	2
-4.22347	-1.37519	2
-0.831643	-0.535516	2
-4.44653	-1.20626	2
-2.07347	-1.01786	2
-3.03925	-1.05149	2
-1.19079	-0.788961	2
-4.26037	-1.4356	2
-1.08408	-1.23193	2
-2.0248	-0.94158	2
-0.917205	-0.549117	2
-3.24679	-0.601747	2
-1.98993	-0.510677	2
-2.24903	-0.564484	2
-4.15044	-0.622896	2
-0.769839	-1.06259	2
-1.72675	-0.602972	2
-1.47828	-1.37939	2
-0.56805	-1.40146	2
-2.88411	-0.766706	2
-0.502923	-1.29843	2
-1.60431	-1.35632	2
-1.95435	-1.49423	2
-2.71775	-1.25752	2
-4.1972	-1.40933	2
-1.79124	-1.24053	2
-1.29947	-0.857189	2
-0.763115	-1.24988	2
-0.888337	-0.79629	2
-4.44545	-1.41897	2
-4.01981	-1.20637	2
-0.707091	-0.716505	2
-1.47101	-1.23805	2
-0.602506	-0.609654	2
-1.50036	-0.979768	2
-2.17011	-0.817519	2
-2.24987	-0.765153	2
-3.93895	-0.629814	2
-0.981856	-0.702484	2
-2.25903	-1.47025	2
-3.23843	-1.14539	2
-3.85518	-1.00783	2
-3.9917	-1.09707	2
-4.2223	-1.20917	2
-1.79734	-1.38111	2
-2.59615	-0.62196	2
-1.02319	-0.822634	2
-1.13034	-0.679681	2
-2.14878	-0.855374	2
-1.4512	-1.15729	2
-0.943116	-0.813989	2
-1.20087	-0.856534	2
-1.72482	-1.25763	2
-3.45885	-1.34208	2
-1.33349	-1.06922	2
-1.88268	-0.599495	2
-0.57201	-3.56235	2
-1.24712	-1.75799	2
-0.760113	-2.31486	2
-1.13562	-1.02064	2
-1.03548	-1.11177	2
-0.673577	-3.88991	2
-1.01022	-0.704425	2
-0.957875	-1.79842	2
-1.21722	-3.82355	2
-1.01327	-2.94445	2
-0.744601	-2.12617	2
-1.15247	-1.46541	2
-0.917233	-2.55535	2
-1.28792	-1.57623	2
-0.777996	-1.87361	2
-0.589588	-2.28857	2
-0.714012	-3.40274	2
-1.06105	-0.594875	2
-0.726663	-3.49774	2
-1.21957	-1.77414	2
-0.855478	-4.12355	2
-1.37908	-1.98368	2
-1.43594	-0.715448	2
-1.45452	-3.86963	2
-1.31024	-0.944259	2
-0.715847	-3.96488	2
-1.48666	-3.75788	2
-0.795406	-3.87608	2
-1.49139	-3.88364	2
-0.852016	-1.3631	2
-0.840299	-0.745386	2
-1.40952	-3.20073	2
-0.855485	-3.05837	2
-0.504202	-3.96081	2
-0.709241	-1.97642	2
-0.764089	-1.11998	2
-0.701483	-1.33158	2
-1.20983	-1.37582	2
-1.33707	-2.1834	2
-0.714266	-3.96922	2
-0.51454	-1.53321	2
-1.4192	-2.29676	2
-1.47612	-3.9892	2
-0.829153	-3.708	2
-1.12025	-1.07024	2
-0.683924	-0.856876	2
-0.944023	-2.18308	2
-1.08036	-1.95018	2
-0.564412	-4.32246	2
-1.0706	-1.13106	2
-1.07628	-0.605854	2
-1.16721	-3.07627	2
-1.27013	-3.30517	2
-0.926751	-1.55741	2
-0.953554	-2.6462	2
-1.13076	-4.38118	2
-1.28831	-1.282	2
-1.36444	-3.49141	2
-1.08906	-1.24796	2
-0.608943	-3.37653	2
-1.06152	-3.96282	2
-1.2433	-0.834755	2
-0.795538	-1.14693	2
-1.20301	-1.17483	2
-1.20311	-3.25443	2
-1.42039	-4.15387	2
-0.591968	-0.738068	2
-0.533007	-3.20642	2
-0.781248	-3.61152	2
-0.750197	-1.61494	2
-1.44553	-2.64465	2
-1.37731	-1.5806	2
-0.713425	-4.20042	2
-1.4143	-3.68981	2
-1.2043	-2.23514	2
-0.838126	-3.16151	2
-0.844013	-3.37616	2
-1.06036	-1.06818	2
-1.02682	-4.43369	2
-0.768387	-1.61961	2
-0.884455	-1.6674	2
-0.940128	-3.4584	2
-1.27191	-2.85758	2
-0.841003	-0.962381	2
-1.25786	-3.14708	2
-1.03034	-0.788219	2
-0.903665	-2.49834	2
-1.04572	-0.507159	2
-0.922978	-1.16054	2
-0.568102	-2.81849	2
-0.742169	-3.57163	2
-0.662695	-2.67945	2
-0.62205	-0.718502	2
-1.4022	-0.664872	2
-1.22354	-1.36474	2
-1.3272	-1.99016	2
-1.02324	-2.32121	2
-1.37473	-2.32014	2
-0.98641	-1.68417	2
-1.47801	-0.778896	2
-0.800581	-2.09691	2
-1.2858	-3.60013	2
-0.766522	-2.79244	2
-0.527203	-1.66746	2
-1.25318	-1.55514	2
-0.973609	-3.00741	2
-0.982498	-1.68777	2
-1.03239	-2.63507	2
-0.895066	-4.39548	2
-0.614524	-0.989419	2
-0.567555	-2.45083	2
-1.44261	-2.30895	2
-1.30659	-1.19254	2
-1.17004	-3.0093	2
-0.99865	-2.90502	2
-0.591451	-2.43901	2
-1.39564	-4.47799	2
-0.939617	-1.92291	2
-0.864304	-1.46964	2
-1.04951	-3.49048	2
-1.4499	-2.26518	2
-0.959722	-1.43739	2
-1.05112	-2.16452	2
-0.957682	-3.80027	2
-1.38779	-1.29993	2
-1.12148	-1.68975	2
-1.2227	-1.70087	2
-0.633322	-4.23571	2
-1.01595	-0.967425	2
-1.15896	-3.63084	2
-1.44159	-3.04289	2
-1.0355	-3.82532	2
-1.25669	-1.63572	2
-0.848142	-3.70046	2
-1.02822	-4.18113	2
-1.39811	-3.59935	2
-0.623015	-2.82021	2
-1.32056	-4.45385	2
-0.659152	-2.54218	2
-1.08805	-0.937041	2
-1.35619	-2.19952	2
-0.70256	-2.32226	2
-0.94403	-3.02125	2
-0.704957	-3.46021	2
-0.71439	-2.47739	2
-0.723814	-2.3125	2
-1.26201	-4.08025	2
-1.08921	-0.785748	2
-1.19167	-2.30718	2
-0.797137	-2.64073	2
-1.43671	-1.8724	2
-1.3452	-3.7944	2
-0.670364	-1.09076	2
-1.11809	-3.85352	2
-1.39967	-2.45313	2
-0.824157	-0.520928	2
-1.31642	-2.72703	2
-1.21819	-1.44947	2
-0.849741	-2.76397	2
-1.44732	-0.788366	2
-0.968956	-0.778489	2
-0.699042	-2.45384	2
-1.16553	-2.61875	2
-0.730982	-3.31019	2
-0.912313	-4.47013	2
-0.561571	-0.679578	2
-1.07065	-1.65054	2
-0.805476	-1.60824	2
-0.741619	-3.32954	2
-1.31928	-2.51924	2
-1.38235	-2.28842	2
-0.845226	-1.21618	2
-1.42592	-1.9918	2
-0.83167	-0.552767	2
-1.43784	-1.67978	2
-0.503954	-3.49141	2
-0.842453	-4.38794	2
-1.4264	-0.614969	2
-0.916138	-1.26995	2
-1.36865	-1.71228	2
-0.860766	-4.32325	2
-1.09706	-1.29975	2
-0.579655	-0.744686	2
-1.00378	-2.72552	2
-0.849068	-0.80053	2
-1.11407	-1.11589	2
-1.12964	-3.93523	2
-0.73006	-4.2558	2
-1.26568	-3.06954	2
-0.936795	-2.33112	2
-1.3002	-3.94138	2
-1.32026	-1.18963	2
-0.746522	-4.4816	2
-0.945722	-3.01356	2
-1.2963	-4.15719	2
-0.657945	-3.84601	2
-1.17525	-0.912584	2
-1.03932	-2.17019	2
-0.758656	-2.43052	2
-0.838089	-0.772827	2
-0.895687	-2.23929	2
-1.09205	-3.74807	2
-0.692135	-4.32099	2
-0.805734	-4.27271	2
-1.00922	-4.44632	2
-0.908519	-3.72114	2
-1.22104	-3.30839	2
-1.45687	-1.58672	2
-0.506195	-2.7088	2
-0.851837	-1.5871	2
-0.670165	-1.15563	2
-1.33735	-0.854043	2
-0.721251	-1.18729	2
-1.39782	-2.50937	2
-1.38948	-3.6194	2
-0.57587	-4.04526	2
-0.613601	-3.94019	2
-1.05837	-3.30362	2
-1.04503	-4.04774	2
-1.15434	-1.5139	2
-1.47623	-1.76477	2
-1.13335	-0.667054	2
-1.27612	-3.16051	2
-0.928304	-2.57321	2
-0.729553	-4.02344	2
-1.46116	-4.19887	2
-1.00094	-0.644947	2
-1.35609	-2.43637	2
-0.729587	-3.26451	2
-0.875171	-1.46725	2
-1.36875	-2.60686	2
-0.95529	-2.37887	2
-0.566872	-2.40725	2
-0.733228	-0.903464	2
-1.25001	-0.65779	2
-0.875208	-2.07095	2
-1.26725	-2.17504	2
-0.566007	-1.20191	2
-1.36421	-0.827248	2
-1.36792	-0.805563	2
-1.48981	-0.585795	2
-1.19148	-1.95939	2
-1.4128	-3.27828	2
-0.842569	-3.39122	2
-0.953773	-2.66587	2
-0.627267	-2.62083	2
-1.47314	-3.52877	2
-0.507592	-3.72543	2
-0.976231	-2.34074	2
-0.726691	-1.10005	2
-1.0897	-3.58979	2
-0.890918	-2.99422	2
-0.808774	-2.61614	2
-0.716803	-1.49664	2
-1.33289	-1.94098	2
-1.05525	-0.925813	2
-1.41815	-3.68636	2
-1.35481	-3.77641	2
-0.741484	-2.83845	2
-0.805238	-2.50219	2
-1.35974	-2.15139	2
-0.742438	-2.41831	2
-0.858646	-3.47745	2
-1.06548	-1.16015	2
-1.08995	-3.21323	2
-1.00072	-2.84323	2
-1.40622	-4.34147	2
-1.09914	-3.20221	2
-0.776142	-2.1836	2
-1.0071	-2.50501	2
-1.49054	-1.63924	2
-0.896872	-2.26828	2
-0.916426	-2.73442	2
-0.874594	-0.617559	2
-0.560646	-0.76376	2
-1.30974	-2.81339	2
-0.837666	-1.95124	2
-1.19481	-1.65516	2
-0.713463	-4.00666	2
-1.1619	-2.68379	2
-1.4897	-3.63642	2
-1.26683	-3.49184	2
-0.551404	-1.99466	2
-1.15807	-4.07784	2
-1.25451	-1.56606	2
-0.637493	-1.26311	2
-0.752327	-3.11104	2
-1.15235	-0.841218	2
-1.28395	-3.49716	2
-0.923859	-3.84548	2
-0.760291	-0.811673	2
-1.19276	-4.13017	2
-0.963003	-2.36929	2
-1.13063	-3.94105	2
-0.835577	-2.19787	2
-1.3584	-4.47298	2
-1.30603	-2.79258	2
-0.787277	-3.57803	2
-0.584771	-3.33067	2
-0.985683	-2.29306	2
-1.46276	-2.64968	2
-1.4501	-2.76256	2
-1.47758	-4.44903	2
-0.735161	-2.18818	2
-0.632034	-3.55658	2
-1.33135	-1.4476	2
-0.715023	-4.39045	2
-0.731752	-4.26926	2
-1.23531	-3.23549	2
-1.36198	-0.758684	2
-0.721776	-4.04088	2
-0.937303	-3.65624	2
-1.06658	-2.69593	2
-1.12372	-0.535902	2
-1.21272	-3.70944	2
-1.46158	-3.30295	2
-0.78265	-4.26436	2
-1.22092	-2.48096	2
-0.891483	-4.39768	2
-1.3313	-4.25751	2
-1.41738	-3.11802	2
-1.45932	-1.15884	2
-1.43711	-4.11792	2
-0.921835	-3.18102	2
-0.841637	-0.719284	2
-0.883868	-0.85422	2
-1.49306	-3.76204	2
-1.1858	-3.30175	2
-1.05284	-1.99429	2
-1.09061	-3.30225	2
-1.34518	-2.68119	2
-1.44075	-1.97445	2
-1.44441	-4.14322	2
-0.933455	-2.96894	2
-0.626337	-2.32658	2
-1.18636	-2.36277	2
-0.52696	-1.93507	2
-0.686163	-4.35707	2
-0.690814	-1.21795	2
-1.43809	-0.670956	2
-0.54842	-3.38394	2
-0.647508	-3.27256	2
-1.42385	-4.01824	2
-0.852581	-3.62289	2
-1.08197	-1.14263	2
-0.567238	-3.56537	2
-0.822547	-3.50368	2
-0.962421	-2.74514	2
-0.747038	-2.22256	2
-0.77136	-4.00926	2
-1.13505	-4.02244	2
-1.43813	-1.04008	2
-1.34629	-3.99093	2
-1.19397	-3.18554	2
-0.962848	-2.05615	2
-0.745009	-4.30645	2
-1.13943	-0.787975	2
-0.559909	-2.78932	2
-0.921412	-0.775724	2
-1.34125	-4.3221	2
-0.850904	-2.55266	2
-0.572897	-2.65803	2
-1.10344	-3.31162	2
-1.36011	-0.827094	2
-0.814191	-3.93895	2
-1.15498	-0.621535	2
-1.08401	-2.32588	2
-1.32478	-0.675676	2
-1.34553	-2.95572	2
-1.38051	-2.7582	2
-1.1865	-2.44318	2
-1.06414	-2.90134	2
-0.821869	-2.32949	2
-0.61657	-3.59768	2
-1.49006	-0.721216	2
-1.08762	-1.12419	2
-0.67485	-1.65155	2
-1.17918	-2.23709	2
-1.23513	-1.77926	2
-1.37646	-4.03415	2
-0.554521	-3.07194	2
-1.12175	-0.834979	2
-1.48265	-2.32243	2
-1.15873	-3.4742	2
-1.36977	-1.77341	2
-0.871709	-1.13824	2
-0.786225	-1.51521	2
-1.32838	-0.688817	2
-0.501386	-4.23936	2
-1.45087	-1.57593	2
-1.1782	-2.61691	2
-1.16199	-1.3043	2
-0.893886	-1.42401	2
-1.01729	-2.9419	2
-1.20414	-3.31248	2
-0.993292	-1.97847	2
-0.896898	-3.83632	2
-1.02156	-2.00627	2
-0.74464	-0.61717	2
-0.567275	-3.77821	2
-0.808889	-3.77869	2
-1.39449	-1.16566	2
-1.41169	-2.98784	2
-1.29804	-1.95077	2
-1.03136	-0.938649	2
-1.12212	-2.42824	2
-0.867438	-4.46594	2
-1.04187	-3.13268	2
-1.10262	-1.27739	2
-0.764154	-2.58459	2
-0.775635	-1.75482	2
-1.43314	-1.33166	2
-1.45095	-2.22644	2
-1.49239	-0.586507	2
-1.47131	-1.37991	2
-0.943675	-3.46322	2
-0.999837	-1.19874	2
-0.801001	-1.5879	2
-0.726203	-3.88833	2
-0.752375	-1.1381	2
-1.24565	-3.05771	2
-0.615602	-0.509602	2
-0.81444	-3.99404	2
-1.44801	-3.33526	2
-1.10488	-4.44176	2
-1.2881	-2.90293	2
-0.553901	-2.87129	2
-0.582804	-2.09923	2
-1.0584	-2.56584	2
-0.837331	-0.785083	2
-1.00379	-0.534767	2
-1.04557	-3.20669	2
-0.810364	-4.18647	2
-0.784795	-3.16628	2
-1.34114	-3.68082	2
-1.46734	-3.66921	2
-1.30983	-1.54794	2
-1.09418	-3.76857	2
-0.516513	-3.73464	2
-1.464	-3.37348	2
-1.08209	-2.09468	2
-1.11904	-1.45562	2
-1.23069	-3.38098	2
-1.49849	-3.5305	2
-1.31119	-3.06872	2
-1.29538	-1.22494	2
-0.542499	-3.37898	2
-1.18209	-4.22946	2
-1.0851	-2.70118	2
-1.35177	-2.28275	2
-0.559695	-3.00659	2
-1.49612	-2.11954	2
-1.1397	-1.70212	2
-0.886516	-4.1913	2
-1.20867	-4.01762	2
-1.19801	-4.05912	2
-1.09613	-3.62992	2
-0.593607	-1.85909	2
-1.04159	-1.09494	2
-1.47412	-1.61665	2
-0.928702	-4.20303	2
-1.05252	-2.69733	2
-1.0086	-4.1903	2
-0.913561	-3.48229	2
-1.41226	-3.41087	2
-0.943492	-2.59051	2
-0.614376	-3.10071	2
-0.803606	-3.47966	2
-1.49376	-2.89678	2
-0.519092	-3.526	2
-0.759603	-1.07155	2
-0.770581	-1.57389	2
-0.929192	-4.36366	2
-0.871403	-2.60223	2
-1.49409	-0.830721	2
-0.662646	-2.90201	2
-0.900483	-2.27754	2
-0.506081	-1.90335	2
-1.14982	-1.12292	2
-1.17745	-2.35017	2
-1.3015	-1.24308	2
-1.10846	-1.76002	2
-0.783893	-2.14209	2
-0.666325	-3.99126	2
-1.18891	-1.31354	2
-0.540123	-0.99115	2
-1.04314	-1.17554	2
-0.726092	-2.64366	2
-1.01677	-3.36086	2
-0.841974	-1.53574	2
-0.777652	-1.56308	2
-1.11729	-1.81355	2
-0.985321	-1.80307	2
-1.48665	-0.551849	2
-0.834079	-3.77169	2
-1.0694	-4.12481	2
-0.940617	-0.622085	2
-1.14438	-2.0898	2
-1.38167	-4.46184	2
-0.712753	-3.55419	2
-1.04058	-2.0107	2
-0.787546	-0.620551	2
-0.979339	-4.40319	2
-0.618715	-2.22941	2
-1.43108	-0.704742	2
-0.660449	-3.31776	2
-1.04619	-2.20589	2
-0.899543	-3.98003	2
-1.02132	-3.28649	2
-0.7083	-2.50696	2
-0.85601	-2.22446	2
-0.97946	-1.26196	2
-1.35263	-4.2488	2
-0.859397	-1.34554	2
-0.93649	-0.761787	2
-1.18528	-3.58284	2
-0.832891	-1.29614	2
-1.27534	-0.604797	2
-0.64607	-3.63802	2
-0.614924	-4.13797	2
-1.01461	-4.10145	2
-1.40224	-1.82095	2
-0.725499	-2.38413	2
-0.799461	-4.31738	2
-1.12828	-0.99186	2
-1.02175	-2.7713	2
-1.2992	-0.567828	2
-1.3902	-1.33008	2
-0.603814	-1.38466	2
-0.923882	-1.81929	2
-0.619093	-4.10867	2
-1.00893	-2.56213	2
-0.777122	-4.46	2
-0.690727	-4.03653	2
-0.555303	-3.51954	2
-1.48691	-2.74002	2
-1.19129	-2.46353	2
-1.35292	-2.10152	2
-1.33761	-0.63096	2
-0.530765	-2.8002	2
-0.880302	-4.08954	2
-1.42964	-2.54007	2
-1.02568	-1.93888	2
-1.31527	-3.18107	2
-0.559362	-3.95447	2
-1.10237	-1.96587	2
-0.964247	-1.79869	2
-1.15153	-3.26054	2
-0.937208	-2.20852	2
-0.570795	-2.44289	2
-0.854309	-1.1264	2
-0.524205	-0.751637	2
-0.540324	-2.45189	2
-0.797899	-3.48959	2
-0.7863	-2.21307	2
-1.107	-3.76738	2
-1.39736	-1.20908	2
-1.17543	-2.54141	2
-0.788839	-2.30573	2
-1.00126	-1.47345	2
-1.29231	-0.799457	2
-0.629436	-1.91916	2
-0.931751	-2.52225	2
-1.3007	-3.41985	2
-1.35676	-1.62572	2
-0.831202	-2.37168	2
-1.18603	-1.35339	2
-0.975963	-3.60212	2
-0.70549	-1.75952	2
-0.71095	-1.37054	2
-0.77305	-2.62319	2
-0.915314	-4.43176	2
-1.17076	-0.930859	2
-1.49632	-1.33328	2
-1.4626	-3.15368	2
-0.795449	-4.31439	2
-1.13239	-3.17906	2
-0.984703	-2.77208	2
-1.08771	-1.98214	2
-1.0338	-0.541091	2
-0.564562	-3.75678	2
-1.0452	-2.82947	2
-1.06028	-2.9167	2
-1.22914	-3.29707	2
-1.30621	-1.47995	2
-1.42094	-1.56333	2
-0.792077	-0.951714	2
-0.740145	-1.23483	2
-1.43558	-2.70105	2
-1.33332	-3.02321	2
-1.40319	-3.90272	2
-1.20461	-1.39615	2
-1.00182	-4.15456	2
-1.44232	-3.55466	2
-0.756181	-2.49985	2
-1.24339	-3.42818	2
-0.941236	-3.52897	2
-1.3854	-2.41377	2
-0.521522	-2.97637	2
-0.613298	-2.98324	2
-1.2568	-2.63428	2
-1.3793	-1.44378	2
-0.822479	-2.36564	2
-1.18049	-1.95227	2
-1.05694	-0.905505	2
-1.45129	-3.76397	2
-1.18743	-4.04287	2
-1.23731	-2.69723	2
-1.31467	-0.833241	2
-1.48969	-3.63847	2
-0.690947	-3.43974	2
-1.00033	-4.30024	2
-1.10986	-2.55188	2
-1.25405	-1.98582	2
-0.540168	-4.49018	2
-1.422	-2.35097	2
-0.876211	-2.24738	2
-1.39992	-4.08989	2
-0.547642	-2.16283	2
-0.621544	-2.83037	2
-1.10089	-1.15194	2
-1.47642	-4.46284	2
-1.38575	-2.4692	2
-0.828049	-2.62207	2
-1.05154	-4.36779	2
