-3.39645	0.601798	0
-4.4507	0.520452	0
-1.25526	0.958949	0
-3.56512	1.02607	0
-1.58861	0.827205	0
-2.97106	0.666957	0
-0.804381	0.732463	0
-4.29434	0.697839	0
-2.5104	0.660016	0
-1.01172	0.814192	0
-1.86568	1.04595	0
-2.08386	1.20315	0
-2.55325	1.09308	0
-3.48947	1.09405	0
-0.636463	0.743571	0
-2.6563	1.09634	0
-3.79757	1.18225	0
-0.527541	1.19098	0
-1.04507	1.26373	0
-3.72074	1.13118	0
-2.93394	1.09978	0
-4.4774	0.930611	0
-0.715788	1.26495	0
-1.83101	1.22372	0
-1.90836	0.606258	0
-3.43211	0.693163	0
-0.624435	1.10214	0
-3.07566	1.42652	0
-0.749246	0.636493	0
-3.67472	1.41575	0
-3.70182	0.74786	0
-1.70683	1.1825	0
-4.48559	0.702492	0
-0.52559	0.564249	0
-3.93909	0.6214	0
-2.50779	1.07514	0
-1.07303	1.16538	0
-3.67769	0.668417	0
-0.511089	1.43833	0
-0.604768	1.48437	0
-3.59794	0.631788	0
-1.59655	1.29085	0
-4.0736	1.17376	0
-0.66842	1.1798	0
-1.23688	1.32841	0
-4.17519	0.930949	0
-3.34752	1.02456	0
-0.563876	0.643809	0
-1.77835	1.36422	0
-2.90459	1.48646	0
-1.86642	0.945941	0
-2.3717	1.32889	0
-3.03958	1.31619	0
-1.23243	0.744884	0
-1.1386	0.934614	0
-2.46206	0.655436	0
-3.66358	1.34562	0
-0.73479	1.05144	0
-2.84804	0.912036	0
-1.62989	1.27583	0
-4.45301	0.752268	0
-4.25471	0.791812	0
-3.90843	0.947262	0
-4.42484	0.791171	0
-3.40386	0.981714	0
-4.32755	1.32241	0
-2.42635	0.947129	0
-4.0713	1.10435	0
-2.96972	1.33355	0
-1.29755	0.61776	0
-0.763523	1.21439	0
-4.35828	1.16347	0
-4.18091	1.40176	0
-1.96579	0.698361	0
-1.79962	1.23589	0
-1.64579	1.1363	0
-0.989033	0.890157	0
-4.347	0.587377	0
-1.89636	0.685159	0
-4.16623	1.21507	0
-4.00573	0.704541	0
-4.21006	1.15665	0
-2.30584	0.938076	0
-3.4712	1.46758	0
-4.18571	1.29079	0
-1.62137	1.4918	0
-3.13801	1.43971	0
-2.74772	0.508042	0
-3.80135	0.985535	0
-0.685645	1.055	0
-1.40384	0.730909	0
-1.85506	0.640523	0
-1.90251	1.49775	0
-2.75681	0.859821	0
-3.22618	0.680528	0
-3.59124	1.20672	0
-0.848307	0.599247	0
-3.66258	1.10678	0
-2.49073	1.19972	0
-1.15498	0.85301	0
-3.21954	1.2313	0
-0.624878	1.1641	0
-0.615357	1.18898	0
-2.18532	1.23009	0
-0.624801	1.20839	0
-3.73334	0.566529	0
-1.26212	1.34597	0
-4.16651	0.60863	0
-2.86578	0.673862	0
-1.03183	0.565895	0
-2.35298	0.73224	0
-2.6732	1.32874	0
-1.11036	0.681498	0
-1.48016	0.772843	0
-2.65467	1.069	0
-3.22976	1.36268	0
-0.925864	1.38919	0
-2.66279	1.00727	0
-3.59718	1.18674	0
-2.73543	0.807104	0
-3.20404	1.47017	0
-1.09448	0.700964	0
-1.59954	1.37263	0
-4.01577	0.941774	0
-1.31308	1.0226	0
-1.45282	1.18849	0
-0.613451	3.78191	0
-1.40837	2.29732	0
-1.20438	1.83102	0
-0.718225	3.57772	0
-0.840118	2.65815	0
-1.17026	1.03793	0
-0.907795	3.96266	0
-1.30718	1.749	0
-1.30896	1.04782	0
-0.954236	2.65502	0
-0.766104	0.599224	0
-1.24201	2.19943	0
-1.4768	3.22436	0
-1.00371	1.60072	0
-0.516253	4.18282	0
-1.14202	3.11505	0
-0.913835	2.22768	0
-1.06718	1.19866	0
-1.30063	2.31687	0
-1.24653	1.22186	0
-1.45677	4.32443	0
-0.600002	3.59057	0
-1.21346	3.724	0
-0.984858	4.1421	0
-0.621528	3.6335	0
-0.604316	3.77716	0
-0.875935	0.626753	0
-0.574109	1.95524	0
-1.10651	4.02239	0
-1.22648	1.34683	0
-0.67582	4.15806	0
-1.32127	0.859801	0
-0.798094	1.52858	0
-0.71831	4.27933	0
-1.11664	2.82656	0
-0.636186	2.81592	0
-0.562044	2.944	0
-0.665039	2.73553	0
-1.41083	1.58415	0
-1.42121	1.15383	0
-0.968024	1.26456	0
-1.03936	3.46604	0
-1.21962	1.40242	0
-0.672836	4.1009	0
-1.00968	4.39043	0
-0.777404	4.33489	0
-1.14839	2.7808	0
-0.818791	4.36701	0
-1.06676	3.80286	0
-0.575557	0.784393	0
-0.508197	1.01071	0
-0.79085	1.68131	0
-1.38823	3.5886	0
-0.554094	2.42905	0
-1.09056	0.628038	0
-1.20952	2.45434	0
-1.37564	2.75448	0
-1.33451	2.5921	0
-1.11979	3.72164	0
-1.31906	2.75113	0
-1.11478	1.21038	0
-0.737908	3.22338	0
-0.788793	1.19629	0
-1.31114	4.45662	0
-1.42831	1.14134	0
-1.22295	1.5045	0
-1.45122	0.788307	0
-0.574068	1.05207	0
-0.571709	4.48698	0
-0.855062	2.95364	0
-0.656402	4.41674	0
-0.654667	1.81748	0
-0.820144	2.30475	0
-1.08074	4.36717	0
-1.17336	2.30939	0
-0.599031	4.15277	0
-1.45364	4.37737	0
-0.552853	2.40604	0
-1.20474	1.51846	0
-0.50452	1.28084	0
-0.86012	2.21869	0
-0.733957	3.48576	0
-1.49686	1.51528	0
-0.983068	3.58092	0
-1.41838	0.954528	0
-0.560926	2.56948	0
-0.778063	1.55175	0
-1.46522	3.51853	0
-1.03082	4.3683	0
-0.532878	3.48593	0
-0.989359	0.692677	0
-1.48497	4.32547	0
-0.954684	3.62033	0
-1.42263	1.44933	0
-1.4179	1.94964	0
-1.40161	3.65079	0
-0.835004	4.33352	0
-0.909142	3.89313	0
-0.570003	3.60237	0
-0.845388	4.39091	0
-0.816291	2.48218	0
-1.31545	1.87831	0
-1.18918	1.92923	0
-0.714522	2.0712	0
-1.42117	2.69536	0
-0.605609	4.096	0
-0.902065	1.75356	0
-0.848766	3.00861	0
-1.04627	3.49839	0
-0.548909	0.611077	0
-0.94049	2.08518	0
-0.510979	2.94637	0
-1.34897	3.5084	0
-0.547095	4.13233	0
-1.13296	2.18882	0
-0.672605	0.624958	0
-0.687299	1.37149	0
-0.573126	1.43787	0
-1.23458	4.37637	0
-0.715808	3.55186	0
-1.12695	3.24912	0
-1.10905	1.26154	0
-0.976277	3.56568	0
-1.00845	3.94923	0
2.67204	1.36019	1
3.43706	0.763352	1
2.1591	0.514573	1
2.12733	0.637052	1
4.05149	0.768003	1
2.1392	0.707626	1
0.576791	1.28578	1
2.25942	0.866409	1
0.773767	0.838687	1
3.79868	1.02302	1
3.2501	1.10556	1
2.05523	1.44587	1
4.37242	1.31671	1
0.574235	1.09418	1
0.706232	1.00978	1
4.06511	0.914942	1
4.40086	1.20688	1
3.22679	0.551093	1
2.26606	0.724549	1
2.45207	1.48332	1
2.58745	1.48233	1
1.0553	0.579639	1
3.41013	1.27759	1
4.38146	0.930325	1
2.50488	0.927553	1
1.87203	1.1628	1
1.03735	0.744599	1
3.97106	0.956438	1
3.6018	0.509943	1
0.840943	0.715142	1
1.78433	0.617039	1
1.549	1.27795	1
1.09379	1.08903	1
1.98612	1.23829	1
4.13338	0.902753	1
3.45281	1.15725	1
3.40201	1.30915	1
3.84937	0.752661	1
1.42259	0.529237	1
2.29617	0.66961	1
2.72361	1.18382	1
1.55791	1.23418	1
0.681501	1.21364	1
4.16504	0.576483	1
1.55221	0.589244	1
0.656187	0.963674	1
4.22189	0.523543	1
3.99448	1.48717	1
3.79831	1.1041	1
0.607127	0.579525	1
3.45332	1.47299	1
4.2208	1.31976	1
0.792718	1.17477	1
3.13393	0.682537	1
1.4122	1.15575	1
1.02335	0.952664	1
1.29973	1.33049	1
1.46818	0.857162	1
1.09694	0.951519	1
3.43918	1.253	1
0.801661	1.33383	1
0.873771	1.24703	1
1.69917	1.18815	1
1.98247	0.88451	1
3.03641	1.02965	1
0.574509	0.520432	1
2.98754	1.05369	1
2.83068	1.15848	1
1.88666	0.690892	1
2.54148	0.847522	1
0.621858	1.40564	1
1.0954	0.753574	1
2.70706	1.17569	1
4.48135	1.11372	1
2.37632	1.18666	1
4.24019	1.47695	1
1.30646	1.178	1
2.99201	1.32203	1
3.62177	1.30666	1
3.36857	1.38718	1
3.86684	0.760639	1
3.6614	0.783759	1
1.26632	0.587529	1
1.85928	1.00926	1
1.40922	1.32844	1
1.75725	0.906236	1
4.36692	0.960157	1
1.54626	1.49823	1
2.56512	0.784767	1
1.1311	0.517696	1
3.43641	1.43507	1
0.726755	0.988799	1
1.50038	0.50119	1
1.82003	1.40739	1
3.90381	0.559566	1
2.16962	0.641068	1
2.79907	1.08741	1
3.47449	1.25584	1
0.519685	1.30093	1
3.03247	0.618683	1
1.97858	0.699361	1
3.35894	0.81576	1
0.929763	0.908889	1
2.7688	0.903379	1
0.599082	0.618493	1
0.525175	1.21604	1
0.867357	1.36166	1
0.500615	0.802165	1
0.871821	1.48998	1
1.53785	1.18912	1
2.22695	0.967752	1
3.28812	0.689723	1
1.96308	1.10237	1
1.26541	0.631622	1
1.57567	1.19749	1
1.52396	0.781899	1
2.49665	1.19399	1
3.51669	0.9604	1
4.29622	1.3723	1
1.96697	1.18037	1
0.534428	1.34404	1
1.90504	0.642767	1
3.2045	1.10894	1
3.05889	0.760837	1
0.538568	0.866407	1
0.808816	1.46278	1
1.30904	4.15756	1
1.35465	3.06495	1
1.07801	0.607705	1
1.12552	1.40776	1
0.572417	2.58469	1
1.42487	0.7053	1
1.3479	3.01614	1
0.797221	3.98888	1
0.89056	3.00792	1
0.658118	1.14921	1
0.602291	1.81902	1
0.631871	4.20515	1
1.21248	2.60364	1
0.993956	1.35253	1
1.49222	0.518399	1
0.945875	4.35863	1
1.4488	4.18181	1
1.06105	2.54378	1
1.23575	2.48246	1
0.599201	3.34449	1
0.652015	1.67795	1
0.790703	0.772363	1
0.957882	2.09964	1
0.908375	3.06981	1
0.642001	4.33498	1
1.26224	1.85578	1
0.952936	1.24066	1
0.717086	2.53432	1
1.19153	4.49753	1
1.00999	0.918961	1
1.21816	3.20986	1
1.20643	2.82081	1
0.996087	4.30078	1
1.41987	1.91629	1
0.962732	3.10436	1
1.10745	1.64393	1
1.0177	1.26565	1
1.2725	2.69261	1
0.694317	3.76973	1
0.882944	4.17126	1
1.09277	4.27011	1
1.00044	2.99261	1
0.984335	2.4506	1
1.13749	1.52556	1
0.752889	2.47882	1
0.853974	0.654745	1
0.70446	1.42867	1
1.01895	3.41657	1
1.18084	3.64238	1
1.16924	2.23417	1
1.48166	3.09439	1
0.624065	1.49408	1
0.576724	3.07355	1
1.19171	2.58857	1
1.31346	4.00335	1
1.19956	2.03504	1
0.85599	3.7957	1
0.760482	2.66405	1
0.657486	2.48361	1
1.13991	1.13904	1
0.580768	0.550661	1
1.16169	2.20151	1
0.985285	1.0118	1
1.29537	4.33102	1
1.11805	1.05576	1
0.757363	4.26758	1
1.10755	2.42091	1
1.46039	2.10327	1
1.16127	4.20103	1
1.26883	4.23849	1
1.32536	2.83098	1
1.21196	3.08376	1
1.48334	1.87009	1
1.06494	2.35218	1
1.35748	4.15387	1
1.24668	3.69794	1
1.47499	1.24936	1
0.515854	2.65614	1
0.593885	1.22883	1
0.986473	4.33565	1
0.816993	2.21277	1
1.07186	1.53625	1
0.610255	2.06603	1
0.653222	1.43605	1
1.32533	2.30582	1
1.46176	2.30951	1
1.0301	3.08673	1
1.41901	3.24784	1
0.784826	1.71922	1
1.40531	1.03415	1
1.0854	1.93954	1
0.83484	1.50376	1
1.22471	2.97186	1
0.782519	2.71643	1
1.48016	3.63559	1
0.567763	2.64539	1
0.986421	4.07223	1
1.2233	2.44097	1
0.67106	3.12892	1
0.720709	0.714884	1
0.863822	0.812768	1
0.770876	2.25765	1
1.26782	1.59354	1
1.35964	3.6576	1
1.43606	1.7895	1
1.05286	3.54806	1
0.667382	3.44296	1
0.703194	4.40486	1
0.634851	3.53019	1
1.15903	0.963959	1
0.679392	2.42709	1
1.05596	3.57215	1
1.11135	3.32178	1
1.21775	3.23626	1
0.521482	2.73499	1
0.570239	4.44596	1
0.800676	3.66186	1
1.08958	1.76108	1
0.726752	4.13501	1
0.662405	1.52353	1
0.79842	3.34312	1
0.610981	1.31876	1
0.982198	2.18839	1
0.503354	2.64817	1
3.12334	-0.731147	3
2.25683	-0.51006	3
4.20055	-1.05745	3
4.46388	-0.519783	3
1.74702	-1.49081	3
3.50315	-1.35633	3
4.03996	-1.43838	3
2.41162	-0.65487	3
1.62352	-1.42072	3
0.78889	-0.792585	3
2.50957	-1.31832	3
0.985431	-1.07624	3
2.2115	-1.47921	3
1.59059	-0.899434	3
1.01267	-1.14568	3
1.28487	-1.29511	3
3.13667	-0.692063	3
1.79466	-1.2187	3
2.82867	-0.582193	3
3.96127	-0.719433	3
2.36124	-0.698631	3
4.32237	-1.19122	3
0.558877	-1.27704	3
4.40301	-1.01245	3
4.28397	-0.744763	3
2.72348	-1.40552	3
2.43872	-0.842449	3
1.82198	-0.569014	3
2.19263	-0.707955	3
1.41456	-1.40244	3
1.28767	-1.1966	3
1.91389	-0.582764	3
1.31731	-0.564888	3
3.27498	-0.952735	3
1.40983	-0.890976	3
1.22653	-1.09387	3
2.72908	-1.08361	3
1.59342	-1.03598	3
2.86238	-0.666696	3
1.34461	-0.500322	3
0.952259	-1.1756	3
2.55826	-0.952939	3
4.18207	-1.0874	3
1.1859	-1.3745	3
3.85573	-1.07027	3
3.98485	-0.812704	3
3.93527	-1.16104	3
1.8174	-1.11234	3
3.96854	-1.08017	3
2.70344	-0.812296	3
1.36899	-1.30473	3
3.82822	-1.3135	3
2.81826	-0.615689	3
2.11779	-0.717103	3
3.72197	-0.985101	3
1.61888	-1.31686	3
0.704374	-1.2859	3
3.06715	-1.17747	3
2.52691	-1.2755	3
2.28875	-0.84567	3
2.03457	-0.539132	3
1.41722	-1.24729	3
0.941563	-0.914027	3
3.13256	-1.1467	3
0.57812	-0.943893	3
1.31389	-1.1294	3
2.59359	-1.10901	3
0.687974	-1.02423	3
3.28582	-1.11363	3
3.08528	-1.43714	3
1.60615	-1.42711	3
2.19533	-1.10802	3
4.49604	-0.584421	3
0.640899	-1.47704	3
2.67229	-0.86013	3
1.8402	-0.598213	3
0.693015	-0.985979	3
3.1445	-0.527551	3
3.51542	-0.730591	3
2.68811	-1.49585	3
2.09499	-0.953615	3
2.65824	-1.28331	3
0.635533	-1.26972	3
4.21161	-1.05957	3
1.15651	-0.838901	3
2.63318	-0.623648	3
2.33001	-1.32943	3
1.57678	-1.21047	3
4.28205	-0.525571	3
1.47136	-0.786547	3
2.42905	-0.622761	3
4.14607	-1.07001	3
1.83714	-1.42592	3
0.735835	-1.00142	3
2.28777	-1.37761	3
0.820718	-0.825074	3
3.6844	-0.878624	3
3.20949	-1.09884	3
2.27267	-0.986898	3
1.72884	-1.29527	3
3.75745	-1.46731	3
2.8281	-1.00128	3
1.97731	-1.47583	3
2.63328	-1.25759	3
1.6917	-0.519632	3
3.5396	-0.77157	3
4.05809	-0.971525	3
1.0768	-0.791521	3
2.74664	-1.21406	3
3.72363	-0.603609	3
2.66238	-1.31548	3
3.69634	-0.66276	3
1.81225	-0.611509	3
2.76574	-1.15857	3
0.726551	-0.898795	3
2.36431	-0.853422	3
1.59241	-1.18969	3
0.562705	-1.40625	3
3.64521	-0.778577	3
1.24842	-1.14957	3
2.75822	-1.04721	3
3.19633	-1.39732	3
3.1428	-0.850238	3
4.12707	-0.591464	3
0.974925	-1.453	3
1.3266	-1.7479	3
1.35456	-0.687119	3
1.0401	-1.85463	3
0.752092	-2.50617	3
1.49673	-1.86533	3
0.782456	-2.79839	3
1.11497	-3.50587	3
0.726534	-1.49769	3
0.539392	-3.00616	3
0.536513	-0.947065	3
1.46624	-0.606631	3
0.922704	-4.49246	3
0.772113	-3.67221	3
0.51441	-4.25904	3
0.901267	-1.45689	3
1.08728	-2.74928	3
1.40996	-1.00916	3
0.848124	-4.39624	3
0.867953	-4.26412	3
0.551689	-3.42931	3
1.00606	-0.81781	3
0.845183	-1.85758	3
1.18134	-0.732805	3
1.1688	-2.59989	3
0.734764	-2.43222	3
1.35655	-4.43912	3
0.696456	-3.47819	3
0.92787	-4.0373	3
0.75291	-4.22225	3
1.20676	-4.27462	3
0.597845	-0.841367	3
1.33614	-1.0165	3
0.644706	-1.8423	3
1.0007	-3.07878	3
1.06628	-3.29823	3
0.960694	-1.39069	3
1.46962	-3.44713	3
1.12517	-1.10639	3
0.851701	-2.79976	3
0.53453	-3.41448	3
1.46501	-1.98456	3
0.736552	-3.48658	3
1.18107	-3.58719	3
0.637843	-0.991608	3
1.12118	-4.24375	3
1.08274	-4.38689	3
1.10575	-1.38163	3
1.37343	-3.00118	3
1.38802	-3.39427	3
1.2957	-2.21135	3
1.32368	-0.524675	3
1.05312	-3.61807	3
1.16074	-3.50195	3
0.629988	-3.22223	3
1.04143	-2.8174	3
0.904182	-4.05964	3
1.43599	-4.16231	3
1.25013	-1.30352	3
1.30922	-2.27804	3
0.972041	-2.13918	3
1.45316	-3.02347	3
0.635287	-4.24934	3
0.70859	-2.82763	3
0.955692	-0.915042	3
0.754833	-1.23755	3
0.781609	-0.993098	3
0.594835	-0.869443	3
1.30835	-1.89781	3
0.59967	-1.1725	3
0.650455	-2.57587	3
0.544166	-1.67197	3
1.15724	-1.28672	3
1.33985	-1.21313	3
1.03202	-2.09536	3
0.707986	-4.49592	3
0.728509	-0.675272	3
1.45996	-3.81795	3
0.676129	-4.07331	3
0.592445	-4.07958	3
1.35606	-1.32853	3
0.741308	-3.72431	3
1.13047	-1.31341	3
0.846283	-3.9101	3
0.84897	-3.44842	3
1.41336	-2.14917	3
0.961804	-4.29802	3
0.903598	-1.55222	3
0.631076	-1.26907	3
0.730071	-1.76115	3
1.02758	-1.07882	3
1.2598	-2.13785	3
0.914227	-0.712976	3
1.19355	-3.97511	3
0.868675	-2.16385	3
0.865481	-1.99843	3
0.984109	-2.04396	3
0.814031	-3.32347	3
0.916425	-2.30788	3
1.11802	-3.32038	3
0.597385	-2.35413	3
1.36947	-1.18545	3
1.15821	-3.80211	3
0.893578	-4.48395	3
0.650306	-3.10672	3
0.526162	-2.2236	3
1.19312	-0.526116	3
0.745902	-3.15852	3
1.45894	-1.26298	3
0.674674	-3.67089	3
1.28579	-3.8673	3
1.38786	-3.91944	3
1.29871	-2.99112	3
1.2384	-1.23398	3
1.05594	-1.67319	3
0.704712	-0.965922	3
0.546381	-2.30338	3
0.693143	-4.31024	3
0.969729	-2.27952	3
1.35434	-3.01152	3
0.685147	-3.08216	3
1.11243	-1.05693	3
1.07466	-1.14209	3
0.82007	-2.45483	3
1.33896	-2.21975	3
0.825868	-1.63025	3
-2.3288	-0.818104	2
-2.40605	-1.01818	2
-3.58367	-1.1333	2
-2.40459	-1.39534	2
-3.45563	-0.787838	2
-3.48177	-1.44292	2
-3.38988	-1.19959	2
-3.58522	-0.915012	2
-0.616599	-1.19947	2
-2.02633	-1.27634	2
-2.48266	-1.31905	2
-3.46971	-1.05658	2
-1.9753	-0.949261	2
-3.58026	-0.787514	2
-2.35341	-1.06701	2
-1.35184	-0.903979	2
-2.1828	-1.43946	2
-4.33332	-1.35748	2
-1.20016	-0.702307	2
-0.847742	-1.46808	2
-2.70281	-0.754535	2
-2.12253	-0.994291	2
-3.65999	-0.551057	2
-4.09601	-1.23428	2
-3.19694	-1.23624	2
-1.94536	-1.43673	2
-0.557517	-1.18577	2
-0.936027	-1.21524	2
-1.24646	-0.719483	2
-2.12063	-1.40487	2
-3.83383	-0.833197	2
-4.40214	-1.27083	2
-0.985007	-1.22579	2
-1.29493	-0.89415	2
-3.28087	-0.649226	2
-1.94036	-0.502352	2
-2.30955	-1.45987	2
-2.13619	-1.1692	2
-1.6959	-1.28443	2
-0.504832	-0.819573	2
-2.32779	-1.34173	2
-1.98822	-1.0178	2
-4.17501	-1.42317	2
-1.60798	-0.616079	2
-0.830132	-0.940686	2
-1.22089	-0.540183	2
-1.32037	-0.960112	2
-4.21244	-1.30079	2
-3.23069	-1.41407	2
-2.3323	-1.00567	2
-0.502809	-1.42567	2
-0.865675	-0.502069	2
-2.86489	-0.591289	2
-2.59906	-1.47667	2
-3.37076	-0.606535	2
-1.8263	-1.00452	2
-2.16809	-1.03283	2
-0.819543	-1.33243	2
-4.46811	-1.27002	2
-1.00758	-1.09661	2
-2.63036	-0.628248	2
-0.755794	-0.614822	2
-3.67004	-1.29358	2
-1.53397	-0.855351	2
-1.79704	-0.570335	2
-4.12457	-1.38091	2
-3.01716	-1.48865	2
-2.62634	-0.557988	2
-1.22598	-0.813973	2
-1.42395	-0.845624	2
-2.5403	-0.815328	2
-1.44071	-1.18923	2
-3.72565	-1.06693	2
-2.77138	-0.664071	2
-2.04687	-0.57028	2
-2.73736	-0.78606	2
-1.14532	-0.558097	2
-0.90821	-0.717216	2
-3.31563	-0.695783	2
-0.860434	-1.34898	2
-0.867658	-1.10046	2
-2.44209	-0.914115	2
-2.87843	-0.637615	2
-2.04776	-0.757027	2
-2.07552	-0.717097	2
-1.30835	-0.69352	2
-0.948035	-0.512366	2
-2.63562	-0.741294	2
-1.24214	-1.49398	2
-4.18892	-0.904921	2
-1.02934	-0.859286	2
-3.68815	-1.139	2
-4.36765	-1.19292	2
-2.04709	-0.95429	2
-0.79069	-1.46472	2
-1.9596	-1.20571	2
-2.26928	-1.49517	2
-3.71335	-0.9112	2
-1.41334	-1.49571	2
-4.04799	-1.35685	2
-1.7797	-1.23289	2
-4.35458	-0.696327	2
-0.704533	-0.958648	2
-3.75079	-0.640687	2
-0.790547	-1.43823	2
-2.14661	-1.48724	2
-1.48669	-1.32968	2
-1.89586	-0.929181	2
-3.47136	-0.657524	2
-2.03487	-1.20696	2
-0.838186	-0.830441	2
-4.06616	-1.31005	2
-1.59183	-1.14126	2
-3.37655	-1.13399	2
-1.85531	-0.587332	2
-1.84498	-0.931287	2
-3.40166	-0.606368	2
-0.737032	-0.927895	2
-3.62114	-0.762128	2
-1.84066	-0.673693	2
-1.19811	-1.18878	2
-0.549453	-0.780372	2
-2.46091	-1.05079	2
-1.36284	-0.771337	2
-3.75864	-0.609974	2
-1.38147	-3.94108	2
-1.22057	-1.47064	2
-1.48087	-3.78951	2
-0.625085	-3.49491	2
-0.6066	-4.29125	2
-0.844721	-3.27199	2
-0.668178	-2.86526	2
-1.18209	-3.96697	2
-1.24091	-3.07856	2
-0.518895	-2.57469	2
-0.538573	-3.66992	2
-1.35322	-3.6369	2
-1.34412	-1.24612	2
-1.48046	-1.69957	2
-0.859551	-2.32975	2
-1.03178	-2.61223	2
-0.889778	-0.770759	2
-0.676515	-1.45025	2
-1.223	-1.3255	2
-1.46193	-2.52466	2
-0.546547	-3.47988	2
-1.13964	-0.521972	2
-0.519926	-4.11553	2
-0.500422	-3.41568	2
-0.503849	-2.21087	2
-1.05897	-2.0648	2
-0.71873	-2.83723	2
-0.999427	-0.798343	2
-1.46875	-1.15334	2
-0.555218	-3.58615	2
-0.720511	-0.893537	2
-0.96611	-3.55228	2
-1.29848	-1.53337	2
-1.20938	-4.4599	2
-0.529089	-3.37083	2
-1.0265	-1.51523	2
-1.00964	-3.47222	2
-0.885773	-3.85671	2
-0.818615	-0.979318	2
-0.599731	-2.19598	2
-1.08011	-2.36726	2
-0.756379	-1.75424	2
-1.35271	-1.30592	2
-1.41234	-0.596171	2
-1.39247	-1.85664	2
-1.47102	-2.05701	2
-0.634722	-2.876	2
-0.670797	-0.786765	2
-0.835286	-1.80367	2
-1.12245	-2.27127	2
-1.21874	-3.65639	2
-1.20075	-3.55181	2
-0.979768	-4.23853	2
-0.991925	-1.95769	2
-1.20947	-1.14571	2
-1.26527	-0.795161	2
-0.646865	-1.8818	2
-1.47715	-1.88402	2
-0.99828	-1.2901	2
-0.999877	-2.37106	2
-1.45805	-3.05061	2
-0.739311	-3.54223	2
-1.45801	-3.96627	2
-1.27806	-0.551624	2
-0.514921	-4.41769	2
-0.849291	-4.4487	2
-0.621891	-1.8742	2
-0.533746	-2.62072	2
-1.48879	-3.03157	2
-0.873617	-0.84804	2
-1.21319	-0.804321	2
-0.944877	-1.28286	2
-0.784924	-3.39961	2
-1.06227	-3.44586	2
-0.652748	-0.997447	2
-1.19485	-0.955155	2
-1.38299	-3.96639	2
-0.924031	-1.75629	2
-0.762142	-1.52704	2
-1.34878	-2.76633	2
-0.551555	-0.514609	2
-1.33035	-2.09457	2
-0.85009	-2.39903	2
-0.815236	-2.47737	2
-1.32133	-3.57781	2
-1.35609	-4.06181	2
-0.714848	-3.98736	2
-0.578672	-3.91337	2
-0.519144	-4.40245	2
-0.979807	-2.13339	2
-1.24846	-1.02463	2
-0.82033	-2.40619	2
-0.833124	-3.81357	2
-0.662041	-4.47576	2
-1.16716	-2.31298	2
-0.619794	-2.38147	2
-1.39945	-2.89435	2
-0.568027	-1.51876	2
-1.09701	-0.965673	2
-1.34459	-3.42771	2
-0.560768	-4.48141	2
-0.960369	-2.929	2
-0.666069	-2.61795	2
-1.27935	-3.69552	2
-0.951032	-2.2267	2
-0.974978	-0.753982	2
-1.49493	-0.96497	2
-1.38671	-3.14481	2
-1.12705	-1.70434	2
-0.799351	-1.50728	2
-1.11732	-0.729762	2
-0.874658	-0.588548	2
-1.14246	-4.30362	2
-0.660122	-2.40905	2
-0.991516	-2.5371	2
-1.44113	-4.11193	2
-0.956412	-4.19842	2
-1.19766	-3.84085	2
-0.78473	-2.11483	2
-0.699091	-2.07602	2
-0.732577	-1.63867	2
-0.658367	-1.99915	2
-1.10634	-2.1939	2
-0.693805	-0.938179	2
-0.8941	-4.25892	2
