-1.71072	1.32288	0
-4.37871	0.890187	0
-1.3304	0.544163	0
-0.681029	0.626664	0
-4.21258	1.05142	0
-3.56118	0.95555	0
-1.69665	1.18362	0
-2.59962	0.831467	0
-1.32155	1.29404	0
-3.42027	1.31495	0
-3.45939	0.887405	0
-3.47294	0.678394	0
-2.1875	1.39734	0
-3.80134	0.960289	0
-1.29724	0.688854	0
-2.00376	0.579312	0
-1.23944	1.45534	0
-2.8569	0.52421	0
-3.02117	0.731784	0
-0.995848	0.598216	0
-0.854579	1.17382	0
-1.78179	0.684445	0
-1.23516	0.607045	0
-2.2304	0.983079	0
-3.65537	1.40709	0
-3.43584	1.46814	0
-2.25156	1.2727	0
-0.917217	0.883064	0
-1.56091	0.973264	0
-3.94987	1.48437	0
-3.38627	0.739657	0
-4.35771	0.641951	0
-0.659487	1.45423	0
-1.28293	1.10249	0
-3.00478	1.02317	0
-1.86107	0.500179	0
-3.76074	1.30179	0
-4.11472	0.828327	0
-4.1445	0.541978	0
-1.49633	0.730082	0
-1.73637	1.22345	0
-2.84659	1.22739	0
-3.52778	1.32018	0
-2.37732	0.65762	0
-2.5062	0.684958	0
-2.19733	0.732034	0
-0.764675	1.35878	0
-3.01276	1.3647	0
-4.27304	0.73236	0
-4.05007	0.8975	0
-1.46208	1.16254	0
-1.46782	1.42246	0
-2.79127	1.34847	0
-2.68139	1.29126	0
-0.629127	1.08819	0
-3.97032	0.869727	0
-2.92095	0.665092	0
-0.962013	0.945571	0
-0.731067	0.636013	0
-3.82469	1.45914	0
-2.88472	0.926829	0
-1.37404	0.500438	0
-4.33817	1.21518	0
-1.25734	1.01258	0
-4.0579	0.907682	0
-2.05757	1.47999	0
-1.99979	0.771866	0
-3.95803	0.589947	0
-1.4833	0.57597	0
-3.51867	1.00268	0
-2.71262	0.506425	0
-0.954301	1.4043	0
-3.98378	1.4817	0
-2.44962	0.708413	0
-1.2798	0.51967	0
-1.42486	1.38804	0
-2.17305	1.12409	0
-4.44943	0.968834	0
-0.682158	1.00327	0
-0.856658	0.869619	0
-4.27109	0.93286	0
-2.72933	0.848042	0
-2.89601	1.01322	0
-2.2296	0.830617	0
-4.23253	1.49248	0
-1.99863	0.781794	0
-3.15735	1.06743	0
-2.34147	0.500819	0
-3.39896	1.32115	0
-1.21717	1.30401	0
-2.45607	1.06884	0
-1.27191	0.898694	0
-2.19781	1.32048	0
-1.83069	1.13697	0
-2.72055	1.42345	0
-1.63066	0.868848	0
-2.32124	0.69128	0
-2.74249	1.49152	0
-3.35655	1.22408	0
-2.73181	0.799806	0
-3.71176	0.727716	0
-3.246	1.23394	0
-3.17387	1.17006	0
-4.20845	0.578372	0
-0.560219	0.737682	0
-1.08894	0.741389	0
-3.53471	1.45883	0
-0.844266	0.87999	0
-1.30822	1.02747	0
-3.19465	1.00352	0
-3.5087	1.18883	0
-3.67307	1.13814	0
-0.841442	1.42451	0
-2.21061	1.42863	0
-1.7743	0.873891	0
-4.08664	1.2554	0
-1.92316	0.943418	0
-1.48554	1.10034	0
-3.89502	0.618336	0
-1.21873	0.68387	0
-1.73007	0.995441	0
-3.45535	1.03383	0
-3.47865	1.33304	0
-3.48729	0.540806	0
-2.42191	0.937805	0
-3.62864	0.542787	0
-0.72596	0.989696	0
-3.89059	1.38144	0
-1.03288	0.644331	0
-2.07902	0.56847	0
-1.8208	1.04167	0
-2.83225	1.12125	0
-0.656246	0.685936	0
-2.23537	1.08183	0
-3.92994	1.16869	0
-0.84164	0.829328	0
-0.786652	1.11553	0
-3.50602	1.4083	0
-4.16149	0.869855	0
-2.56529	1.38528	0
-4.06804	0.552968	0
-1.31798	1.35628	0
-1.99392	0.84769	0
-3.45733	0.554311	0
-1.35461	1.30247	0
-3.34597	0.539431	0
-1.046	0.70041	0
-2.01012	0.697036	0
-4.08242	0.651507	0
-0.984697	0.883256	0
-3.61693	1.28381	0
-2.22628	1.31291	0
-1.41277	1.24452	0
-1.40528	0.889884	0
-3.41869	0.708911	0
-3.54771	0.766866	0
-2.04731	1.27894	0
-2.94688	0.657706	0
-2.35549	1.46024	0
-1.75339	1.44835	0
-3.13872	0.978393	0
-1.77012	1.04532	0
-3.80015	0.644369	0
-2.78614	0.964325	0
-3.74537	1.03576	0
-3.49476	0.636814	0
-3.23558	1.29302	0
-3.46448	1.46171	0
-1.87577	0.84065	0
-2.76921	0.732509	0
-2.55027	0.692084	0
-2.86602	1.23414	0
-1.94426	0.860393	0
-0.832724	1.03867	0
-3.76394	1.09834	0
-2.82142	1.09717	0
-2.14746	0.832398	0
-1.95314	0.983319	0
-2.97576	0.52249	0
-2.06675	0.792721	0
-1.48117	1.04279	0
-1.64074	1.18226	0
-3.77025	1.06996	0
-1.19448	0.663819	0
-3.43734	1.01583	0
-3.25009	0.794433	0
-2.23681	0.618228	0
-3.59155	0.654991	0
-0.612181	0.811901	0
-4.09939	1.08936	0
-1.91762	1.39435	0
-4.23299	1.1782	0
-1.23525	0.968986	0
-2.48537	1.17238	0
-4.05588	0.725249	0
-1.28185	1.17248	0
-1.71754	1.18391	0
-2.94686	0.785063	0
-4.22059	0.688344	0
-3.182	0.856456	0
-1.1181	1.30064	0
-1.11233	0.73799	0
-0.747222	1.26371	0
-2.62342	1.01493	0
-3.72443	0.576662	0
-3.5904	0.585441	0
-3.76141	0.880532	0
-2.87716	1.10469	0
-3.45522	1.09929	0
-1.79495	1.30697	0
-1.80801	0.662906	0
-1.63652	0.540045	0
-0.942943	1.48258	0
-3.08556	0.591822	0
-2.13515	0.7556	0
-1.11074	0.734291	0
-2.40261	1.21227	0
-1.05891	0.899196	0
-1.40382	1.13695	0
-4.41925	1.02081	0
-1.13202	1.23234	0
-1.05347	1.3273	0
-4.47543	1.10665	0
-0.933091	1.19147	0
-4.43653	0.801441	0
-1.46386	0.838968	0
-4.05418	1.26452	0
-0.543631	1.1489	0
-2.86908	1.40127	0
-4.10059	0.591573	0
-1.32467	1.10136	0
-4.3499	0.973322	0
-2.48757	0.540307	0
-3.1097	1.07721	0
-3.27046	1.05255	0
-3.78193	1.2705	0
-2.15638	0.914279	0
-1.36999	1.07196	0
-2.19718	0.793034	0
-0.832889	0.721361	0
-4.05123	0.808954	0
-0.512804	1.31845	0
-0.590063	0.935964	0
-4.25307	1.42157	0
-1.12383	1.35389	0
-0.518884	0.554682	0
-3.05659	0.774613	0
-3.99506	0.569373	0
-1.7247	0.708764	0
-1.63057	1.43829	0
-0.68437	2.18546	0
-0.965283	1.56305	0
-1.35666	3.8434	0
-1.0704	4.04655	0
-0.687984	3.60358	0
-1.30928	2.30252	0
-1.43321	2.88377	0
-0.85411	1.36155	0
-1.02631	1.11334	0
-1.22943	3.37257	0
-1.00839	2.09836	0
-1.09431	2.87623	0
-0.854573	3.79451	0
-0.994605	2.98792	0
-0.534688	1.94659	0
-1.14912	2.91588	0
-1.2892	3.58052	0
-1.12131	1.00399	0
-0.540085	0.698311	0
-1.48984	1.32483	0
-1.36058	1.87899	0
-0.979288	3.39694	0
-1.00583	1.57843	0
-0.79544	3.11202	0
-0.883991	3.79656	0
-1.20859	3.27637	0
-1.28866	1.7338	0
-1.45877	1.43621	0
-0.570953	4.43618	0
-0.638195	0.689559	0
-1.46066	2.10866	0
-0.703227	2.95493	0
-0.866854	1.28639	0
-0.78977	2.0698	0
-1.17714	2.90622	0
-1.23606	3.54689	0
-1.3583	3.88319	0
-0.915646	0.67406	0
-0.755299	4.29073	0
-0.616886	3.29598	0
-1.22569	1.14681	0
-1.35874	3.42884	0
-1.48283	3.20949	0
-0.959707	1.8651	0
-0.788719	2.22041	0
-0.896885	4.36513	0
-0.626849	2.8729	0
-0.635723	2.28632	0
-1.09428	0.602324	0
-1.48311	1.05548	0
-0.926461	0.697712	0
-1.43184	3.53662	0
-1.27327	4.3536	0
-1.42274	2.33215	0
-1.31295	3.01437	0
-1.00137	2.71441	0
-0.672334	3.05357	0
-1.14664	4.3254	0
-0.559025	4.22195	0
-1.37879	1.08858	0
-1.18326	2.65381	0
-1.24607	1.00507	0
-1.39664	0.937448	0
-0.824064	2.98331	0
-1.25049	2.5539	0
-1.27539	2.69835	0
-0.850277	2.59982	0
-0.983456	2.71288	0
-1.4664	1.96398	0
-1.14194	2.57705	0
-0.834629	0.674872	0
-1.20694	0.617	0
-1.31833	3.21582	0
-0.889219	1.0667	0
-0.972649	2.20961	0
-0.64056	3.26962	0
-0.593466	3.94667	0
-0.793113	1.04363	0
-0.511302	0.599964	0
-0.924205	3.42446	0
-0.658584	0.544002	0
-1.26737	4.13827	0
-1.41948	3.67123	0
-1.36881	3.1631	0
-0.983867	2.09605	0
-0.804731	3.81408	0
-1.07002	3.95314	0
-0.9374	4.09424	0
-1.33812	2.01085	0
-1.20569	2.99893	0
-1.21898	3.81248	0
-0.517454	2.00576	0
-0.559351	2.90893	0
-1.3889	4.25138	0
-1.1318	2.69413	0
-0.82773	4.16228	0
-1.0415	4.35903	0
-1.41403	3.9049	0
-1.40573	4.10203	0
-0.82806	1.57957	0
-1.37479	2.29246	0
-1.25337	4.44366	0
-0.856627	4.14165	0
-0.929467	3.1985	0
-1.26009	0.952239	0
-0.936229	1.01902	0
-0.837098	3.61328	0
-1.09469	2.72996	0
-1.10091	1.66197	0
-0.915916	1.80426	0
-0.956271	2.71157	0
-0.570765	2.74466	0
-0.671644	2.40022	0
-0.576505	0.675477	0
-0.988116	3.02046	0
-0.902586	2.11104	0
-0.719066	4.13715	0
-0.677985	2.95689	0
-1.45086	0.788876	0
-0.895052	1.65014	0
-0.945166	2.44055	0
-1.34151	2.14818	0
-1.02911	2.88348	0
-1.41959	3.90757	0
-1.17028	1.64988	0
-0.625554	3.8321	0
-0.638258	1.58344	0
-0.50324	4.17429	0
-1.22577	2.0593	0
-1.16554	0.686109	0
-1.38788	3.82306	0
-0.774868	3.87779	0
-0.917699	1.9487	0
-0.50114	3.25781	0
-1.27011	1.59162	0
-0.675691	2.37507	0
-1.49757	0.608818	0
-1.49483	4.00817	0
-1.11636	4.23625	0
-0.960367	1.30928	0
-1.25375	3.20839	0
-0.983283	1.09457	0
-0.605857	3.62317	0
-1.19382	3.99617	0
-0.671254	1.1121	0
-0.910414	3.41641	0
-0.917691	2.83147	0
-0.836659	3.81839	0
-0.500339	2.79211	0
-1.363	1.23558	0
-0.947319	2.24728	0
-0.991693	1.79451	0
-0.550216	2.34149	0
-0.734818	0.622858	0
-0.817476	3.13966	0
-0.760132	4.29524	0
-1.02299	4.15047	0
-1.25217	2.84943	0
-0.531593	3.88206	0
-1.21409	2.72175	0
-1.1001	2.55272	0
-1.37383	1.5207	0
-1.43666	4.20486	0
-0.960855	1.1403	0
-0.720792	4.10892	0
-0.894358	3.33037	0
-0.803286	2.8412	0
-0.663986	3.67952	0
-0.717788	1.8475	0
-1.22692	0.756209	0
-0.817895	1.77418	0
-0.98671	1.53683	0
-1.23374	3.33968	0
-0.75806	4.42693	0
-1.03524	2.64216	0
-1.3569	2.61872	0
-0.816176	1.67645	0
-1.07033	0.750782	0
-0.887936	0.564511	0
-1.01653	1.34529	0
-1.04837	2.51267	0
-0.862383	1.60216	0
-1.47874	3.96609	0
-1.38534	3.56964	0
-0.580955	0.996298	0
-0.636498	3.01513	0
-0.954153	4.05579	0
-1.28078	1.17943	0
-0.511434	1.84664	0
-1.3682	3.01252	0
-1.22766	1.05388	0
-1.14262	2.69236	0
-0.792596	2.51439	0
-0.864867	4.37932	0
-1.08848	2.21176	0
-1.48559	1.00198	0
-1.05277	4.30901	0
-0.535833	3.61801	0
-0.859661	2.00598	0
-0.935716	1.86854	0
-0.98068	2.05341	0
-1.07902	2.394	0
-1.01289	2.65187	0
-1.36128	1.28164	0
-1.29297	4.31922	0
-0.959824	2.45357	0
-0.524993	4.37671	0
-1.15577	0.821227	0
-0.824212	1.90404	0
-0.618486	3.17545	0
-1.04343	2.05622	0
-1.17581	1.80143	0
-1.36713	0.792581	0
-1.02141	2.36969	0
-0.509785	2.35501	0
-1.14227	2.92108	0
-0.721645	3.68161	0
-0.833338	3.38082	0
-1.1781	4.31463	0
-0.592734	4.31235	0
-1.09372	0.74757	0
-0.867207	2.03054	0
-0.834005	3.45586	0
-0.578646	1.03807	0
-0.922613	0.796581	0
-0.814847	2.25382	0
-1.44656	3.93377	0
-0.689639	0.934911	0
-1.34252	3.86491	0
-1.45255	3.14016	0
-1.29634	2.71005	0
-0.955426	2.10232	0
-0.652558	1.56932	0
-0.57935	1.9945	0
-0.549403	3.98562	0
-1.25321	4.31841	0
-1.01952	3.71909	0
-0.943741	4.47877	0
-0.835241	0.659041	0
-0.877643	4.47549	0
-0.604132	1.50359	0
-0.711211	2.56763	0
-1.40383	4.00214	0
-0.683774	3.57974	0
-0.686114	0.627936	0
-1.43983	2.28834	0
-0.783284	3.57857	0
-1.34945	3.45442	0
-1.30219	3.33783	0
-0.747249	1.2191	0
2.68178	1.05063	1
0.887531	0.776065	1
3.86368	0.626553	1
2.44661	1.26867	1
2.71474	1.25969	1
0.991122	1.15463	1
0.935662	0.996324	1
3.99735	1.17208	1
0.591771	1.10808	1
1.0282	1.20088	1
4.41835	0.985036	1
1.36354	1.12878	1
3.9194	1.33993	1
0.572841	1.22165	1
2.75307	1.31611	1
0.712946	1.18963	1
4.34585	1.41913	1
2.76837	1.46724	1
1.4301	0.88621	1
2.40447	0.771613	1
3.53163	0.680958	1
0.734623	0.558987	1
1.46402	0.655406	1
0.626014	0.643137	1
2.57791	1.46248	1
1.51041	1.17804	1
3.19352	1.20905	1
3.39197	1.2584	1
1.99961	1.40212	1
2.32745	0.977681	1
3.4738	1.36956	1
2.66459	0.528872	1
3.60074	0.889682	1
3.24014	1.02925	1
3.83771	1.05617	1
3.68385	0.683888	1
4.27419	1.33011	1
2.72797	1.32457	1
0.775642	0.585458	1
0.689853	0.960561	1
4.1461	1.42251	1
4.13572	1.31492	1
1.23086	0.603171	1
2.15938	1.08842	1
2.2086	1.42205	1
3.37491	1.42246	1
2.58785	0.659246	1
1.51488	1.33059	1
1.88987	0.519708	1
2.38605	0.601418	1
3.36995	1.09211	1
4.23391	1.30057	1
4.00189	0.503037	1
0.5899	0.74837	1
0.739176	0.673402	1
0.799972	1.0939	1
2.98214	0.563708	1
0.640644	0.593537	1
3.18885	1.04795	1
1.26566	0.50222	1
0.654876	1.02149	1
3.76973	1.06821	1
1.24742	1.39771	1
2.86627	0.847963	1
2.80049	0.525885	1
3.08944	0.889836	1
0.931634	1.39698	1
4.1452	1.1014	1
1.7498	1.20408	1
0.69152	1.09916	1
3.58797	0.585996	1
2.6511	0.531666	1
1.97889	1.31241	1
2.0003	1.29761	1
3.00207	1.11395	1
0.704129	0.517478	1
1.69666	1.26889	1
1.32594	1.08404	1
0.908926	1.12033	1
3.75473	0.832493	1
0.937032	1.01706	1
2.82233	1.42135	1
1.85836	1.23722	1
4.3827	0.772677	1
3.21762	0.506117	1
4.10217	0.976146	1
2.03545	0.841327	1
0.652916	1.24587	1
2.65538	0.726904	1
3.60341	1.46563	1
0.541434	1.02388	1
1.08462	1.31818	1
3.99585	1.20319	1
3.63724	1.4929	1
3.64637	1.35194	1
3.15006	0.704626	1
2.19915	0.732963	1
3.99936	0.844424	1
2.7268	0.8722	1
1.76802	0.598905	1
1.69843	1.38814	1
4.30076	1.03161	1
1.47703	0.576665	1
1.48557	0.806623	1
2.68768	0.611119	1
1.07409	1.48734	1
0.74327	0.64929	1
1.66474	0.881343	1
4.07911	1.01958	1
3.98498	1.30108	1
1.6232	1.04644	1
4.48329	0.562771	1
2.00477	0.556527	1
3.03332	0.583957	1
3.58526	1.14813	1
1.01455	0.772421	1
3.12819	0.979178	1
2.11421	1.13839	1
3.30583	0.632647	1
1.07741	1.41637	1
2.26927	1.12155	1
3.80369	1.37638	1
1.11944	0.758948	1
2.49402	1.15288	1
0.619196	0.644551	1
2.95653	0.832771	1
0.570949	1.12594	1
1.43059	1.18174	1
1.49682	1.05558	1
1.21897	0.861232	1
2.96355	1.21331	1
1.59162	1.42201	1
4.21243	1.36149	1
4.28725	1.16667	1
1.56123	1.25314	1
1.86971	1.21536	1
1.78533	1.33303	1
2.02164	1.34752	1
2.24399	0.75253	1
2.96808	0.844627	1
3.38882	0.797842	1
0.674309	0.743107	1
4.48585	1.24128	1
3.08908	1.35891	1
3.21698	1.02335	1
3.271	1.37145	1
1.33704	0.511543	1
0.936928	1.37695	1
1.91333	0.598346	1
2.48594	1.03542	1
2.20312	0.782837	1
1.80104	1.39101	1
3.64513	1.19258	1
1.02524	1.44666	1
2.01021	1.33767	1
2.95199	0.647652	1
2.28537	1.22852	1
2.61862	0.716135	1
1.1829	1.05518	1
2.64331	1.32471	1
1.64937	0.613569	1
2.75691	1.10217	1
3.17979	1.06117	1
1.2446	0.54832	1
3.53	1.18614	1
2.13104	1.36032	1
0.560513	1.4924	1
1.68714	1.22757	1
1.22321	1.41306	1
2.9427	1.1159	1
4.34483	0.679731	1
1.64878	0.602434	1
0.799713	0.997082	1
3.85293	0.632008	1
1.85662	1.33466	1
4.13313	0.768187	1
3.34567	0.726487	1
3.48443	1.02673	1
3.30391	1.18815	1
0.57625	1.48538	1
1.75477	1.10889	1
3.07952	1.12034	1
3.04189	0.793799	1
4.43631	1.05351	1
3.7058	0.823309	1
3.84443	1.34009	1
0.766546	1.23481	1
4.0242	0.950442	1
3.3716	0.79298	1
1.84876	0.794063	1
1.96806	1.10502	1
2.61605	1.08997	1
4.0355	0.683411	1
1.82919	1.06175	1
3.3521	1.11512	1
3.2605	1.28825	1
1.78439	0.655216	1
1.15662	0.532369	1
0.881714	1.35329	1
3.70847	0.904973	1
1.50881	0.723076	1
2.90957	1.4355	1
2.37435	1.34715	1
3.14877	1.31444	1
4.20934	1.01466	1
1.21311	0.673962	1
1.5551	0.536331	1
4.45155	0.789862	1
3.92549	0.976022	1
2.39923	1.35448	1
1.88016	0.883255	1
4.39497	0.531093	1
3.45243	1.33034	1
3.0139	1.11122	1
2.43116	1.32222	1
2.49345	0.891755	1
1.52119	1.04975	1
2.83728	0.567489	1
2.95039	0.675164	1
1.71925	0.575717	1
1.08869	1.40367	1
3.05465	1.00493	1
3.57588	0.981183	1
4.48524	0.553696	1
2.88851	1.34322	1
2.26904	1.13492	1
2.75082	0.614546	1
0.85321	0.711659	1
0.614554	0.739969	1
3.12605	1.31737	1
2.75827	0.726505	1
3.26909	0.922289	1
1.14366	0.65523	1
0.902479	1.03972	1
2.45016	0.986481	1
2.14939	1.12073	1
1.17126	1.39055	1
1.29749	1.29668	1
1.47784	1.03998	1
4.03384	0.836371	1
1.24749	0.897546	1
1.39342	0.681998	1
1.4635	1.15419	1
1.71534	0.778517	1
1.65185	1.42842	1
1.35718	0.928067	1
0.831254	0.786321	1
3.92091	1.41896	1
2.91603	1.09294	1
2.87226	0.668385	1
1.34286	3.26863	1
0.821201	1.4167	1
0.660528	0.526195	1
0.50019	2.25318	1
1.26663	3.046	1
0.610634	2.88107	1
1.32593	1.67181	1
0.598465	2.33985	1
1.20928	1.33474	1
1.32972	0.551092	1
0.891367	1.12109	1
0.856339	3.62177	1
0.846149	1.17462	1
0.599978	2.56732	1
1.39046	4.2046	1
0.85606	2.33441	1
0.87344	3.26987	1
0.868402	2.80128	1
1.09112	1.48159	1
0.719324	3.73406	1
0.98992	1.96932	1
0.598227	3.31414	1
1.43051	0.607664	1
0.994054	0.707551	1
0.740942	2.92873	1
1.14959	2.76355	1
1.05708	4.46833	1
0.978504	4.2783	1
1.19981	2.0921	1
0.775755	3.82161	1
0.81017	3.83066	1
1.40887	3.40969	1
0.949137	1.9528	1
0.558704	1.15986	1
1.369	2.14054	1
1.46955	1.16165	1
1.0894	1.54243	1
1.09807	3.06327	1
1.19447	3.06883	1
0.783288	2.11612	1
0.892649	2.99804	1
1.39382	2.25982	1
1.04791	3.82689	1
0.619072	3.7877	1
1.05045	2.19394	1
0.860252	0.562229	1
1.29246	1.3187	1
0.746236	2.76235	1
0.930588	2.07938	1
0.933692	1.37851	1
1.01021	4.39512	1
0.587869	1.64834	1
0.528129	3.39712	1
0.777201	3.02368	1
0.950784	3.59032	1
0.622868	3.95368	1
0.619426	3.39409	1
0.876998	2.4753	1
0.505957	3.76572	1
0.95949	1.42372	1
1.2322	2.49714	1
1.27941	1.96053	1
0.772553	0.937593	1
1.43557	2.81312	1
0.558924	1.74076	1
0.945616	3.48143	1
0.514341	0.746335	1
1.48593	0.766627	1
0.653626	1.83543	1
1.00058	1.82946	1
1.48709	1.19179	1
1.06731	0.576714	1
1.35031	3.39261	1
0.839091	4.43607	1
1.41309	4.27237	1
1.31832	3.80814	1
1.43438	1.03336	1
0.762449	3.21984	1
1.30847	3.76977	1
1.44391	1.37027	1
0.543546	2.94753	1
0.660515	1.91859	1
0.980436	1.50727	1
0.781977	4.1777	1
0.957156	1.39131	1
0.933597	2.94723	1
0.868962	1.77196	1
1.34382	3.26496	1
1.24702	2.23394	1
0.657006	3.80781	1
1.02397	0.977162	1
1.23229	2.22577	1
0.628199	2.30977	1
1.46841	0.998457	1
0.581294	1.84226	1
0.850774	1.03245	1
1.40378	0.819047	1
0.603233	3.52433	1
1.21183	2.20052	1
1.43083	3.35818	1
1.3528	2.30486	1
1.39745	3.77562	1
1.23456	1.17295	1
1.34826	4.16656	1
0.551534	0.995376	1
1.43282	3.72538	1
0.943882	3.90141	1
1.29287	3.22828	1
0.725494	2.41312	1
0.99741	0.525446	1
1.46267	2.46463	1
0.942905	4.25568	1
1.44675	2.71416	1
1.39333	3.72171	1
0.617824	2.93138	1
0.925113	0.911855	1
0.870277	1.92674	1
0.543063	3.01435	1
1.12303	2.3463	1
1.22438	2.90604	1
1.40371	3.92827	1
1.1674	2.82168	1
0.959425	0.684761	1
0.525932	1.04662	1
0.510936	3.12583	1
0.668551	1.12372	1
1.08362	0.899418	1
1.30845	1.15197	1
1.13392	3.26298	1
1.2871	2.94866	1
1.13558	2.95331	1
1.4996	1.7792	1
0.669978	3.59937	1
1.16866	3.06619	1
1.28718	1.24279	1
0.529593	2.89161	1
0.819576	0.889261	1
1.05759	3.48019	1
1.06636	1.19538	1
1.17774	1.1776	1
0.948506	1.24859	1
0.678962	0.938588	1
1.12585	2.11463	1
0.805951	2.46969	1
1.26594	2.40456	1
1.08557	3.20827	1
1.32496	4.21135	1
0.706761	3.30276	1
1.24709	3.87567	1
1.26439	1.23158	1
1.21558	1.60747	1
1.25951	1.05944	1
0.527595	1.53327	1
0.732685	2.47425	1
0.699991	2.7277	1
0.761716	2.93596	1
1.01042	3.37363	1
1.49698	2.53787	1
1.11737	0.856272	1
0.580306	1.8402	1
0.826798	2.05971	1
1.42358	2.68405	1
1.24394	3.06464	1
1.33657	1.19244	1
1.09045	3.29338	1
0.731834	3.15168	1
0.967922	1.68056	1
1.10999	3.41778	1
0.697082	0.507759	1
1.14569	2.53606	1
0.62306	4.04191	1
0.756031	0.847384	1
0.550231	1.92998	1
1.45774	4.20064	1
0.713167	3.84673	1
1.37	0.642847	1
0.838952	1.53334	1
1.0075	3.86629	1
0.604459	1.60855	1
0.842386	2.35554	1
1.07878	3.55308	1
1.49099	3.07014	1
0.77493	2.61976	1
1.44326	2.30699	1
1.11646	1.27225	1
0.881276	2.33345	1
0.803087	3.18493	1
1.00876	1.16584	1
0.704115	3.33775	1
1.06345	1.59807	1
1.40763	1.40097	1
1.49588	1.85893	1
0.631255	0.744943	1
1.39827	4.42721	1
1.1094	1.70298	1
1.49055	0.894456	1
1.46471	1.64845	1
1.27127	3.39413	1
0.883871	4.39812	1
0.991224	4.40482	1
1.47855	3.50468	1
0.787868	2.53837	1
1.45246	2.48124	1
0.901362	1.15266	1
0.93094	3.46222	1
0.989982	4.37896	1
0.642801	2.1389	1
0.777722	0.687927	1
0.770199	3.95891	1
0.65035	3.78604	1
0.671314	1.38577	1
1.09256	3.63971	1
1.16074	3.57553	1
1.37896	4.08808	1
0.711943	3.28041	1
1.37846	2.20868	1
1.40264	2.27213	1
0.947145	4.09656	1
1.04191	2.90516	1
0.91372	4.18304	1
1.45699	1.82477	1
1.27859	1.84443	1
1.03293	3.8146	1
1.35855	0.50886	1
1.49059	1.21796	1
0.565685	2.29396	1
1.05228	2.84166	1
0.76875	2.00238	1
1.17089	3.56365	1
0.692013	2.81377	1
0.538664	2.36318	1
0.51016	3.42721	1
0.848218	2.62761	1
1.28537	0.822132	1
1.44853	4.34794	1
0.622751	3.55171	1
1.38777	2.84244	1
0.673865	1.17453	1
0.558392	0.550774	1
0.722587	3.71592	1
0.501266	1.29936	1
0.886439	2.27689	1
0.966851	1.60985	1
1.40173	2.59018	1
1.17634	3.98405	1
1.4628	3.14947	1
0.59924	3.15271	1
1.02634	1.98413	1
1.10492	1.22437	1
1.17465	1.12878	1
3.9259	-0.672449	3
1.35777	-0.78912	3
1.17649	-0.908102	3
3.64195	-0.785877	3
1.47576	-0.933198	3
0.782359	-1.33241	3
1.32197	-1.35854	3
1.79901	-1.41775	3
1.80831	-0.763639	3
0.937208	-0.839912	3
1.86498	-1.46688	3
1.82665	-1.12637	3
1.28604	-0.658829	3
2.08908	-0.535746	3
1.91215	-0.791599	3
3.93459	-1.11408	3
2.31904	-0.846364	3
3.95303	-1.20002	3
2.1269	-0.656691	3
3.79562	-1.39033	3
1.16069	-1.12138	3
2.04794	-1.30682	3
1.09474	-0.59443	3
2.0552	-0.748671	3
0.713636	-0.501296	3
3.81469	-0.998216	3
1.41982	-1.1661	3
3.28855	-1.20016	3
2.84078	-0.894986	3
4.43092	-1.27809	3
4.28234	-0.952087	3
2.3597	-0.715734	3
3.92853	-0.553498	3
3.43176	-1.44878	3
3.06826	-0.685574	3
1.78941	-1.13274	3
3.75302	-1.03199	3
2.9197	-0.56053	3
3.17744	-0.510531	3
2.4335	-0.743451	3
2.30728	-0.644085	3
1.58039	-1.20617	3
1.75311	-1.0911	3
2.13385	-1.43775	3
4.38014	-1.07982	3
1.45528	-1.45981	3
1.50848	-1.4896	3
2.24886	-1.37491	3
4.27209	-0.920523	3
1.06837	-1.23999	3
2.41416	-1.06405	3
2.89089	-0.94895	3
4.21531	-1.39528	3
4.00869	-0.782638	3
2.8306	-0.655424	3
2.23994	-0.981673	3
1.56122	-0.73391	3
4.05528	-1.23744	3
2.65379	-0.740599	3
1.01451	-1.22718	3
4.25974	-0.520297	3
2.6686	-0.515435	3
1.92861	-1.39058	3
2.76155	-0.942992	3
4.35453	-0.791455	3
0.72448	-1.15676	3
1.2866	-1.1701	3
3.38249	-0.676624	3
3.35455	-0.682212	3
2.78739	-1.26109	3
3.09181	-1.26244	3
3.31776	-0.985857	3
3.23854	-1.25475	3
1.31298	-1.09481	3
2.92384	-1.29906	3
3.69106	-1.10565	3
2.29318	-1.23082	3
0.660923	-1.04801	3
3.37342	-0.786333	3
1.01189	-1.03921	3
3.07845	-0.587677	3
2.99783	-0.922811	3
3.22157	-1.01868	3
3.92948	-1.45375	3
4.21067	-0.865264	3
1.71104	-0.99655	3
3.85381	-0.954659	3
4.43771	-0.91242	3
2.65835	-0.53863	3
0.853411	-1.07194	3
1.08179	-0.735124	3
0.928657	-1.04106	3
3.3879	-1.12245	3
2.08828	-1.282	3
4.25137	-1.27092	3
1.2601	-0.758117	3
3.00567	-0.862736	3
0.947456	-1.29149	3
0.58246	-1.31256	3
2.7411	-0.563127	3
1.36638	-1.04723	3
1.39146	-0.764599	3
3.62063	-0.702851	3
2.44851	-1.46235	3
2.32939	-0.870764	3
2.96938	-0.855358	3
1.83749	-1.11363	3
4.44659	-0.755641	3
3.05478	-1.42783	3
4.31629	-1.15349	3
3.18859	-0.539711	3
1.29896	-0.872205	3
2.52379	-0.907217	3
4.01299	-1.3138	3
4.18317	-0.90329	3
1.85585	-0.546934	3
1.1598	-1.41962	3
1.11435	-0.864231	3
4.1399	-1.34375	3
3.63639	-0.741502	3
2.81261	-0.956968	3
4.18743	-1.33539	3
4.31477	-0.728649	3
2.49476	-0.720963	3
3.90618	-1.15905	3
1.76242	-1.18262	3
4.27823	-0.985648	3
3.35718	-0.714796	3
1.75506	-1.15879	3
0.553674	-0.605014	3
2.08927	-1.49539	3
1.04733	-1.44252	3
4.35527	-1.01882	3
2.51426	-1.38241	3
0.763283	-0.857906	3
3.02894	-0.83753	3
4.41259	-1.36763	3
3.83518	-0.82095	3
3.13085	-0.706265	3
3.48715	-1.34706	3
0.698534	-1.05783	3
0.540338	-1.40985	3
2.46679	-1.28491	3
3.72334	-0.698388	3
1.43812	-1.3623	3
2.83423	-1.34895	3
2.28517	-0.899678	3
2.41388	-1.36376	3
2.98323	-1.02064	3
0.812366	-0.817603	3
1.68813	-1.30311	3
4.04048	-1.45202	3
0.766004	-0.84271	3
2.36575	-1.27501	3
2.3349	-1.49457	3
2.59056	-0.56092	3
0.608477	-0.878696	3
3.98621	-0.529479	3
4.26739	-1.28916	3
4.41002	-1.27514	3
3.66098	-1.1717	3
3.78914	-0.80857	3
0.83698	-1.00137	3
4.44111	-1.32037	3
4.48429	-0.903596	3
0.679721	-0.859416	3
1.91411	-0.849939	3
4.48793	-1.30327	3
4.11807	-0.665528	3
1.828	-0.768502	3
1.87415	-0.831057	3
1.0096	-0.999334	3
4.26886	-1.31872	3
0.762574	-1.10313	3
2.84948	-0.512747	3
1.43382	-1.21127	3
3.16606	-1.25955	3
0.685685	-1.26899	3
3.90262	-0.592357	3
3.58738	-0.909833	3
3.06942	-1.10668	3
3.17069	-1.17397	3
2.10707	-0.63835	3
1.93026	-1.20608	3
2.3607	-1.27244	3
3.06065	-1.12685	3
1.22683	-1.43762	3
1.11414	-0.835238	3
3.74756	-0.604173	3
1.6171	-1.40229	3
1.40111	-1.23137	3
3.76054	-0.764448	3
1.87272	-0.659945	3
0.619376	-0.512213	3
1.33335	-0.762853	3
2.41447	-0.914826	3
1.39377	-0.545456	3
3.1993	-1.30445	3
3.52255	-0.726454	3
4.31878	-0.706761	3
1.33266	-1.06742	3
1.38524	-0.97236	3
1.24052	-0.526017	3
0.630742	-0.852958	3
0.671577	-1.36657	3
2.35954	-1.28959	3
3.40679	-0.870001	3
3.47788	-0.969681	3
2.76962	-0.878415	3
3.63907	-0.602165	3
2.61473	-1.36236	3
3.40696	-0.985289	3
2.19868	-0.88325	3
0.816577	-1.38818	3
3.79123	-0.689224	3
3.05532	-1.16188	3
4.35914	-1.23315	3
3.84955	-1.01139	3
1.10764	-1.0749	3
1.16779	-1.0954	3
3.42938	-0.534159	3
3.90597	-1.18715	3
4.36557	-0.626507	3
3.80858	-0.563937	3
1.28874	-0.767836	3
1.5238	-1.04649	3
1.70681	-1.0511	3
4.49177	-1.49097	3
4.21036	-0.771746	3
3.55717	-0.962355	3
4.32466	-0.577563	3
3.47181	-1.10259	3
0.894426	-0.83581	3
3.37093	-0.566013	3
2.28997	-1.49273	3
0.742926	-1.33291	3
0.865635	-0.523972	3
4.43067	-1.2444	3
1.52083	-0.50084	3
2.59081	-1.29097	3
2.71586	-0.825689	3
3.24106	-0.592121	3
3.10876	-1.02157	3
4.27794	-0.601149	3
2.93024	-0.709472	3
4.15646	-1.22999	3
3.66201	-0.890057	3
1.35695	-0.812754	3
3.7339	-1.08309	3
1.04238	-1.35409	3
0.764073	-4.01209	3
1.34937	-3.6726	3
1.17165	-4.33221	3
1.3793	-1.3612	3
0.536019	-3.61572	3
1.16954	-2.13992	3
0.90905	-1.94649	3
1.12613	-2.35215	3
1.04133	-1.35088	3
0.781115	-0.713355	3
0.951194	-3.40498	3
0.562095	-3.35788	3
1.01228	-3.91655	3
1.08912	-1.98397	3
0.970289	-2.35101	3
1.30759	-2.55222	3
1.39279	-0.522681	3
0.963574	-3.87295	3
1.48948	-4.31234	3
1.35348	-1.44341	3
1.23461	-4.19391	3
0.503354	-3.70593	3
1.18876	-1.38728	3
0.725535	-3.52695	3
0.827336	-1.4668	3
1.38444	-2.60423	3
0.888915	-0.765304	3
0.562361	-3.06727	3
1.26556	-3.96641	3
0.89979	-2.79299	3
1.02287	-0.762304	3
1.20778	-3.57902	3
0.913246	-2.59851	3
1.42208	-2.21347	3
0.982557	-3.64164	3
1.40813	-0.815448	3
0.817264	-3.81249	3
0.679198	-1.79563	3
0.771741	-3.67481	3
0.521394	-2.67897	3
0.983413	-2.25026	3
0.58443	-3.45298	3
1.08619	-2.19722	3
1.08733	-3.0051	3
1.02353	-4.20107	3
0.724507	-3.08588	3
0.513259	-2.88572	3
1.26796	-4.24456	3
0.669114	-2.33724	3
1.18061	-3.65042	3
0.952124	-0.872259	3
1.46064	-4.179	3
0.773492	-2.63666	3
0.531168	-1.51334	3
1.203	-2.12632	3
1.25428	-1.41914	3
1.13296	-0.714686	3
0.756808	-0.698772	3
1.47969	-0.896478	3
1.41994	-0.762696	3
1.4433	-2.20685	3
1.0504	-0.867899	3
1.17345	-3.65352	3
1.22259	-4.27475	3
0.935265	-1.3815	3
0.78703	-0.940421	3
0.568602	-0.919712	3
0.858341	-1.93535	3
0.703866	-3.10718	3
0.542791	-2.96638	3
0.893171	-3.83108	3
0.635148	-4.02725	3
1.48888	-1.34595	3
0.959591	-1.98917	3
1.07127	-3.96201	3
0.866926	-3.21806	3
0.872538	-3.95234	3
1.16878	-0.661559	3
1.10977	-4.11896	3
1.07417	-1.66535	3
1.48917	-2.19105	3
1.07116	-0.587732	3
0.638027	-3.76869	3
0.632378	-3.27872	3
0.696611	-2.82024	3
1.38753	-3.0168	3
0.55192	-3.79618	3
1.18771	-3.93685	3
0.799208	-4.24586	3
0.900306	-1.96412	3
1.3295	-3.33568	3
1.31465	-4.26397	3
0.528447	-1.73074	3
0.811104	-3.43243	3
1.12667	-4.47385	3
0.78613	-2.01527	3
1.48905	-2.74178	3
1.19106	-3.53269	3
0.545542	-4.02504	3
0.830351	-3.76275	3
1.31757	-2.01294	3
1.34369	-2.79125	3
1.08666	-3.99906	3
0.979303	-0.97951	3
1.29291	-4.3982	3
0.890527	-2.94123	3
1.37243	-2.4057	3
0.633268	-0.77408	3
0.789793	-1.83179	3
0.592623	-1.90214	3
0.627497	-2.71112	3
0.73294	-4.44563	3
0.88245	-1.03791	3
0.980543	-2.30973	3
0.837527	-3.79482	3
0.999649	-1.04584	3
1.08302	-2.30156	3
1.05787	-4.44722	3
1.00314	-1.10344	3
0.553311	-1.20431	3
1.03386	-2.64707	3
1.48072	-4.1761	3
0.71052	-3.22691	3
1.44078	-2.12036	3
1.00337	-3.75159	3
0.53812	-3.72964	3
0.671219	-3.35272	3
0.610105	-4.27049	3
1.32081	-0.738961	3
1.29292	-1.43516	3
1.41579	-1.50225	3
1.04207	-2.46978	3
0.636759	-0.587732	3
0.665883	-1.66786	3
1.20412	-2.64827	3
0.806397	-1.28487	3
0.962596	-2.43904	3
1.21852	-4.0174	3
1.20515	-4.28683	3
0.924171	-4.18375	3
0.948984	-2.33365	3
1.0602	-0.910802	3
0.811306	-0.590696	3
0.632394	-2.95909	3
1.34151	-2.16341	3
0.531019	-2.41587	3
1.0244	-3.81434	3
0.564334	-3.05283	3
0.588407	-1.51419	3
1.31458	-2.34849	3
0.977857	-3.78186	3
0.541119	-3.21468	3
0.853597	-1.24898	3
0.780484	-3.45274	3
1.07906	-2.99863	3
0.611698	-2.36371	3
0.814675	-0.877992	3
0.978454	-1.80291	3
0.562003	-1.46699	3
0.768555	-3.47952	3
1.01032	-0.750884	3
0.61077	-3.68103	3
1.23767	-0.783978	3
1.28928	-3.04742	3
0.955589	-0.597344	3
1.21347	-1.38876	3
0.526753	-1.57976	3
1.12924	-3.72689	3
1.29636	-3.11819	3
1.12106	-0.875777	3
0.629793	-4.18418	3
0.888933	-3.5262	3
1.4047	-4.04807	3
0.683368	-3.32233	3
1.19218	-1.06686	3
0.910827	-3.66853	3
0.978669	-4.05681	3
1.19667	-1.0399	3
0.806864	-2.18024	3
1.14996	-1.98054	3
0.761058	-2.93956	3
1.1031	-3.93093	3
0.846974	-1.58848	3
0.502155	-3.15051	3
1.24691	-1.85553	3
1.3336	-3.12107	3
1.24772	-2.99421	3
0.591564	-2.49547	3
1.20142	-2.16168	3
1.46547	-3.66872	3
1.07775	-1.60728	3
1.45161	-0.930395	3
0.546646	-1.38172	3
1.18283	-0.969592	3
1.48203	-0.500738	3
1.23099	-3.27095	3
1.15399	-0.747753	3
0.981394	-1.70339	3
1.24921	-2.04222	3
1.10909	-2.58316	3
0.511939	-4.25527	3
1.06032	-1.66601	3
0.976507	-2.7311	3
0.639878	-4.12608	3
1.06317	-1.11379	3
1.07093	-1.73991	3
0.675704	-2.42681	3
0.638445	-2.28796	3
0.540213	-3.92459	3
0.569368	-3.12712	3
0.552047	-2.39485	3
1.07869	-2.51754	3
1.2075	-3.56541	3
0.744969	-2.95322	3
0.572224	-4.07751	3
1.19282	-3.08245	3
0.56056	-2.0561	3
0.512123	-1.52184	3
0.532096	-1.77343	3
1.2596	-3.72372	3
1.34455	-2.1837	3
1.32726	-1.68049	3
1.1795	-2.26392	3
1.28267	-2.20147	3
0.831127	-1.63154	3
1.23581	-3.31388	3
1.36972	-2.42547	3
0.839737	-3.21153	3
0.85668	-2.90696	3
1.26699	-2.87551	3
1.15232	-2.79626	3
1.3939	-4.22238	3
0.641769	-3.87155	3
0.555963	-3.33149	3
0.798939	-3.75671	3
0.844608	-0.640113	3
0.847312	-0.772348	3
0.739362	-1.24207	3
1.24343	-1.68097	3
1.20198	-0.601166	3
0.597329	-0.949167	3
0.83077	-3.69563	3
0.679606	-1.89154	3
0.956975	-1.07785	3
0.733295	-2.1971	3
0.963053	-3.17609	3
0.641519	-3.27902	3
1.31101	-3.41096	3
0.648257	-4.08118	3
1.23708	-0.576573	3
-0.733417	-1.39115	2
-1.65462	-0.589016	2
-3.33637	-0.946582	2
-4.36773	-0.559144	2
-2.6614	-1.1643	2
-3.77527	-0.842089	2
-1.18474	-0.750459	2
-2.54837	-0.746447	2
-4.06504	-1.1547	2
-2.95922	-0.548863	2
-0.940094	-1.49566	2
-1.09559	-0.839754	2
-3.37321	-1.33173	2
-2.5819	-1.18761	2
-2.60129	-0.665166	2
-0.700236	-0.816608	2
-3.76305	-0.960313	2
-3.55816	-1.23627	2
-1.76775	-1.01297	2
-1.13145	-1.09817	2
-2.04808	-0.798654	2
-2.35071	-1.20483	2
-0.64214	-0.563655	2
-1.03617	-1.41954	2
-2.41064	-1.28423	2
-3.40133	-0.637371	2
-0.751497	-1.29751	2
-1.42378	-0.779496	2
-2.34798	-0.985716	2
-1.57442	-1.41871	2
-3.53398	-1.09669	2
-0.626109	-0.787694	2
-2.26951	-1.00367	2
-2.23537	-0.677198	2
-3.66833	-1.39184	2
-1.04564	-1.10675	2
-1.13385	-1.3776	2
-2.36223	-0.790197	2
-4.41883	-1.02832	2
-0.720746	-0.596783	2
-1.04024	-0.517405	2
-2.52177	-0.605014	2
-1.5823	-0.820111	2
-1.70643	-1.25451	2
-4.43771	-0.792584	2
-0.998747	-1.29317	2
-0.539912	-0.75294	2
-0.869916	-0.669339	2
-0.715156	-0.510392	2
-3.38137	-0.882955	2
-2.32909	-0.563414	2
-2.75346	-0.753788	2
-3.27995	-1.47874	2
-4.27322	-0.673568	2
-4.48048	-1.46483	2
-4.36078	-1.47538	2
-2.13681	-1.16206	2
-2.01576	-1.18873	2
-2.30626	-1.29664	2
-1.38253	-1.10885	2
-2.03325	-1.27824	2
-1.149	-0.972306	2
-1.2442	-1.45625	2
-3.15978	-1.41138	2
-2.00831	-0.76169	2
-3.81833	-0.805042	2
-3.57522	-0.954121	2
-2.55182	-0.805698	2
-0.951656	-1.46432	2
-4.16977	-0.745144	2
-2.53509	-0.666348	2
-0.751533	-0.722988	2
-1.51248	-0.544299	2
-2.94616	-1.0835	2
-2.16953	-1.37543	2
-3.49958	-0.841462	2
-2.33518	-1.13868	2
-4.20929	-0.520153	2
-0.886804	-0.62093	2
-0.599045	-0.881013	2
-3.97093	-0.625003	2
-0.923836	-0.830709	2
-2.29838	-0.785225	2
-1.13543	-1.3088	2
-1.7756	-0.947498	2
-1.49754	-0.509235	2
-3.56895	-0.643995	2
-4.02041	-0.892839	2
-0.579797	-1.46224	2
-3.89713	-1.42363	2
-0.828888	-0.672828	2
-2.48083	-1.41047	2
-3.7616	-1.28799	2
-1.15941	-0.600954	2
-0.60605	-1.0437	2
-2.06126	-1.13535	2
-3.02681	-1.10894	2
-0.762275	-0.885093	2
-3.00087	-0.718302	2
-0.759009	-0.872792	2
-2.28167	-1.08151	2
-4.16969	-1.43881	2
-1.96517	-1.08047	2
-2.83712	-0.953467	2
-1.60376	-1.13312	2
-3.83596	-0.926118	2
-1.8038	-0.901522	2
-4.32041	-0.936598	2
-2.06237	-0.614665	2
-3.29667	-1.41868	2
-3.18202	-1.35759	2
-2.05608	-0.601988	2
-4.21044	-1.18684	2
-2.64996	-1.39677	2
-0.951655	-0.546958	2
-2.35249	-1.30883	2
-0.898434	-0.851407	2
-2.23127	-1.02184	2
-1.64138	-1.15282	2
-4.17515	-1.09355	2
-2.82418	-0.785807	2
-4.46591	-1.39013	2
-2.0319	-1.45762	2
-4.06258	-1.42237	2
-1.97675	-0.800209	2
-4.41065	-0.725353	2
-2.71464	-0.626221	2
-1.80207	-0.569152	2
-1.54423	-1.16981	2
-1.16579	-1.23689	2
-3.04796	-0.84071	2
-3.95566	-0.978405	2
-4.36467	-0.679834	2
-1.15317	-1.1466	2
-3.19688	-0.985981	2
-3.42748	-0.591872	2
-2.13251	-1.0474	2
-1.91994	-0.586902	2
-3.15657	-1.23547	2
-4.44616	-0.509293	2
-0.91983	-1.17473	2
-2.01003	-1.07278	2
-1.2279	-1.48899	2
-2.4744	-1.09546	2
-1.28905	-0.539927	2
-4.04588	-0.546753	2
-2.92563	-0.565321	2
-3.89254	-1.11291	2
-1.74674	-1.4181	2
-3.70632	-0.9935	2
-3.51729	-0.621908	2
-4.12395	-0.76596	2
-3.10624	-1.33031	2
-2.81483	-0.557061	2
-1.30125	-1.27627	2
-1.09145	-0.818601	2
-3.36164	-0.638058	2
-1.3812	-1.03775	2
-1.29909	-0.910555	2
-0.973903	-0.717463	2
-1.11023	-0.858404	2
-1.1482	-0.8633	2
-3.2667	-1.19068	2
-3.3575	-0.676012	2
-2.34047	-0.626083	2
-1.74023	-1.48991	2
-2.39747	-1.08669	2
-0.779218	-1.45227	2
-2.81894	-0.846722	2
-2.71897	-0.888163	2
-1.19261	-1.11164	2
-3.20825	-0.764964	2
-2.1668	-1.32264	2
-4.43747	-1.18009	2
-4.30108	-1.18054	2
-3.41329	-0.966082	2
-1.15649	-0.781496	2
-0.763133	-1.33227	2
-3.19213	-1.25966	2
-3.27617	-1.19632	2
-2.32588	-0.519161	2
-3.8255	-0.940645	2
-0.648846	-0.995904	2
-2.30468	-1.13992	2
-2.36639	-1.48587	2
-1.33374	-1.23416	2
-2.86195	-0.863433	2
-1.13038	-1.46541	2
-4.08094	-0.97985	2
-3.87044	-0.772024	2
-0.671629	-0.870032	2
-2.24462	-1.36605	2
-4.04589	-0.932584	2
-2.635	-1.21898	2
-1.40702	-0.605664	2
-3.96767	-1.38661	2
-3.46864	-0.700081	2
-3.46212	-0.556165	2
-2.50326	-0.576035	2
-0.569104	-1.49407	2
-2.99568	-1.25314	2
-2.419	-0.983038	2
-1.31847	-0.563829	2
-3.15059	-1.1169	2
-2.46147	-0.724212	2
-1.67459	-1.14235	2
-1.75543	-1.45268	2
-1.8584	-0.533665	2
-3.62447	-1.13868	2
-1.14645	-1.2083	2
-4.31098	-0.949413	2
-3.4821	-0.627349	2
-2.45881	-0.88922	2
-1.66559	-0.694015	2
-2.9393	-0.874099	2
-2.46929	-0.698039	2
-2.41662	-0.609303	2
-2.21651	-1.13157	2
-1.39423	-0.823306	2
-1.65316	-0.651374	2
-3.70289	-1.33422	2
-3.47978	-1.48321	2
-2.32905	-1.16089	2
-2.7434	-1.24252	2
-0.777145	-0.604888	2
-3.55526	-1.2218	2
-2.50819	-1.2829	2
-2.43751	-1.31467	2
-0.663692	-0.73803	2
-1.11679	-0.95503	2
-3.80438	-1.17974	2
-4.22519	-0.953242	2
-4.24934	-0.580859	2
-4.4395	-0.680779	2
-2.97872	-0.807495	2
-4.02805	-0.973672	2
-4.10768	-1.22089	2
-0.962747	-1.01048	2
-3.9587	-0.980055	2
-4.31218	-0.945053	2
-0.639497	-1.31477	2
-3.72771	-0.724406	2
-4.12988	-0.609972	2
-2.28762	-0.646726	2
-3.48523	-1.11659	2
-3.19514	-1.08329	2
-3.86391	-0.973515	2
-3.96925	-1.09029	2
-3.31291	-1.29316	2
-1.72854	-0.662214	2
-0.880782	-4.11714	2
-0.926676	-2.03953	2
-0.589837	-4.24044	2
-1.31316	-4.11195	2
-0.616717	-2.69867	2
-0.80717	-1.59679	2
-1.25142	-1.05718	2
-1.15032	-0.61942	2
-0.823849	-0.886738	2
-1.01073	-0.677546	2
-1.17124	-1.56033	2
-0.859891	-4.36014	2
-1.44888	-3.73727	2
-1.13007	-0.516881	2
-1.02094	-3.97031	2
-1.40771	-0.980642	2
-1.02431	-4.15982	2
-1.49265	-3.01722	2
-1.12335	-0.791388	2
-0.669201	-4.34195	2
-1.00865	-3.19532	2
-1.42871	-2.93274	2
-1.25983	-4.12195	2
-0.993621	-0.829397	2
-0.782657	-1.80704	2
-0.835106	-3.49474	2
-1.01466	-2.61481	2
-1.02425	-4.1687	2
-1.18955	-0.91932	2
-1.437	-1.55668	2
-0.53986	-1.01125	2
-1.27083	-3.72253	2
-0.798001	-2.43081	2
-1.28977	-4.20412	2
-0.566724	-4.49312	2
-0.680949	-1.03852	2
-1.13419	-4.20829	2
-0.610312	-1.52594	2
-0.731158	-1.55171	2
-0.631767	-3.09529	2
-1.25353	-2.88898	2
-0.595317	-2.38713	2
-0.627338	-1.36367	2
-0.690546	-4.03099	2
-0.992387	-3.13961	2
-0.973881	-4.25948	2
-0.533215	-4.1378	2
-1.45291	-2.11015	2
-0.776692	-2.7459	2
-0.6213	-4.41322	2
-0.866671	-0.635054	2
-0.587376	-2.85131	2
-1.16347	-2.19328	2
-1.41778	-0.875204	2
-1.19325	-2.59234	2
-1.18467	-3.3839	2
-0.951368	-1.58183	2
-0.514687	-1.81107	2
-1.38282	-2.47664	2
-0.86121	-1.10813	2
-1.20993	-1.01907	2
-1.3749	-3.91055	2
-0.545552	-0.996486	2
-0.552485	-4.01631	2
-0.689421	-1.71202	2
-1.4462	-2.49991	2
-1.10621	-3.71325	2
-0.884249	-1.51023	2
-0.929694	-1.60742	2
-1.37767	-3.99477	2
-0.910714	-2.4997	2
-0.760914	-2.75665	2
-0.995117	-4.00845	2
-1.18267	-3.67885	2
-0.906033	-4.04143	2
-1.36672	-0.513637	2
-0.790129	-2.15707	2
-1.02343	-4.49966	2
-1.30317	-1.84848	2
-1.1237	-2.38275	2
-1.22464	-3.80898	2
-1.28308	-3.05794	2
-0.537216	-3.51311	2
-0.950091	-4.19169	2
-1.33441	-1.75974	2
-0.886293	-2.05708	2
-1.08639	-2.35578	2
-0.947916	-4.20586	2
-0.839107	-4.45205	2
-0.598872	-2.42495	2
-1.49395	-3.04694	2
-1.30506	-4.01981	2
-1.15925	-1.57321	2
-1.14081	-2.3752	2
-1.1797	-0.875722	2
-0.56676	-4.06752	2
-0.752451	-3.12972	2
-1.3222	-0.548053	2
-0.795974	-2.72137	2
-0.959855	-4.21958	2
-1.20841	-3.63915	2
-1.17853	-1.71923	2
-0.819245	-1.64467	2
-1.14786	-3.64823	2
-0.844796	-1.66677	2
-0.558507	-1.46772	2
-1.02432	-1.80648	2
-0.543472	-3.71871	2
-0.570979	-4.08553	2
-0.990958	-2.44728	2
-0.968509	-1.14964	2
-0.51098	-1.37027	2
-0.737671	-1.45682	2
-1.05552	-1.86442	2
-1.06335	-1.58084	2
-0.925893	-2.42482	2
-1.28223	-1.5097	2
-0.923503	-0.727494	2
-0.573834	-1.11914	2
-1.39089	-0.544084	2
-1.19595	-0.639386	2
-1.46367	-3.94496	2
-1.47647	-1.43402	2
-1.22208	-2.25863	2
-0.741747	-3.65009	2
-1.49345	-3.07319	2
-0.77854	-2.65705	2
-1.26114	-1.28273	2
-0.842919	-1.61955	2
-0.625819	-1.45998	2
-0.689771	-2.22342	2
-0.769899	-2.35746	2
-0.569092	-1.85094	2
-0.992469	-0.504959	2
-0.552558	-2.23959	2
-1.27014	-4.45011	2
-0.778851	-2.94019	2
-0.928485	-1.67782	2
-0.533433	-2.59694	2
-0.897252	-0.890597	2
-1.1589	-4.06416	2
-0.815211	-0.671442	2
-1.17526	-4.32122	2
-0.619595	-2.80458	2
-0.736037	-3.156	2
-1.30396	-2.95816	2
-1.23721	-1.70823	2
-1.2606	-2.85045	2
-1.21178	-2.83064	2
-0.917744	-2.59951	2
-1.4865	-2.1934	2
-1.35309	-3.913	2
-1.15672	-2.39351	2
-0.937899	-2.00375	2
-1.47968	-4.21151	2
-0.907425	-1.1851	2
-1.24549	-1.22647	2
-1.41905	-3.4991	2
-0.961547	-2.81746	2
-1.00551	-3.26018	2
-1.31543	-3.11635	2
-0.93487	-4.22536	2
-0.621021	-1.74143	2
-0.718031	-3.36068	2
-0.875825	-1.41132	2
-0.833583	-3.53053	2
-1.47549	-4.11379	2
-1.26884	-0.891265	2
-1.45583	-0.655593	2
-1.23055	-3.22953	2
-0.976096	-1.70897	2
-1.24306	-3.59351	2
-1.2381	-3.53308	2
-0.652101	-3.11842	2
-1.09272	-1.37748	2
-1.36747	-1.06012	2
-1.30691	-3.19516	2
-1.32823	-2.61828	2
-1.15293	-0.897069	2
-0.538041	-0.590028	2
-0.674	-2.21373	2
-0.765851	-0.59423	2
-0.921397	-3.37875	2
-1.4045	-2.96882	2
-1.18011	-3.03141	2
-0.750469	-3.7522	2
-1.42869	-0.913249	2
-0.906754	-2.22777	2
-0.991893	-2.67713	2
-1.15069	-3.50747	2
-1.16356	-2.35297	2
-1.32391	-2.99799	2
-1.31959	-3.07895	2
-1.25033	-1.78223	2
-0.935538	-1.34458	2
-0.964824	-0.821925	2
-0.638314	-1.85289	2
-1.46245	-3.74593	2
-1.25083	-3.56606	2
-1.14364	-2.36938	2
-0.759777	-2.76988	2
-1.01982	-3.1983	2
-1.38574	-2.77953	2
-0.965173	-1.80912	2
-1.0439	-1.67991	2
-0.658224	-4.39885	2
-1.30342	-2.19459	2
-1.31764	-2.98136	2
-1.10245	-2.18482	2
-0.892592	-3.53929	2
-1.45754	-2.20046	2
-0.569738	-3.50125	2
-1.1869	-0.548348	2
-1.32776	-3.59889	2
-0.791875	-3.91528	2
-1.17746	-3.50186	2
-0.518871	-3.81832	2
-1.37038	-0.530706	2
-0.979211	-1.81302	2
-0.836177	-2.48728	2
-0.946	-1.49008	2
-0.81715	-3.18519	2
-1.09403	-4.02321	2
-1.40437	-0.738683	2
-0.969699	-4.20756	2
-0.763444	-3.46049	2
-1.37381	-0.837743	2
-0.808491	-4.30585	2
-0.938525	-3.99728	2
-0.575384	-1.76473	2
-0.804516	-3.64166	2
-1.2565	-4.40356	2
-0.516438	-1.77532	2
-0.525713	-3.11474	2
-1.0383	-3.70324	2
-0.608632	-4.14926	2
-0.651153	-1.99478	2
-0.970736	-3.8418	2
-0.97278	-3.15948	2
-1.10807	-3.95926	2
-0.667077	-2.56896	2
-1.44462	-3.09962	2
-1.49455	-3.98824	2
-0.850786	-1.09596	2
-1.22591	-3.73563	2
-1.31062	-2.49024	2
-1.32347	-1.50911	2
-1.04563	-2.31135	2
-1.05471	-3.26412	2
-0.851352	-1.72114	2
