-1.09219	-2.30003	2
-10.9557	-9.71055	2
-1.58245	-2.4643	2
-2.95077	-1.37373	2
-1.45581	-4.02466	2
-5.39125	-1.9728	2
0.687428	-7.37886	2
-6.41704	-5.89392	2
-1.4743	-4.98758	2
-4.74372	-4.80629	2
-0.976343	-5.73193	2
-3.94308	-9.02061	2
-3.42186	-5.61629	2
-6.42655	-5.1821	2
-3.71258	-1.25204	2
5.86627	-3.84325	2
-1.67454	-7.26782	2
-6.56507	-5.16097	2
-0.397636	-1.50028	2
2.40172	-4.15975	2
-10.2491	-10.2893	2
-11.18	-8.69266	2
-4.1936	-0.77149	2
-3.09679	-2.57929	2
-4.55805	-6.99166	2
-2.41077	-7.88752	2
-2.54489	0.0173742	2
-4.43153	-6.70691	2
-5.88148	-7.15183	2
-3.47228	-4.23933	2
-1.8469	-9.89206	2
-4.71421	-10.919	2
-3.05676	-1.51262	2
-4.60625	-6.08515	2
-0.0844013	-3.16183	2
-5.53937	3.00816	2
-3.4531	-5.94546	2
3.59949	2.57095	2
-8.3867	-9.94443	2
-5.36643	-2.6006	2
-3.00915	-1.60679	2
-4.07548	-0.594933	2
-10.0643	-2.67119	2
-4.49863	0.745189	2
-4.83218	-2.63553	2
0.572495	-2.66315	2
-3.41516	-9.03445	2
-3.98102	-8.78317	2
-4.11306	-3.29623	2
-1.19058	-1.35461	2
-0.470712	-9.31561	2
-10.6513	-0.31823	2
-3.18442	3.79849	2
-7.67888	-4.75468	2
-4.86012	-8.96945	2
-0.478529	-6.44489	2
-9.322	-8.37124	2
2.88919	-12.2112	2
-7.42312	-0.0739884	2
-8.52217	5.85694	2
-8.99211	2.5216	2
-4.54365	-8.2793	2
-10.0547	-2.73987	2
-6.29198	-2.44505	2
0.161262	-0.391042	2
-5.06873	-4.47576	2
0.408304	0.0757434	2
-6.58847	-5.88135	2
-3.14033	-2.75988	2
-4.96344	-4.42245	2
-12.6562	2.8031	2
-7.17218	-8.11729	2
-6.40777	7.05508	2
-1.09167	-5.25362	2
-5.61919	-6.34364	2
-3.02652	-5.93922	2
-1.25359	-3.69373	2
-4.93859	1.40502	2
-8.13573	-6.49668	2
-15.1088	0.367661	2
-4.33354	-8.03889	2
3.17351	-3.19575	2
-6.71456	-9.12613	2
1.91472	-9.28588	2
-7.03467	-10.2112	2
-3.30983	-3.62304	2
-6.03287	2.68403	2
-9.60095	-4.61179	2
0.712242	-1.66721	2
3.73212	-6.91347	2
-8.84219	-1.08972	2
-5.73713	-1.88871	2
-3.01194	-0.359395	2
1.11404	-2.16369	2
-7.87161	-5.22677	2
-2.09934	-2.06173	2
-10.4944	-0.32713	2
-2.81911	-9.93265	2
-2.98914	-2.70647	2
-2.72474	2.05054	2
-4.00437	-10.8715	2
-14.0213	0.27064	2
-10.3838	-6.26766	2
-7.88968	2.11852	2
-7.29587	-9.03212	2
-3.39482	-6.54489	2
-4.92717	2.10715	2
-5.9462	-4.57386	2
-4.77023	-5.96957	2
-3.1822	-5.51484	2
-0.172263	-5.6771	2
1.72536	-4.20331	2
1.89587	-3.98048	2
-1.55058	-5.82561	2
-10.6925	-7.27734	2
-6.66162	-3.89507	2
-2.70894	-4.39848	2
-2.16124	-4.03839	2
-7.08006	-2.77478	2
-4.12006	4.92231	2
-8.45977	-7.64788	2
-0.702059	-8.37649	2
-3.48239	-0.211585	2
-3.60101	0.707635	2
-0.844722	-4.68931	2
-7.55948	-2.26692	2
3.537	-5.79853	2
-2.5658	-0.102833	2
-5.08598	-16.9259	2
3.79294	-8.70783	2
1.97073	-5.41632	2
-1.54751	-3.83392	2
-2.43626	-3.94202	2
-2.15396	0.230553	2
-4.43571	-3.47749	2
0.157774	0.0165751	2
-2.36654	-5.52588	2
-4.0697	-5.57191	2
-1.75318	2.87523	2
-1.50837	-9.95115	2
-10.1468	-1.10589	2
0.823006	-2.1849	2
-4.1546	-3.86849	2
1.23094	-0.120542	2
-2.82247	-2.93371	2
-3.79385	-6.7149	2
-2.92547	1.10966	2
-11.8115	4.49873	2
-1.48998	-1.10784	2
3.11216	-0.0727258	2
-4.31508	1.75389	2
-4.67288	3.53008	2
-3.145	-6.83531	2
0.193754	-6.09882	2
-5.13126	-4.66261	2
-2.86415	-6.41044	2
-8.33837	-0.316519	2
-0.373743	-9.81143	2
-3.71816	-7.42278	2
-6.47483	-4.2499	2
-2.02532	0.435516	2
-4.89144	-7.06358	2
-2.60354	-0.642342	2
-6.7495	-1.63625	2
1.26621	-4.2403	2
-5.17007	-6.37326	2
5.82568	-8.11331	2
-0.224291	-0.749878	2
-9.41675	-1.1108	2
-10.033	-2.59811	2
-0.231072	-1.55285	2
-3.38022	-4.25327	2
-0.28086	-2.11684	2
-6.41233	1.69058	2
1.67498	-3.58595	2
-7.65966	-8.25221	2
-9.04416	-8.19929	2
4.41753	-8.45536	2
-15.4089	-3.40428	2
2.82181	-4.902	2
-9.99638	1.20734	2
-2.71341	-6.83794	2
-5.53569	-9.58977	2
-5.27103	-7.61797	2
-7.80928	-3.1197	2
0.683146	-2.56912	2
-4.74348	-0.957339	2
-5.76158	-0.949615	2
-0.433287	-4.81428	2
-2.57246	0.868173	2
-7.31091	-2.9733	2
-1.89969	-5.03863	2
-9.26912	2.78429	2
-1.56455	2.01377	2
-7.36427	-7.12803	2
-1.16267	-5.39699	2
-10.7951	-5.19362	2
-4.64817	1.11205	2
-1.7086	-6.38669	2
-3.80022	-6.41637	2
0.170154	-5.69199	2
0.95952	-2.36296	2
-1.75158	-0.718688	2
-11.8817	0.423094	2
-2.5872	0.0882718	2
1.11757	-5.89877	2
-6.38588	-6.07536	2
-3.04769	-4.08459	2
-11.5552	-6.05252	2
-9.35458	2.48768	2
-0.891798	-12.4999	2
2.31787	-6.13206	2
-2.33226	-4.81553	2
-6.11786	0.427914	2
-8.39359	-3.9906	2
-0.97552	-5.59865	2
-0.408392	-4.14305	2
-0.847971	-7.78244	2
-2.40543	2.46559	2
1.70861	-1.61308	2
-6.63406	-3.9557	2
-3.97406	-9.62963	2
-5.25462	-4.54646	2
1.84324	-2.06118	2
-2.92372	-4.70503	2
-1.88402	-0.487808	2
-6.99706	-8.02505	2
0.348255	-4.62179	2
-2.45336	-8.72347	2
-2.87091	-1.31416	2
2.86037	-8.50694	2
-2.36481	-6.73167	2
-2.9523	-8.62514	2
-5.82539	-8.60483	2
-1.31326	-2.99254	2
-1.49516	4.04959	2
-2.35017	-1.5388	2
-2.3226	-5.90005	2
-1.78175	-0.970698	2
3.2581	-5.27495	2
-10.2909	-5.96226	2
-2.8792	-4.60352	2
-5.17764	-2.0831	2
-7.46924	-11.8471	2
-4.73142	-3.01997	2
-1.93768	-1.62141	2
-6.47331	-2.47391	2
3.85103	-4.48708	2
-3.3228	-11.6384	2
2.60783	-0.45885	2
-1.94471	-8.43899	2
-3.17769	-5.44905	2
0.671157	-4.95224	2
-3.78551	-4.28529	2
-5.77281	2.24513	2
-0.528796	-6.49573	2
-9.78917	-2.40513	2
0.353053	-3.74305	2
-1.29774	-3.16804	2
-9.79837	-7.66161	2
-3.65513	-4.06097	2
4.63466	0.923027	2
-2.37654	-5.90993	2
-1.72639	-6.00901	2
-3.67722	-2.05838	2
-2.31484	-1.68134	2
-0.706348	-1.37888	2
-7.82781	-6.32363	2
-2.89055	-4.06445	2
-0.394728	-7.18175	2
-8.10815	-10.3988	2
-6.64401	-0.368277	2
-5.79253	0.169541	2
-8.34827	4.60368	2
0.520367	-10.4434	2
-11.4607	-3.51492	2
-9.9459	0.820013	2
-1.56744	-0.321341	2
-0.853594	-3.47998	2
-6.39058	-1.43979	2
-1.49681	-4.81955	2
1.12011	3.67258	2
-5.08865	-3.30438	2
3.21123	5.46402	2
-4.71469	-5.04232	2
-7.71094	-0.675712	2
-2.1151	-4.34626	2
-4.48975	-4.73847	2
-9.84167	-1.67344	2
-7.84416	-1.36273	2
-6.58928	-6.86088	2
-0.986436	-0.0460459	2
-4.20991	-2.17209	2
-10.4076	-4.22985	2
-4.21984	-7.05331	2
1.16855	-5.19099	2
0.854782	-6.68677	2
-5.4251	-8.50373	2
4.60977	-8.1168	2
-1.04632	-9.54674	2
-6.41801	-0.00505009	2
-8.60614	-6.38671	2
0.0381285	-0.865059	2
-3.89424	-7.53514	2
-8.9082	-6.2115	2
-4.15176	-8.77309	2
-2.02618	-10.5524	2
2.76837	-6.01021	2
-6.67628	-0.173635	2
-2.93325	-9.68853	2
-9.56049	0.436116	2
-3.66345	-3.93544	2
-2.14166	-2.41194	2
-3.62111	-5.69082	2
-1.31544	4.36815	2
-7.37769	-6.99673	2
-4.5016	-2.68833	2
-5.57478	-2.32223	2
-6.79806	-4.60722	2
-9.4568	-10.5376	2
-0.75069	-5.30493	2
1.32721	-4.63454	2
-6.50032	-0.646052	2
1.59994	-0.806735	2
-4.93562	-7.54611	2
-8.1659	-3.42787	2
-3.52448	-5.46616	2
-3.78168	-3.15472	2
-3.6315	-1.97718	2
-6.84476	-2.5915	2
4.59713	-3.29305	2
-0.698895	-5.42655	2
0.201693	-2.84346	2
-4.24295	-5.17984	2
-7.00281	-9.45703	2
-8.00553	-10.2635	2
1.09642	4.18771	2
-4.64489	-4.9023	2
-11.7002	-5.09421	2
-5.53988	0.486876	2
-1.76712	-6.2261	2
-4.66189	-4.90274	2
-4.05126	-6.20478	2
-0.861042	-7.47467	2
0.349174	-3.72905	2
-1.6443	-1.49704	2
-0.447991	2.37215	2
-4.05863	-10.0072	2
-12.7668	-4.76625	2
-4.13078	-9.86384	2
-3.34682	-2.13925	2
-2.40861	-13.2788	2
-5.67507	-2.92473	2
-8.61944	-5.36409	2
-3.7672	-9.22329	2
-0.0274644	-4.56284	2
-2.08937	-1.06217	2
-5.37481	-7.99016	2
-2.74016	1.38845	2
-6.16921	-5.66114	2
1.97711	-6.53932	2
-5.08109	-2.57046	2
-10.3361	-6.40785	2
-1.47352	5.28128	2
-4.22107	-4.96285	2
-0.316786	-4.48861	2
-8.99178	-5.49644	2
-8.06435	-1.15258	2
-6.10539	2.56976	2
-1.69261	-7.70484	2
-3.08635	-6.1484	2
-10.1442	-5.29532	2
-8.63042	-5.73379	2
-8.00419	-7.66731	2
5.82908	-3.33026	2
-2.25649	-0.542862	2
-9.06533	-2.81766	2
0.29688	-8.75679	2
1.83218	-1.29186	2
-1.13053	2.66728	2
-1.25414	-2.82331	2
-8.09045	-4.28959	2
-7.3187	-3.34233	2
1.0685	0.946451	2
-4.50816	-3.7262	2
-4.11807	-8.52793	2
-2.44776	-6.91105	2
-2.64191	-4.0018	2
-2.5002	-8.14038	2
2.2674	-2.77583	2
-9.66733	-3.52103	2
-0.984194	-3.45292	2
1.46657	-13.009	2
-1.94251	2.44319	2
-0.646846	-4.48484	2
0.949847	-5.42797	2
-5.18122	-0.787217	2
-2.5212	-12.4588	2
-3.99992	-4.4716	2
-2.51543	-4.25678	2
0.696172	-3.93373	2
4.98085	-2.32366	2
-0.82596	1.8344	2
-2.16513	-3.67055	2
-4.1992	-7.51618	2
-6.92863	-2.22423	2
-2.95647	-12.4631	2
1.33008	0.889063	2
1.60916	-11.3979	2
-1.44743	2.96945	2
-11.496	2.04041	2
-9.98805	-3.90937	2
1.21542	-4.26385	2
-5.5508	-1.61386	2
-0.908185	-2.23928	2
-1.39962	0.273003	2
-2.41825	-5.99374	2
-12.6512	-6.32585	2
3.57359	-7.71091	2
-2.68444	-1.98861	2
-2.38265	-1.03304	2
-2.36277	-3.30458	2
-4.61955	-0.319729	2
-7.6305	-3.5759	2
-8.8411	-3.85167	2
-0.870355	-4.94818	2
-7.97731	-3.35426	2
-11.4468	-3.39926	2
-0.61071	0.146821	2
-0.807114	-1.86824	2
-3.73609	-0.902271	2
-10.3855	1.73174	2
4.55923	-2.22177	2
-8.6136	-9.49755	2
-4.53121	-6.20885	2
-5.57058	1.25781	2
-4.29828	-3.08784	2
-1.10431	1.80016	2
1.07659	-1.0197	2
-4.25696	-6.26904	2
-4.20057	-10.1135	2
-1.23048	-3.79063	2
2.57305	-4.74422	2
-2.19301	-8.3489	2
-7.0361	-0.223405	2
-11.0785	-10.1639	2
-7.82279	-7.92106	2
-6.59092	-3.45603	2
0.43717	0.651685	2
-10.1949	-7.77584	2
-10.0178	-4.02105	2
-11.6956	-5.21232	2
-1.87438	-6.75456	2
-2.72384	-5.11135	2
-8.87891	2.02734	2
3.48106	-0.378692	2
-7.58472	-11.3002	2
-3.90424	-10.8578	2
-9.22892	-0.185316	2
-1.79324	-0.787669	2
-1.79283	-7.42076	2
-3.72231	3.37185	2
-7.52641	-9.37118	2
-3.37384	-4.09462	2
0.798974	-12.7537	2
-3.39906	-5.16798	2
-11.4472	-1.69077	2
-5.53691	0.476028	2
-6.33124	-4.42503	2
-1.55626	-5.00524	2
3.9789	-16.1403	2
-3.97278	-8.16621	2
-3.38968	0.637027	2
-9.99478	-2.54325	2
-0.28869	-2.21867	2
1.56498	-5.374	2
-3.16646	-2.02367	2
-11.0359	-8.51333	2
-3.2226	-8.93315	2
-4.39641	-4.344	2
2.27983	3.21839	2
-6.73709	-11.4309	2
2.82883	-7.56647	2
-6.47723	-2.14402	2
1.29347	1.01102	2
-6.75117	-0.202319	2
-2.36924	-4.34422	2
-8.13911	-5.70949	2
0.832058	-2.61716	2
-7.37322	-0.160704	2
-7.40973	-7.02495	2
-5.46392	3.26863	2
-5.25813	-5.50227	2
4.4495	-0.493962	2
0.1616	-6.35676	2
-3.86986	-5.78321	2
-0.189552	-8.16085	2
0.451739	-2.74746	2
-5.50641	-5.70147	2
-4.22704	-5.4237	2
-7.48436	0.974007	2
-3.85095	-2.28019	2
-5.37381	-6.63366	2
-3.73172	-8.22354	2
-8.91354	-2.55353	2
-7.53099	-1.68486	2
-7.02897	1.47192	2
-6.22738	-9.38609	2
-8.05835	-8.56198	2
-1.95861	-3.95596	2
-11.0455	-3.24972	2
-0.961912	-4.02807	2
-2.12358	2.15358	2
-6.64518	2.31679	2
-5.52374	-2.10272	2
-8.60928	-2.43826	2
-2.2887	-2.93774	2
-2.55404	0.752785	2
-3.94931	-1.06513	2
3.68727	-4.39441	2
-1.23892	-12.0259	2
-4.6887	0.0127713	2
0.140146	-7.09505	2
-10.9379	-4.36476	2
1.53332	-9.80494	2
-14.6431	-6.31973	2
-7.72781	-12.6902	2
-3.63578	-3.82828	2
-2.72296	-1.24828	2
-3.45755	0.45076	2
0.684829	-4.39135	2
-8.21531	-8.35122	2
-1.57975	-1.48242	2
-1.35135	-5.51995	2
-1.09836	-8.10675	2
0.593762	-4.76899	2
-7.06327	-5.455	2
-3.98913	-3.08627	2
-3.98866	-9.5708	2
-6.27111	-5.20442	2
-4.87651	-1.61608	2
0.0846926	2.24365	2
-5.1529	-0.545255	2
4.36361	-10.7343	2
-3.96479	-5.57814	2
-7.09634	-7.07763	2
1.81274	-4.31764	2
-8.10169	-2.39827	2
-6.30692	3.67271	2
-7.84107	-2.92762	2
-0.435519	-7.11978	2
-10.3294	0.810318	2
-7.48145	-2.90865	2
-1.65017	-11.3244	2
-3.25162	-3.24419	2
-4.68279	-5.89918	2
-4.52198	-1.5201	2
-7.67026	-6.3095	2
-1.6289	-9.25591	2
-14.5166	-9.51387	2
-0.386174	-4.95408	2
-6.10201	-5.13737	2
1.20951	-9.43174	2
-7.76021	6.67102	2
1.97512	2.46919	2
-6.10555	-0.773452	2
-2.89775	-2.27032	2
-2.80663	-5.26414	2
-1.54161	-10.8226	2
-7.36329	-9.23289	2
0.99328	-7.04039	2
-5.74596	-0.35282	2
-7.91649	-0.413134	2
-8.12368	1.24617	2
-8.74864	1.34539	2
-6.96985	-7.24078	2
-1.14638	-6.83088	2
-9.02121	-0.0360358	2
-2.66088	-4.13364	2
-4.52161	-7.46411	2
-4.54185	2.10066	2
-4.90693	2.45524	2
-5.261	-0.106299	2
-0.931565	0.00708659	2
-3.85625	-8.15037	2
2.00011	-6.45629	2
-0.3653	-5.63682	2
-1.31891	-6.29912	2
-0.47115	-5.04559	2
-7.31517	7.13745	2
4.29257	-10.7619	2
-6.70189	-5.78144	2
-2.75814	1.11929	2
-0.240723	-3.5852	2
-1.65151	-0.646069	2
-0.969013	1.8227	2
-7.03692	-5.50995	2
-3.94315	-3.23914	2
-0.655724	2.46248	2
-2.43657	-10.6859	2
-3.77912	-10.6023	2
0.968457	-6.72129	2
5.60805	-9.58696	2
-0.450417	-0.839761	2
-6.47797	-8.61069	2
2.35991	-0.720966	2
-4.10501	-6.05677	2
-7.23021	-3.43843	2
-1.21545	-1.56684	2
-5.28746	-1.81048	2
0.0352802	-6.56825	2
-6.1707	-2.15696	2
-1.0987	-7.18857	2
-9.48153	2.1239	2
-8.37052	-3.68628	2
0.177303	-3.9391	2
-1.80122	0.3166	2
-6.275	-1.20762	2
-0.302414	-3.89095	2
-2.9201	-2.09601	2
-3.37438	-6.19146	2
-13.3288	1.84046	2
-1.92473	-4.36975	2
-5.39708	-10.0417	2
7.89078	-4.82956	2
4.71124	-5.74654	2
-4.49788	-2.59739	2
-1.88265	-1.95463	2
2.40565	-9.14604	2
-8.98738	0.80994	2
-8.05765	2.02999	2
-8.56111	-1.01198	2
-7.73596	-13.4874	2
-1.36658	-5.35266	2
-5.25615	-3.25084	2
-5.62697	-3.93443	2
-3.17201	2.34006	2
-1.82065	-6.61506	2
-5.30814	-4.36119	2
-1.20087	-3.8357	2
-1.19797	-3.16119	2
-6.11204	-11.1937	2
-7.99687	-6.57379	2
-7.50052	2.05341	2
-8.49901	-6.63906	2
-3.19744	-1.1809	2
-6.98797	-6.27169	2
0.191984	-1.25364	2
-4.028	-0.470885	2
-2.93983	-2.96441	2
-8.94216	-1.83818	2
-5.34672	-3.02817	2
-2.69463	-1.39188	2
-5.30756	-3.58299	2
-4.09843	-8.27566	2
-1.93022	-2.32924	2
2.52916	-9.0419	2
-7.75562	-11.7999	2
-7.31593	0.711366	2
1.23695	-2.41124	2
-5.37506	-0.785615	2
-5.94429	-9.64698	2
-2.12113	-3.90892	2
-4.96375	-4.36063	2
-6.82252	-6.04273	2
-2.0633	0.236078	2
-5.96725	1.69064	2
-11.5851	-2.73557	2
-7.91652	-6.27919	2
-1.94086	-3.47479	2
-3.60413	4.18966	2
-13.744	0.64888	2
-0.495697	-5.7195	2
-7.01221	2.52761	2
-5.76189	-4.81271	2
-6.65901	-1.99469	2
-5.79427	-12.1859	2
-2.30882	0.932773	2
-2.01183	-0.701936	2
-3.9286	-6.32083	2
1.52036	-13.3168	2
-2.76717	0.617646	2
-2.04666	2.86053	2
-4.96865	-0.614662	2
1.84806	3.36618	2
2.15161	-9.60495	2
3.44608	-5.01142	2
-7.40638	-6.7384	2
-6.90533	-1.67221	2
-5.1742	-2.9583	2
-4.07107	-2.56363	2
-5.28945	-1.94621	2
-7.15036	-9.03387	2
0.264316	1.90263	2
-2.18849	-4.64359	2
-4.66218	7.01363	2
0.387018	3.79107	2
-6.01419	-8.07245	2
-1.84405	-0.919063	2
-0.283641	-10.4307	2
-4.4623	-2.86185	2
-9.31798	0.446118	2
-7.00565	-5.84191	2
-7.74872	-0.812546	2
-4.10903	-1.44996	2
-8.12719	6.28204	2
-3.09971	-6.27789	2
1.11483	-12.3783	2
-2.97968	-10.8911	2
-5.1695	-4.64174	2
-4.54171	-3.47345	2
-4.40582	-3.41469	2
3.60013	-2.157	2
4.61269	-2.36893	2
-1.25338	-0.690023	2
-3.84796	-2.62807	2
-0.645517	-1.97681	2
-5.13124	1.94227	2
-13.0918	-6.95426	2
-3.43042	-1.76488	2
-0.348553	-5.52434	2
-10.401	-11.9931	2
-7.8683	-4.75144	2
0.807492	-9.24302	2
-5.99077	2.55716	2
-2.976	-7.70475	2
-3.03231	-5.03081	2
-4.04514	-9.83327	2
-11.9999	-3.84859	2
-8.07589	-7.38095	2
-0.134989	-0.14683	2
-2.91722	2.85709	2
-3.41407	-2.7105	2
-6.99064	-2.98772	2
-5.19406	-6.91652	2
0.258965	0.0974407	2
-6.00242	-8.04371	2
-2.81059	-1.09928	2
-7.40622	2.48011	2
0.967708	-4.89875	2
3.63883	-5.20713	2
-7.1686	-4.10544	2
-7.36519	-5.02173	2
3.34647	0.958493	2
-7.76434	-1.84987	2
-0.483571	-6.2647	2
-6.93763	-4.63492	2
4.23068	-6.09657	2
-0.558976	8.12261	2
0.381649	-4.84018	2
-9.01466	1.78316	2
-3.86314	0.62032	2
-2.36633	-7.97185	2
-6.76679	1.80136	2
-4.82845	-2.99588	2
-2.77752	1.15716	2
-6.30762	-2.87998	2
-1.47755	-2.74667	2
-3.09459	-4.45641	2
-3.89782	-0.486161	2
2.87574	-1.62006	2
-1.70846	-5.2233	2
-4.62554	0.709128	2
-3.86009	-2.08355	2
-7.17662	-4.9416	2
-1.94147	0.87894	2
-4.30702	-9.59753	2
2.79698	-14.6034	2
-0.51815	-6.08176	2
0.498625	-4.441	2
-4.51334	-9.83371	2
-6.30529	-6.63195	2
1.05477	-4.10152	2
-5.95195	-5.52748	2
-9.33984	-4.54847	2
-7.84063	-4.32135	2
-0.130781	-7.39153	2
-2.62213	3.73966	2
-2.3175	-4.3069	2
-3.82887	-3.39716	2
-1.08516	-0.348803	2
-5.31026	-7.85535	2
-7.47625	-1.82838	2
-1.06378	3.42032	2
-4.58802	-6.77221	2
-8.40003	-1.69348	2
-9.53368	-3.14913	2
-9.34117	-3.34789	2
-13.5141	0.154486	2
-3.61639	-7.35326	2
-7.17093	-1.03901	2
-8.33797	-3.0071	2
-3.19724	-4.09507	2
-6.01684	-4.98019	2
0.836557	-3.47731	2
-3.3125	-1.31188	2
0.466212	-6.95063	2
-12.1527	-5.44608	2
-2.5357	4.5	2
-0.125976	-6.55801	2
-4.61253	-2.89479	2
-6.21277	-3.55885	2
0.272895	1.38338	2
-6.96272	1.53226	2
-2.42829	-2.80819	2
-10.2262	-1.82281	2
-9.74916	-4.73969	2
-9.10246	-0.599965	2
-0.951181	-5.30627	2
-2.32959	-8.05347	2
-0.774416	-9.25882	2
-0.977858	-4.03009	2
-11.3059	-8.48704	2
-1.74728	-2.6716	2
-6.24313	-1.77784	2
-8.04827	1.88579	2
-3.39155	-7.67058	2
-8.36448	-3.65103	2
-6.91686	-4.15324	2
-8.88997	-6.83853	2
-6.95173	-3.26006	2
-6.6404	-2.33538	2
-4.39278	0.858395	2
-7.4846	-2.72026	2
-6.1829	-9.93202	2
-0.912354	2.22657	2
-7.1452	-0.843895	2
0.929281	-0.207145	2
-2.20837	-8.69792	2
-6.87745	-0.405544	2
5.29902	-5.71258	2
-3.14177	-3.38676	2
-0.260524	-8.78258	2
-8.88994	-2.74247	2
-0.168111	-2.03634	2
-3.8068	2.77326	2
-0.775592	-4.01595	2
-9.16262	-5.26061	2
-7.5078	-0.207268	2
-2.14088	-0.660071	2
-3.71853	-5.89038	2
-6.1122	-5.18946	2
-5.21487	-3.51799	2
-2.91374	-6.5592	2
-6.01978	-2.62404	2
-4.22998	-8.58281	2
-7.32154	-3.77643	2
0.22605	-8.47318	2
-2.24731	5.83538	2
-2.73611	0.186438	2
-0.856779	-1.45904	2
-4.33419	-6.77389	2
-4.5418	0.454856	2
-2.93123	-9.63969	2
2.37678	-0.477171	2
-4.28434	-5.81092	2
-11.0455	2.05431	2
-6.07785	-2.72866	2
-12.7574	-8.6602	2
-4.3105	-5.37036	2
-5.47461	-8.4202	2
-6.5108	-4.03526	2
-5.37816	-1.22844	2
-6.79291	-8.08454	2
-8.18436	-10.8353	2
-3.35745	-13.5262	2
-8.70425	-4.64943	2
-5.07249	-5.10579	2
-4.64309	-5.83806	2
-3.66729	-8.88614	2
-6.13495	4.68362	2
-6.44435	-4.05004	2
-9.65211	-8.41424	2
-3.8403	-6.0331	2
-11.3603	-6.17614	2
-2.28402	-4.26505	2
-6.86577	-3.22501	2
-7.30649	0.579438	2
-7.30468	-8.03008	2
-5.4655	-4.2557	2
-2.02489	-1.82409	2
-0.0298354	-4.67082	2
-2.80363	-9.79042	2
-8.65187	-2.22025	2
-6.86622	-8.56276	2
-0.313856	-2.32351	2
4.23973	-3.09971	2
-4.56442	-2.13601	2
-2.30999	-6.87977	2
-6.15721	-3.38823	2
-6.277	4.02151	2
0.755394	-6.06815	2
-9.55197	-0.517994	2
-4.70502	-1.48116	2
0.552322	-1.1884	2
-7.25874	-3.42499	2
-1.98063	-9.34594	2
-1.65581	-6.70978	2
-5.96437	-3.29562	2
-9.00723	-4.00421	2
-2.00816	0.232917	2
-5.84529	-6.72673	2
-3.07078	-6.16859	2
-5.40616	-2.91476	2
-0.057704	-0.46779	2
-0.0436219	-3.33866	2
-2.46766	-0.61495	2
-12.1607	-6.86706	2
-0.199211	-1.57608	2
-1.80756	-6.37003	2
-1.52805	-3.30541	2
-7.72576	-12.4234	2
3.61089	-6.26752	2
-6.85814	-2.15011	2
-10.4587	-1.95356	2
-4.85303	-5.79605	2
-11.9273	-1.39386	2
-4.67887	-7.72709	2
-7.1374	-2.27479	2
0.992796	-3.97944	2
-9.2243	-5.37927	2
-7.92088	-5.78539	2
-8.669	-5.0209	2
-6.88889	-7.51899	2
2.01383	-9.45008	2
-7.12289	0.67748	2
-5.22489	-2.74584	2
-8.48095	-3.7319	2
-1.52938	-7.33569	2
-3.02036	-6.94182	2
-2.795	0.714464	2
-3.49486	-11.6834	2
-3.08114	-2.65252	2
-5.43196	-3.82094	2
-1.66771	-0.493954	2
-13.3412	2.51944	2
-7.04453	-4.14272	2
-3.11177	1.62034	2
-2.43542	-5.64123	2
2.76585	-9.3851	2
-5.85485	-2.29454	2
3.54084	-4.80728	2
-4.69392	-6.73027	2
-4.55642	-4.20017	2
-5.12166	1.43981	2
-6.05468	2.94738	2
-4.37742	-5.02808	2
-5.7502	-2.70589	2
-4.9434	0.258062	2
0.488286	-4.91239	2
2.59721	-10.9387	2
-1.8139	-7.2336	2
-4.65268	-6.11938	2
-1.93839	2.38139	2
-0.432409	-8.4439	2
4.96346	-4.24606	2
-3.39214	-8.2836	2
-5.26992	-6.03292	2
1.5231	-10.1733	2
1.4269	-3.11266	2
-5.91261	-4.10994	2
-6.62824	-2.88298	2
-5.7547	0.561653	2
-3.87607	-12.2082	2
0.90999	-9.60617	2
-4.63476	-1.23487	2
-4.20965	3.07685	2
-1.47139	-2.26141	2
-1.87968	0.470035	2
-4.15285	-6.40911	2
-8.45778	-4.07308	2
-2.12955	2.09245	2
-1.64451	-4.01014	2
-6.22287	-10.5521	2
-5.52037	-5.18697	2
-0.335426	1.11974	2
-3.06652	-3.12477	2
-4.41706	-0.902212	2
-6.02549	-3.57927	2
-0.606929	-7.76031	2
6.97566	-8.2448	2
-1.14687	-7.76756	2
-4.96689	-7.19544	2
-3.71933	-5.17629	2
-6.28811	-3.44209	2
-8.61844	-3.74115	2
-6.38163	0.67728	2
-5.34491	-0.524018	2
2.55699	-12.9352	2
-2.422	-2.55903	2
-1.42399	-6.5487	2
-8.94136	-6.02487	2
-3.14129	-2.90806	2
-14.2045	-1.16307	2
-1.80063	-4.97437	2
-1.05719	-5.03168	2
-11.2754	-7.13685	2
-4.94926	-6.14907	2
-2.8949	-4.76356	2
-5.53494	-5.65991	2
-4.04056	3.47561	2
-7.472	-4.91571	2
-4.83941	-4.30538	2
-4.20592	0.57824	2
-8.76288	-8.0598	2
-3.07482	-0.155725	2
-7.05822	-11.2291	2
-0.933512	-9.26533	2
0.44466	-6.89614	2
-0.922339	-1.23921	2
-7.07922	0.358615	2
-4.94463	-8.11705	2
-1.55795	-6.61022	2
-6.23996	-10.0101	2
-1.18978	1.02838	2
-2.86993	0.232622	2
-6.70487	-5.25423	2
-9.37051	-0.940451	2
1.41778	-4.21814	2
-5.65165	-4.39714	2
-0.781197	-12.7661	2
-6.10257	-4.04703	2
-7.42023	-2.28509	2
-3.64566	1.13576	2
-12.623	-0.945529	2
-1.86551	-9.1791	2
-2.72315	-3.59799	2
-8.69974	-3.2591	2
-5.13784	-2.71947	2
-2.43057	-6.01333	2
-10.4384	-7.534	2
-4.54631	-3.50026	2
-5.80041	-6.25906	2
-8.58481	1.14602	2
-5.70946	8.02555	2
0.0685142	-8.59898	2
-5.3436	-8.71535	2
0.118152	-6.25952	2
-9.7238	-0.870668	2
-1.91114	-4.14732	2
7.89975	2.86102	2
0.0899124	-5.76656	2
-10.2328	-4.0712	2
-3.35158	-6.50684	2
-5.05082	-1.9437	2
-11.7996	3.59823	2
-6.17076	-1.0958	2
-5.21485	-11.6351	2
-6.80766	-1.92849	2
-1.72093	-7.4075	2
-7.54952	-9.44168	2
-3.82319	-1.30667	2
-3.64047	-0.791024	2
-7.76245	-9.00824	2
-11.2654	-6.82442	2
-7.01427	-6.61429	2
-9.40383	-5.10841	2
-6.21641	-6.47054	2
-5.39924	-0.154592	2
0.326333	-10.1665	2
-3.62895	1.12604	2
-6.02787	-7.49473	2
-2.90467	-8.74248	2
4.11735	-4.9615	2
-8.12365	-2.34863	2
-8.52796	-0.588722	2
6.83433	-3.81743	2
-4.32931	-3.10028	2
-4.79069	1.88162	2
-6.38407	4.86454	2
1.50756	-11.1816	2
-4.54035	-0.835593	2
-8.04512	-3.50221	2
-7.21701	-5.61531	2
-0.795636	-4.33997	2
-4.76765	-1.32277	2
-3.44972	-1.76693	2
-6.89535	-4.44088	2
-2.50512	-0.275774	2
-7.43604	-6.89285	2
-5.86693	-3.14621	2
-0.224571	-4.18929	2
-7.3431	-0.32037	2
-5.52009	-2.9017	2
-2.51163	-1.08152	2
-6.97603	0.917116	2
-16.1874	-14.565	2
-6.26546	1.81854	2
-4.50585	-1.77291	2
-3.68204	-8.01862	2
-8.28704	5.24718	2
-1.4031	-1.8813	2
-5.18966	-6.85062	2
-2.96337	-4.0949	2
2.1574	-6.81652	2
-12.7697	-4.15261	2
-9.03012	0.994238	2
-5.45689	-1.90894	2
-2.1681	-1.71713	2
-3.26947	-4.42647	2
-7.6018	-7.28686	2
-1.85968	-2.57094	2
-0.00897783	-3.71003	2
-4.20707	-3.37572	2
-3.05693	-6.8461	2
-5.34351	-3.07216	2
-9.18615	-5.31364	2
-4.62881	-6.93947	2
-2.83071	-1.72785	2
-6.57725	0.0161704	2
-3.8287	-2.20945	2
-0.496217	-12.3815	2
-0.991162	-1.34699	2
-2.03946	-0.604406	2
-3.93793	-2.13899	2
-4.11499	-7.58137	2
-4.70584	-3.21589	2
-5.45396	-12.9285	2
-5.83604	-6.0684	2
-3.73031	-1.72259	2
-4.67381	-2.15892	2
-0.658894	-10.2844	2
-7.86764	-1.38236	2
-7.08722	1.30116	2
-3.82968	-0.562661	2
-10.6636	0.563348	2
-5.99457	0.577332	2
-2.50768	-5.39988	2
3.06531	0.123059	2
-1.9787	-4.97187	2
0.1694	0.0239716	2
1.53404	-2.93917	2
0.436673	-3.2198	2
0.933516	-9.00825	2
-2.66749	-6.04338	2
-3.14635	-4.01016	2
-5.33023	-2.70818	2
-2.71277	-2.10547	2
0.136797	-4.94393	2
-3.67023	-0.695183	2
-4.09526	-3.45154	2
-6.90464	-2.22483	2
0.462578	-1.19928	2
-3.18997	-2.44291	2
-2.72341	-6.63275	2
-15.5496	-5.55561	2
-3.17278	-4.05945	2
-1.04503	0.17512	2
0.410938	-2.92592	2
-9.20214	-6.12353	2
-0.535479	-5.49621	2
-0.503746	0.538467	2
-12.224	0.644933	2
-2.37259	4.96211	2
-3.17195	-1.72498	2
-7.00286	-3.93989	2
-0.949491	-7.00858	2
-1.02036	-5.2421	2
2.1343	-7.81987	2
-3.0678	-7.18626	2
-4.04772	-4.09306	2
-2.48669	-4.01051	2
-2.7533	-1.53955	2
-8.70821	-7.14348	2
-2.21084	-4.01845	2
-8.61645	2.53001	2
-0.567448	-6.39549	2
-2.26397	-0.0870829	2
-9.184	-12.1844	2
0.939067	0.656083	2
-4.14737	-8.04738	2
-5.23527	-2.1825	2
-4.85608	-6.33426	2
-13.593	1.66153	2
-1.64037	-3.86616	2
-3.02489	4.68552	2
-5.15334	-5.85518	2
0.300074	-6.73226	2
0.291915	2.24097	2
-12.1275	-7.38127	2
-0.110262	-1.32969	2
-2.66875	-5.80425	2
-1.91167	5.12379	2
0.57141	-9.65636	2
0.798883	-5.1373	2
-9.33579	-0.468846	2
-4.66765	-9.6337	2
-4.77078	3.85967	2
-4.93503	-6.14701	2
-5.96984	-6.56191	2
-4.47108	1.65648	2
-1.17719	-1.17533	2
1.51739	-3.31942	2
-5.10759	-5.35723	2
-0.443225	-7.55448	2
-4.02392	-0.684087	2
-10.3453	-5.40401	2
-6.4844	1.15915	2
-2.03174	-0.737892	2
-2.40679	-8.67359	2
-4.79747	-6.16955	2
1.74179	-1.33232	2
-1.86668	-1.94136	2
0.368812	-3.2717	2
-3.61852	-6.01853	2
-11.3277	-1.58279	2
-5.93704	-3.70688	2
-6.03775	2.6256	2
-1.16435	1.41983	2
-7.6194	-2.41186	2
-11.5511	-9.79343	2
-5.90943	-0.586737	2
-7.75977	-1.69075	2
-0.134388	-6.31523	2
0.864973	-1.53447	2
0.456392	-1.70615	2
-5.94783	-4.37101	2
-8.41499	-5.22315	2
-0.902928	-1.65318	2
-11.4807	0.462715	2
0.685135	-6.69204	2
-2.59241	-2.61384	2
0.372088	-5.6903	2
0.67019	-6.42784	2
-2.75769	-3.55487	2
-10.1184	-0.704044	2
-14.4972	-1.29683	2
-5.35105	-2.11139	2
0.450893	-10.9413	2
-3.74668	-2.28914	2
0.754034	-7.13943	2
-6.42552	-11.0056	2
-0.0558901	-2.88037	2
0.474005	-4.23355	2
-2.58368	-4.92416	2
2.90954	-9.96533	2
-1.69698	-7.22523	2
-3.39545	0.132134	2
-8.20786	0.619099	2
-3.30067	-9.8343	2
-2.41908	-1.98669	2
1.89536	-9.21109	2
-9.47451	-7.6249	2
-3.4916	-2.88107	2
-2.59753	-6.28384	2
1.94084	-4.67675	2
-0.98353	-6.69236	2
-4.25672	-6.99904	2
-1.47169	0.353798	2
-1.39347	-8.22253	2
-3.93903	-5.34517	2
-8.2939	-8.24921	2
-10.733	-3.80993	2
-3.2626	-4.71891	2
-2.3021	-4.2362	2
0.903937	-2.98934	2
-12.5251	-5.90616	2
-11.8529	-7.15389	2
-3.19996	-6.24817	2
5.86677	-0.670428	2
-0.744755	-2.61195	2
-10.4909	-4.61763	2
-1.39395	-7.46908	2
-2.95489	-8.10082	2
-6.73377	-3.87118	2
0.670757	-6.13935	2
-5.89471	-3.57963	2
-0.976012	-0.540548	2
-2.82219	-6.08753	2
-1.0645	-7.17477	2
-8.14615	0.151476	2
-5.29556	0.487341	2
-6.14905	-7.23668	2
-4.87219	-1.99629	2
0.974751	-9.05489	2
0.0746724	-10.1346	2
2.51061	-10.4211	2
-11.6317	-2.05053	2
4.3709	-3.89682	2
3.213	-4.77725	2
-5.66354	-1.26247	2
-6.45244	-1.66071	2
-3.35997	2.61869	2
-12.1351	-8.54355	2
-8.1182	-6.49099	2
-1.97308	-4.11432	2
1.93842	-2.62715	2
-3.39604	-7.86756	2
-9.88733	-3.97203	2
-3.89145	-2.39703	2
-3.07695	-7.01616	2
3.65603	-1.44554	2
-3.4994	1.43095	2
-5.84827	-8.41036	2
3.45899	-5.15625	2
-5.76733	-5.59189	2
-7.81188	-6.27082	2
-1.76449	-9.10105	2
-0.74949	-3.22606	2
0.0452194	-2.96703	2
-2.15375	1.52112	2
-3.9686	-1.07351	2
-2.97482	1.25242	2
-9.04174	-5.14032	2
-5.44965	1.22518	2
-3.72562	-0.759406	2
-3.37132	0.648238	2
4.25482	-5.74658	2
0.623648	-6.59272	2
-4.90397	10.1615	2
4.19207	-8.35706	2
1.87757	-3.38466	2
-3.68018	-5.80092	2
-10.6896	-7.47773	2
-4.65708	0.181682	2
-10.267	3.9506	2
0.838379	-4.3908	2
-5.06121	-9.62629	2
-3.45197	-10.9256	2
2.14565	-8.25878	2
-1.01412	-0.301947	2
0.689267	-5.86316	2
0.499092	-4.80743	2
-6.83074	-4.61746	2
-5.97379	0.858539	2
-5.70394	1.58318	2
-12.1727	-0.855827	2
-7.88226	-4.90133	2
-12.9762	0.811848	2
1.0744	-5.3618	2
-5.49557	-1.9447	2
-2.14009	-0.9803	2
-3.8282	0.538475	2
-7.75992	-4.4759	2
-6.89509	0.50093	2
-6.54912	-9.46961	2
0.288107	-10.4957	2
-5.23931	1.91088	2
-4.63891	-6.04265	2
-1.24125	-10.8104	2
-4.3568	-2.15551	2
-6.99665	7.21436	2
-10.6931	-5.56175	2
-8.18535	-4.78719	2
-2.96391	-4.77004	2
2.36756	-5.10919	2
4.04305	-8.35185	2
-3.47009	-4.87411	2
-6.03092	-5.09296	2
-9.28734	0.564454	2
-2.46654	1.49282	2
-4.82614	-2.87221	2
-6.34157	-2.49214	2
2.14086	0.0731933	2
0.190071	-2.57722	2
-2.2149	-7.13971	2
-7.02468	4.86586	2
8.97582	-8.34383	2
-5.44824	-4.55466	2
-2.63873	-1.38061	2
-3.74405	-0.943983	2
-4.24944	-3.47317	2
-0.607701	-2.44201	2
-4.99705	-6.95972	2
-6.7676	-11.4038	2
-10.5676	-3.00018	2
-2.45709	-8.39485	2
-1.84801	-9.86729	2
-9.90552	-4.34118	2
0.346405	-1.75329	2
1.64669	0.29137	2
-2.50108	-8.97718	2
-1.78797	0.876437	2
-1.33336	0.40552	2
-4.42643	-2.01104	2
-2.17421	-8.6855	2
-4.04532	-5.95636	2
-0.696651	2.12288	2
0.577233	-5.59747	2
3.0505	-7.80847	2
-4.72318	-1.3346	2
2.39974	-1.57284	2
-6.94362	4.19577	2
1.90022	-8.02214	2
-3.60439	-2.47189	2
6.76672	2.88736	2
-8.0351	-5.81018	2
-6.64907	-1.24161	2
-1.25868	-6.25923	2
-2.17906	-0.179173	2
-1.63522	-4.36712	2
-4.332	-9.89301	2
6.06281	4.52253	2
-3.57057	-6.35681	2
-2.62004	-7.06019	2
-8.20101	-7.70209	2
-5.5451	2.75203	2
-5.38819	-5.17562	2
-6.67506	-6.79104	2
-1.69502	-0.306404	2
-9.95485	2.90734	2
-6.83533	-11.2744	2
1.97635	-6.41123	2
-2.61794	-5.12108	2
-0.612904	-4.51827	2
-1.28498	-4.83756	2
-9.32107	-8.12372	2
-3.12492	-0.761202	2
-2.49568	-4.45009	2
-3.59063	-6.40155	2
1.71074	-5.37603	2
-12.1554	0.603047	2
-9.98871	-2.97675	2
1.96967	-6.72032	2
-2.38263	-1.43876	2
-0.141121	-7.15664	2
-8.39042	-0.292736	2
-12.9755	-3.59669	2
-9.10729	-6.82909	2
-9.63015	-6.49015	2
-6.49407	-2.56632	2
-8.48854	0.457854	2
-7.88017	-7.4151	2
-3.38918	3.25987	2
4.81335	-10.1375	2
-3.2316	1.49619	2
-1.77992	2.34469	2
-5.2358	-5.36504	2
-1.43519	-4.88365	2
-3.43658	-3.61692	2
-1.811	-8.07892	2
-8.71232	-5.71599	2
-8.08562	-14.6743	2
-4.50634	-8.23838	2
-6.53189	2.43603	2
-5.31649	-2.10346	2
-0.626542	-3.84323	2
5.88564	-5.40155	2
-7.79677	-4.43658	2
-0.665617	-3.38083	2
-5.08994	-7.49415	2
0.382404	-3.84137	2
-5.95152	-7.90413	2
-4.95627	-4.94188	2
0.271855	-4.29369	2
-2.43381	-0.810654	2
-1.2589	-5.84607	2
-5.92108	-1.72406	2
-2.43595	-0.897152	2
-7.4034	-3.46279	2
-0.866616	2.98933	2
-12.4421	-7.63619	2
-0.263531	-0.891343	2
2.28033	-8.07525	2
-2.24798	-6.49692	2
-4.58865	-4.85896	2
-2.48194	-9.44991	2
-14.5968	-10.3474	2
-3.68981	-6.06019	2
-4.41937	-3.11502	2
-5.53924	-1.89199	2
-5.62686	-10.1278	2
-2.23205	-9.6915	2
-4.03962	-9.68516	2
-1.42497	0.986448	2
-2.33451	-8.47035	2
-11.3755	-1.33684	2
-0.581765	-1.12023	2
-6.70523	-3.04024	2
-9.03454	-2.52252	2
-3.2103	-4.20196	2
-3.31285	-10.8886	2
-5.46098	-5.25701	2
4.29754	-13.8643	2
-4.04596	-6.82508	2
2.88685	-6.19091	2
-4.11747	-2.94722	2
0.197029	-0.536604	2
-8.36507	-5.11973	2
-5.77933	2.96031	2
-9.76102	-4.94962	2
-6.29291	-9.78294	2
-2.56305	0.42824	2
0.732773	-3.13875	2
-5.95041	-0.830168	2
-2.47516	-3.60678	2
-8.40438	-9.50253	2
-8.11192	-7.80588	2
-0.613884	-11.3806	2
-0.379437	0.621076	2
-6.17715	2.24309	2
-7.37364	-0.285456	2
-12.7843	2.41067	2
-1.90922	-3.82964	2
2.07107	-3.58136	2
1.60314	-0.451885	2
0.4173	-4.69652	2
-5.03112	0.4	2
-12.1862	-8.09744	2
-1.19484	-5.95206	2
0.892771	-2.96328	2
-3.98213	-1.87242	2
-0.581103	-4.49559	2
-3.54088	-3.60477	2
-5.86198	-2.38435	2
-1.30731	-8.93319	2
-4.60614	-0.0781227	2
-9.89078	-0.0356972	2
-3.39805	0.483445	2
1.18944	-12.06	2
-0.389075	-1.77387	2
-1.74847	-1.73377	2
-4.24255	-0.820776	2
-6.16718	-6.0553	2
-3.98359	-0.123834	2
-1.97062	-9.59414	2
-3.23242	-8.58563	2
-14.8152	3.31766	2
-3.99418	-3.09639	2
-4.96205	-1.21663	2
-6.44915	-1.82936	2
-13.608	-4.13157	2
-1.89889	-1.79479	2
-8.25687	-4.80995	2
-4.1259	3.1445	2
-10.4511	-1.48517	2
-5.11214	-7.95508	2
-0.592344	-5.2314	2
-1.2517	-0.99223	2
-5.38811	2.30553	2
5.99347	-6.97732	2
-7.51561	-0.054508	2
-7.60336	-8.59129	2
-0.586587	-4.86847	2
-3.99625	-4.83153	2
0.70136	-2.82288	2
-8.41209	-5.80675	2
0.0744233	-6.50248	2
-2.86971	-10.304	2
-13.6772	-7.20667	2
0.189055	-2.95214	2
-7.43008	-2.34757	2
-7.42068	-4.03521	2
-5.19132	-2.98719	2
-1.84442	-1.44753	2
-13.5206	-4.14436	2
-2.05844	-1.1917	2
-6.55883	3.67158	2
-5.61582	-2.2222	2
0.298999	-11.1842	2
-8.22973	-0.1448	2
-3.19835	-7.25391	2
-7.07828	-8.85079	2
-3.6383	-1.92493	2
-8.6573	-7.51608	2
-4.38948	-6.03129	2
-4.65385	-6.46495	2
-9.30682	-10.9258	2
1.3512	-7.19021	2
-5.10199	1.5393	2
-10.8705	4.22609	2
-8.80699	-8.8537	2
-8.64758	-1.99933	2
-1.35291	-8.08179	2
-9.8115	-5.51135	2
-5.4562	0.923101	2
-1.39959	-3.95178	2
-5.28964	-1.54587	2
-10.144	-3.13687	2
-3.50345	-0.198571	2
-5.85444	-5.27909	2
-2.37794	-5.66402	2
-4.66781	-4.46967	2
-4.12488	-3.75787	2
-11.4352	-3.93316	2
-2.74609	-1.18024	2
-3.83169	-13.9069	2
0.518844	-3.23148	2
0.105036	-2.54354	2
-6.08976	-4.80594	2
-7.12017	-5.67687	2
-10.0897	-4.11274	2
-5.27844	-4.17415	2
0.668908	0.710327	2
5.18247	-0.369236	2
3.04821	-1.11819	2
7.50206	-8.34409	2
-11.2247	-2.17252	2
-1.74848	-3.33555	2
0.210358	-8.04457	2
-6.80262	-9.98779	2
5.70024	-4.14149	2
-2.07047	1.22102	2
-7.56853	-4.66325	2
-3.32765	-4.13058	2
-6.56897	-3.16031	2
-6.2329	6.5343	2
-4.44536	-2.63306	2
-2.45618	-0.22609	2
-5.01008	-2.93373	2
-0.249379	-4.37814	2
-6.41546	-8.45744	2
-1.98567	-4.19169	2
-4.37766	-10.8516	2
-4.58438	-1.5913	2
-8.7129	-1.35664	2
-1.28762	-0.595551	2
-8.4414	-12.3649	2
-3.88485	-8.30685	2
-5.12723	-8.07006	2
-0.0546459	2.93424	2
0.318927	0.428696	2
-6.15555	-2.65518	2
-5.36242	-0.481185	2
2.41478	-2.01082	2
-10.1404	-2.46312	2
-5.55107	-7.66389	2
3.7203	-8.77566	2
-7.80924	2.81363	2
7.99297	-1.32122	2
-3.37527	-2.04718	2
-3.22203	4.25983	2
-1.9509	-4.01533	2
0.0377127	-1.05593	2
1.35313	-4.85655	2
-3.2012	-9.93706	2
2.01487	-6.4095	2
-6.67935	-5.36096	2
-2.47883	-8.13111	2
-5.0288	-7.85035	2
-3.82816	2.66662	2
-6.90805	-0.333301	2
3.47024	-2.39223	2
-9.45039	-11.0559	2
-3.33419	-0.42106	2
-8.21561	-0.498878	2
-11.9107	-0.717329	2
-5.83009	2.47432	2
-12.0016	-6.65384	2
1.1062	-8.89375	2
0.209565	-6.293	2
-7.39054	-0.807574	2
-6.38525	-2.14226	2
-6.5889	-1.57348	2
-9.88418	-5.19625	2
-2.57802	-5.08029	2
-3.23234	-4.14603	2
-7.87202	-1.06487	2
-6.4702	3.53872	2
-0.302401	-4.27525	2
-7.88165	-14.5128	2
-3.29759	-4.54332	2
-0.909429	-4.80239	2
-6.62538	-0.906331	2
-0.842002	-9.6198	2
-0.464885	0.531438	2
0.513344	-6.3533	2
-5.34587	-3.4772	2
-13.2442	3.79493	2
-6.6137	-7.70398	2
-3.6393	-4.17727	2
-1.34207	-5.77569	2
-2.68158	-6.06857	2
-5.90066	-9.79684	2
-7.09808	-5.37771	2
-4.33621	-1.86066	2
-0.59182	-3.5232	2
2.90789	6.28624	2
-8.19055	-11.3006	2
2.3328	-0.835471	2
-4.57299	7.9003	2
1.99968	-5.18818	2
-0.379455	-0.530843	2
-2.19468	-8.10939	2
-2.81628	-3.52094	2
-3.65503	-3.82162	2
2.42065	-0.72508	2
-3.57766	-0.0839263	2
-10.0633	-1.39053	2
-5.77406	-0.953338	2
2.8392	8.17231	2
1.17381	-8.24015	2
-9.21387	-2.3112	2
-8.83185	-7.00477	2
-2.09434	-2.73945	2
0.929699	-5.84879	2
4.82823	-3.80591	2
-5.78407	-4.22831	2
-5.57997	-7.79206	2
-3.84843	-2.25481	2
-1.99186	-6.86659	2
-3.26788	-5.66401	2
-6.78077	-4.89321	2
-2.29824	-8.74606	2
4.7622	-2.08466	2
-3.71098	-1.92749	2
-9.07101	-3.37525	2
2.28828	-7.01231	2
-1.00703	-6.98433	2
-0.116388	-3.34252	2
-1.64538	1.23837	2
-4.15466	5.03946	2
-5.22996	-2.90889	2
-8.27458	4.31142	2
-4.56428	3.25035	2
-2.97568	-8.1607	2
-6.52093	-7.39081	2
-2.18732	-5.29817	2
-8.08109	-4.55382	2
-13.9399	-7.26964	2
-4.61347	-1.94204	2
-9.47926	-2.88399	2
1.15088	-2.57361	2
-0.0884813	-5.7617	2
-4.91572	2.2872	2
-5.57674	-7.04316	2
2.25766	-4.98478	2
-1.59134	-8.01973	2
5.71512	-6.40139	2
-1.96939	-7.8801	2
-7.71233	-1.3524	2
-0.15337	-5.0151	2
-1.35966	-3.14316	2
-5.56768	-8.40672	2
-12.8832	-10.208	2
-8.7788	-0.599725	2
-3.10717	-3.23626	2
-1.64831	1.23367	2
-4.68311	-1.90201	2
-6.37196	-4.68684	2
-13.2664	-4.77414	2
-7.62107	-7.24326	2
-6.14578	-9.38722	2
-9.29557	-5.68357	2
-0.581126	-6.05784	2
2.56349	-3.80674	2
-2.37279	-3.00103	2
-6.72992	6.26155	2
-6.89932	3.30277	2
4.86139	-4.66097	2
1.6763	-5.85856	2
-2.81416	5.40348	2
-1.33751	-4.57023	2
-11.3054	-9.53376	2
-9.99998	-0.826238	2
-6.16852	-6.75532	2
-3.91449	1.44218	2
-5.73553	-5.01703	2
-1.53802	-2.929	2
-3.99251	-7.1024	2
-2.90568	1.37274	2
-1.84867	-5.67529	2
-12.092	-11.2852	2
-3.87846	-5.5806	2
-9.88976	-6.90175	2
-6.96023	-9.05892	2
2.91867	-7.1605	2
0.577241	-9.15824	2
-8.63843	-3.59543	2
-5.2567	-3.5954	2
-7.04994	-6.9164	2
-5.61884	-0.165393	2
-6.80998	-1.56085	2
-6.41758	1.42615	2
-10.6038	-1.51894	2
-7.31301	-6.37002	2
-1.81083	-5.87992	2
-4.01165	-1.28574	2
-8.22293	2.00638	2
-4.41723	-1.50772	2
-7.06849	1.76391	2
-8.43808	-10.6761	2
-5.3589	-7.94773	2
-2.92386	-6.49005	2
-4.60014	-3.09011	2
-5.72763	-10.7367	2
-2.29686	1.91947	2
-2.98433	1.29112	2
-2.29748	-5.09256	2
-9.40757	3.96952	2
-1.99256	-6.13079	2
-3.26899	-0.160191	2
-6.00745	-3.37859	2
-3.85324	-3.31225	2
0.184318	-0.482943	2
-1.36666	-0.362902	2
-6.84842	-6.12601	2
-14.4854	-2.12636	2
-2.99155	7.21978	2
-1.81897	-4.64945	2
-2.37398	0.600529	2
-12.5272	-2.66309	2
-4.06085	-2.77118	2
-0.31575	-2.22993	2
-12.3131	-10.3317	2
5.87364	-2.20337	2
-1.36595	-7.2442	2
-4.648	-5.27393	2
1.03515	-0.983063	2
0.776461	-4.37827	2
-11.2396	-13.7986	2
-1.04914	-1.86285	2
5.70764	-1.70033	2
-8.11288	-4.78349	2
-10.0024	-8.10531	2
2.38034	-3.89003	2
-7.23346	-4.76808	2
-4.14905	-6.35648	2
-0.25372	-3.78062	2
2.89629	2.16257	2
-4.2151	-3.57003	2
-8.48696	-5.27087	2
1.22581	-5.75471	2
-3.88407	-2.50529	2
-5.43849	-2.41809	2
-6.75989	-2.4623	2
-8.79423	-4.44752	2
-5.66948	-11.3056	2
-0.105654	-9.3918	2
-0.838068	-3.04654	2
2.69549	-5.00154	2
-5.24567	-8.01365	2
-8.11282	-4.29386	2
-5.09669	-1.10088	2
1.63024	-3.85361	2
-2.57396	-4.20798	2
-3.1136	-5.68901	2
1.88084	-7.60739	2
2.25169	-2.35879	2
1.08126	-6.19454	2
-0.00880581	-7.23942	2
-0.763829	-4.12349	2
-9.141	0.14716	2
-4.48252	-6.58052	2
-6.03062	-5.27339	2
-8.6367	1.03032	2
-5.6239	-2.46411	2
0.396738	2.01411	2
-1.22568	-2.15763	2
2.14739	0.451472	2
-9.27401	-3.22637	2
-1.4509	-1.89987	2
0.608585	-6.54157	2
-6.15815	-2.84148	2
1.21832	4.12984	2
-6.18998	-9.90848	2
-4.18961	-8.1278	2
-0.372894	-5.2695	2
5.87278	-3.05916	2
-7.5622	-3.91159	2
-2.02728	-1.57116	2
-15.0782	2.55154	2
-9.13092	-11.271	2
-3.0353	-5.13285	2
1.65464	-6.09434	2
-6.62894	-1.46686	2
-4.85074	-11.0926	2
-11.2812	-2.25271	2
-1.2721	0.131022	2
-8.22951	-4.68099	2
-3.00844	-2.14114	2
-6.15486	-5.86139	2
2.35165	1.2887	2
-5.78418	-6.81636	2
-0.727699	-1.94599	2
-9.39475	-7.2252	2
0.702918	-2.54555	2
-4.60873	-2.66976	2
-9.47304	-7.47212	2
-4.2399	1.41429	2
-6.57259	-2.65934	2
-2.42456	-3.8494	2
-2.40194	-5.46454	2
-2.59318	-1.04882	2
-3.10593	6.00355	2
-5.94955	-6.50278	2
-5.0194	2.20994	2
-10.5613	3.32399	2
-5.59661	-6.58074	2
-0.697532	1.184	2
-1.90756	2.1167	2
-13.2489	-5.33167	2
2.12524	-6.5961	2
-7.81232	-4.14492	2
-4.21586	-0.249259	2
-3.90125	-3.99996	2
-3.0881	-5.33687	2
-8.39949	2.30983	2
-5.33842	-7.77522	2
-7.48695	1.52996	2
-3.78101	-5.27438	2
4.65149	-6.36981	2
-6.90513	-7.52322	2
-10.769	4.88483	2
-4.19756	0.34046	2
-10.7241	-11.4948	2
-3.32321	-1.1707	2
-2.01832	-8.26401	2
2.30814	-6.34013	2
6.10042	0.502842	2
-6.92605	4.9274	2
-2.37628	0.747778	2
4.26566	-10.4404	2
-5.50309	0.481495	2
-6.15423	-0.0821506	2
-2.00635	-1.73379	2
-0.335913	-8.99597	2
-9.52929	-5.60791	2
-5.21396	-9.31825	2
-10.3441	-1.51847	2
-9.65885	-1.86723	2
-1.87485	-7.83029	2
-2.31403	-4.53733	2
-2.04958	0.438324	2
3.76594	-5.10704	2
-5.91508	-0.0858918	2
-2.10014	-9.3	2
-9.81975	-9.76369	2
-1.99166	2.50887	2
-5.02061	0.393392	2
-4.7496	-2.97731	2
2.87046	-4.03627	2
-3.14048	-6.87372	2
-11.7103	-7.65042	2
-5.06338	-3.49733	2
-3.92819	0.662615	2
1.52787	-2.55802	2
-6.10949	-2.90817	2
-3.78005	-8.84173	2
-0.187089	-4.12912	2
-0.883262	-5.5374	2
-8.2739	-2.59117	2
-9.18517	-3.23601	2
-3.56877	-0.852565	2
-7.62035	-2.78321	2
2.52616	-1.92519	2
-10.3315	-1.1667	2
-10.5046	-1.10694	2
-1.55797	-2.54039	2
0.168891	1.4332	2
3.56068	-2.18713	2
3.49144	-5.77295	2
-5.27308	-6.41652	2
-7.01441	6.68538	2
-2.75533	-9.65267	2
5.92449	-7.45449	2
3.66723	-6.22013	2
-2.88049	-3.68174	2
-0.237414	-3.6137	2
-9.19816	-1.01919	2
1.13661	2.00155	2
-10.4421	-3.70333	2
-7.31418	-0.1846	2
-4.87566	-6.44437	2
-5.89846	-1.20382	2
-4.68748	-2.60625	2
-10.8585	-1.22632	2
-7.50369	-6.74584	2
-8.0695	0.497057	2
-3.0746	-4.96339	2
-4.58368	3.51753	2
-1.96159	-2.81542	2
-2.12955	-4.19759	2
-13.517	-7.01444	2
1.99235	-0.590336	2
-8.47103	-2.97879	2
-3.24228	-3.03549	2
1.42972	6.13117	2
2.79704	-2.2667	2
-4.85946	-0.374683	2
-8.08153	-0.713282	2
-4.41018	-7.53592	2
-6.35412	2.95676	2
-0.496999	-2.75257	2
-5.8878	-9.30754	2
-3.97067	-4.81407	2
-6.71319	-1.51208	2
-2.92807	-9.13257	2
-5.00644	-2.40341	2
-6.0843	-1.3764	2
-0.551327	-5.14089	2
4.15169	-4.79141	2
-4.83763	-1.08012	2
-7.51697	-5.02095	2
-3.04187	-2.71523	2
-6.74444	-7.76255	2
-6.71386	-2.68247	2
3.11094	-8.37835	2
-3.4575	-6.47456	2
-6.53799	-4.66836	2
-6.83119	-5.9259	2
-8.52666	-5.97823	2
-0.0310955	-9.31095	2
-3.89952	2.89163	2
-3.18118	-0.289757	2
-2.19113	5.54938	2
-4.03114	-0.0479727	2
-11.1752	-8.29042	2
-8.40484	-8.2435	2
-5.89917	-3.10286	2
-7.00853	-3.70907	2
-7.37203	4.15105	2
-8.87904	0.771653	2
-5.97775	1.54207	2
-10.5181	-0.581919	2
-8.1784	-10.39	2
-8.71638	0.763542	2
-0.621544	-3.81526	2
-2.98559	-6.38224	2
-2.44231	-8.74156	2
-0.796662	-9.32566	2
-5.35916	-1.03297	2
-11.6837	-2.90094	2
-8.42759	-4.97991	2
-4.06968	-3.70337	2
-9.46777	-10.1894	2
-9.25066	-5.51396	2
4.68089	-2.25752	2
-8.19689	-5.74309	2
-6.72784	-4.95779	2
-4.98614	-0.905607	2
-2.05359	1.77021	2
-0.33797	3.70087	2
-4.40827	-4.08145	2
-2.15509	1.47259	2
0.0467376	-3.17187	2
-8.93872	-8.10631	2
-7.15126	-0.996547	2
-2.24283	-7.3627	2
-8.90986	-2.10404	2
-6.77822	-7.1126	2
0.545243	0.284415	2
-11.5805	-4.72264	2
-2.24024	-7.12607	2
9.53391	-4.30376	2
-3.33517	-8.58428	2
-1.83097	-0.480265	2
-1.33332	-3.64642	2
0.954427	-7.3749	2
-8.38038	1.94237	2
-3.91845	-5.39349	2
-10.0664	1.35853	2
-2.97169	0.663747	2
6.48244	-1.02638	2
-0.996541	-6.12028	2
-9.08516	-2.63539	2
-7.80657	-8.73915	2
-1.24619	-5.15004	2
-6.68995	-7.23116	2
-3.84144	-10.5188	2
1.36505	-11.0393	2
-9.15391	-0.820646	2
-4.2487	-4.535	2
-1.6676	-0.0301179	2
-15.5268	-12.1674	2
-8.8989	-8.76195	2
1.99158	-6.58494	2
2.28425	-1.43896	2
-8.39166	-1.44896	2
0.32237	-3.05029	2
-0.605275	2.87149	2
-10.7655	-3.74751	2
-3.48865	-9.12952	2
-13.3701	-2.97393	2
3.27042	-7.04082	2
-1.62735	-3.85473	2
-6.77054	0.735583	2
-6.7062	-5.96499	2
-2.89495	-5.29424	2
-9.67961	-5.40566	2
1.28952	-6.37277	2
-1.45426	-3.27789	2
-4.46641	0.516642	2
-9.54266	-4.01934	2
-5.8649	-6.2746	2
-2.12161	-11.1632	2
3.98975	-0.0321824	2
-4.10971	2.11652	2
0.642532	2.56374	2
-8.49647	-2.5103	2
-4.60144	-5.85885	2
-3.66842	-0.466059	2
-1.02268	2.33251	2
-7.2338	-7.25213	2
-0.16665	-7.59456	2
-5.71856	2.56332	2
-4.97785	-5.30451	2
-8.04749	-0.667535	2
-8.61591	-6.45678	2
-7.00963	-4.49927	2
-7.44965	1.89827	2
1.91479	3.67045	2
-5.02397	-5.7844	2
2.30955	-4.34093	2
-9.71548	-3.71464	2
-2.13112	-8.19196	2
-8.4874	-8.826	2
-5.59756	-11.0251	2
-5.52703	-0.959671	2
-8.94463	-10.0941	2
-0.980969	1.65598	2
1.98351	-1.89992	2
-4.91248	-14.0178	2
-4.08904	-9.68583	2
-4.50208	2.25373	2
-5.92616	-6.47091	2
-8.38379	-0.952616	2
-8.00157	-3.1648	2
-8.56468	-4.40458	2
-0.739178	-2.97599	2
-3.53297	-7.65207	2
-2.3291	-7.27644	2
4.61436	-0.621352	2
-6.58872	-2.50097	2
-6.31709	-4.85854	2
0.908089	-4.77253	2
-0.573325	-10.6801	2
-2.68441	-1.18993	2
-2.29623	-5.69705	2
-4.44004	0.324708	2
-4.28349	-2.35126	2
-6.19081	-8.39135	2
-2.85252	-4.30321	2
-2.07968	3.33374	2
-1.16319	-8.19768	2
-6.72607	-3.57498	2
-5.67573	-0.748455	2
-5.79917	-9.70224	2
-12.3433	-9.28284	2
-3.29463	-2.5929	2
-0.370503	-4.70279	2
-2.05397	-3.10542	2
-4.22114	-1.34024	2
5.55044	-1.11471	2
1.73866	-6.8119	2
-4.36203	-10.7178	2
-9.89912	-9.79712	2
-5.8644	0.888558	2
1.31746	-8.56435	2
-2.32066	-8.16617	2
0.914305	-2.96807	2
-1.36031	-0.607845	2
-1.72268	0.62612	2
2.24251	-6.62632	2
-5.29198	-6.76243	2
-4.74193	-6.74108	2
-12.762	5.75222	2
-3.42763	-10.1986	2
2.58357	-5.69039	2
-2.88379	-3.25443	2
-11.6468	-2.06055	2
0.0857297	-1.9473	2
-7.96245	-0.620379	2
0.274508	-9.98482	2
-1.10597	-12.49	2
3.82986	-12.3009	2
-4.40775	-3.71997	2
-10.7027	-4.34929	2
-3.1017	-3.86827	2
-5.08132	-7.44087	2
-5.23219	-6.08459	2
-5.63262	-1.50953	2
-2.29485	-4.83204	2
3.039	-2.89611	2
-6.19304	-4.84351	2
4.26826	-10.7333	2
1.15573	-9.27393	2
-5.65422	-3.55959	2
-0.117272	6.90983	2
-2.6618	-6.27425	2
-1.97289	-2.45236	2
0.0192055	-9.89495	2
-6.91083	-6.84315	2
-0.177145	-8.58292	2
1.66752	-4.42537	2
0.804737	0.5119	2
-4.9296	-5.78045	2
-0.755473	-11.3151	2
-6.46458	0.773475	2
-5.03018	0.246062	2
0.461781	-5.42487	2
-9.27889	-0.841536	2
-5.0191	4.48821	2
1.51087	-14.6422	2
-1.26206	-5.3768	2
3.76487	-2.73321	2
-7.84068	1.22256	2
-3.40934	-9.79532	2
-6.00958	-3.37615	2
-3.03669	-7.78846	2
-8.51907	-0.2859	2
-4.60383	-5.75041	2
-0.883922	-2.05608	2
-4.20002	0.191878	2
-3.30534	-1.69245	2
-3.8281	-4.64164	2
-1.90885	-4.54042	2
1.54448	-7.16679	2
-3.85772	-7.9004	2
-0.0847921	1.69981	2
-9.41974	-4.80765	2
-1.61939	-1.51397	2
-1.39649	-4.60112	2
-8.04367	-4.14941	2
-6.92243	2.22511	2
-5.6432	6.65045	2
-6.98482	-7.80974	2
-12.5907	-1.76642	2
-1.61989	-6.83173	2
-12.6102	-5.10093	2
-6.48775	-1.79886	2
-2.0534	-6.58882	2
-5.37608	-2.51785	2
-3.41091	-5.19962	2
-8.99246	-3.61722	2
-1.95461	-9.27207	2
-4.30409	-2.60209	2
-7.02503	-9.97213	2
-6.86092	-4.75924	2
-5.81425	5.45366	2
-8.8043	-10.1617	2
1.50938	-3.99054	2
-7.46854	-4.27584	2
-3.64621	-1.04014	2
-5.79042	-1.63911	2
-2.40119	-4.54841	2
-7.38807	-0.266395	2
-5.30387	0.119579	2
-4.60105	3.37768	2
-13.0759	0.561653	2
-4.96255	-2.90351	2
-4.64012	-0.351402	2
-2.03507	-4.61618	2
1.79051	-2.9442	2
-7.1183	-2.99048	2
-4.84414	-3.90465	2
-2.46945	-2.6289	2
0.643932	-0.475433	2
-1.67698	-3.42381	2
0.705001	-0.857845	2
3.38391	0.240224	2
-1.8667	0.285513	2
-7.74298	-0.74676	2
-6.65561	1.44735	2
-4.00903	1.17854	2
-6.24167	-5.3861	2
-4.574	-9.28175	2
-7.66677	-5.31041	2
-4.42848	1.03722	2
-4.42707	-1.22822	2
-2.23817	-9.91818	2
-6.66559	-3.79947	2
-3.90415	-1.76979	2
-3.51492	-3.31682	2
0.516789	-6.30254	2
-6.01018	2.5237	2
-9.5921	-4.82327	2
-4.57111	-8.39207	2
0.267725	1.38987	2
-5.86603	-2.83384	2
-0.375363	-3.66171	2
-6.2853	-1.56858	2
-2.40678	-7.1931	2
-9.95058	-11.3096	2
-7.08461	-6.46939	2
-1.90488	0.765555	2
-3.85846	-14.3177	2
-2.85693	0.292571	2
-11.6566	-1.32411	2
0.355299	-5.26719	2
-3.56004	-4.43353	2
-7.93599	0.817353	2
-2.47848	6.96598	2
-3.23859	-10.827	2
-9.26448	-9.76795	2
-3.24581	5.74681	2
-0.319311	-12.7923	2
-3.74007	-4.56702	2
-16.7586	-6.56627	2
-7.00993	-9.95421	2
-2.82997	-4.98823	2
-1.28006	-2.25095	2
-7.88056	-6.5643	2
-7.1279	-3.09524	2
-6.95019	-9.40816	2
-0.256475	-5.59722	2
-3.75348	-4.57649	2
2.80212	-7.49382	2
-0.36864	-4.9825	2
-5.44541	2.04969	2
0.555906	-5.83854	2
-8.45486	-7.35584	2
0.213377	-9.53368	2
-4.94732	-5.20813	2
-8.16239	-6.11248	2
-0.18812	-2.68614	2
-0.441471	-6.74252	2
-3.36893	-0.915679	2
-0.519265	2.67244	2
-8.91586	-3.44795	2
-1.83252	-2.0339	2
-6.82049	-8.99478	2
-3.03643	-6.02729	2
-7.28587	-6.39615	2
-2.78901	-7.02444	2
-8.46055	-3.9403	2
-1.91301	1.75794	2
-5.1788	-12.3652	2
-7.5836	-5.61947	2
-0.0414865	-7.45073	2
-9.03136	-4.44564	2
-4.1581	-12.7906	2
-7.46007	-5.36781	2
5.095	-6.0077	2
1.94584	-8.51059	2
-7.17676	1.51758	2
-2.13268	2.77835	2
-3.08901	-0.156375	2
-1.49061	-9.09304	2
-3.4782	-3.84959	2
-10.8797	-0.188163	2
-2.16585	-6.7606	2
-2.17944	-4.91651	2
-9.14017	1.86609	2
0.0847017	-13.3086	2
-2.11086	-6.86216	2
-3.25176	-1.11981	2
-0.535041	-0.231525	2
5.18215	-4.04814	2
-1.83663	-8.40886	2
-5.909	-4.52406	2
0.900807	1.37461	2
-7.84307	1.08798	2
-9.26722	-9.76454	2
-3.47382	-6.01383	2
-5.57094	-8.84838	2
-3.94342	-2.96045	2
-0.683338	-6.52446	2
-5.35559	-6.48138	2
-1.74511	-1.3156	2
-4.24511	-4.9479	2
-6.91042	-6.92908	2
-9.54996	-2.65552	2
-7.04769	4.1406	2
1.38643	-5.93565	2
-6.44639	-13.2724	2
0.541299	-7.20671	2
-6.58878	-1.98147	2
-4.67334	-1.27769	2
-1.19944	0.382109	2
-11.2892	-0.411486	2
-13.6255	-1.72954	2
-9.30793	-0.478122	2
2.83154	-6.15389	2
0.927332	-2.90611	2
-1.82007	-2.93264	2
-1.59917	1.53205	2
-11.2238	-8.6692	2
-10.2029	-6.37352	2
-2.18419	0.978725	2
-13.2141	-2.91521	2
-5.37304	-3.2034	2
0.948107	-5.0988	2
-3.47271	4.35021	2
-4.00311	-1.88079	2
1.67936	2.12687	2
-6.08882	-3.49414	2
-6.40168	2.30006	2
-10.4718	-2.54619	2
-7.88011	-5.34777	2
-3.79812	-13.6669	2
-4.84335	-5.59063	2
10.702	-2.78206	2
-3.65883	-2.66188	2
1.86543	-1.7108	2
-10.8232	-4.91865	2
1.01642	0.796655	2
-6.87237	3.72559	2
-3.51533	-4.73138	2
-4.66082	1.84058	2
-0.927923	1.75569	2
-9.09488	-5.15128	2
1.35134	-2.60814	2
-0.461439	-4.68709	2
-0.238132	1.60967	2
-1.99526	-7.52778	2
-3.05246	-3.62974	2
-6.40781	-6.95967	2
-7.15805	-14.6243	2
-5.61821	-6.77225	2
-8.34252	-4.88186	2
-4.47157	-1.47566	2
-3.96467	-2.16854	2
1.81763	-6.26837	2
-5.13825	-12.1267	2
-0.470565	-6.92913	2
-1.6726	-2.29119	2
-6.58491	3.6888	2
-3.6285	-6.02651	2
-8.98254	-3.03909	2
-2.1925	-3.23477	2
-4.32293	-1.84082	2
2.71126	6.30235	2
-2.54019	-4.97377	2
-7.92978	-5.2779	2
1.20601	-6.90975	2
-1.87006	-5.13212	2
-0.162623	-3.30046	2
-4.95306	-9.27856	2
-8.82273	-8.65599	2
-0.993167	-4.35973	2
9.51393	8.83966	2
0.237838	-7.50514	2
-6.61558	-7.02017	2
-2.00874	-4.0374	2
2.2718	-1.19063	2
-2.32261	-3.22596	2
-2.11457	-3.58554	2
-0.988144	-7.82669	2
-3.70403	0.737055	2
-7.04162	-9.33681	2
-12.8812	-2.5382	2
-6.57247	-7.58258	2
-0.999206	-4.11575	2
-3.10684	-11.0976	2
-5.90698	1.92857	2
-2.33248	-6.50323	2
-1.34195	-6.42311	2
-6.51295	-1.69132	2
-4.87721	-5.36914	2
-8.0893	7.26604	2
2.82175	-11.7533	2
-1.30531	-1.85863	2
-12.3362	-2.92985	2
5.11357	-2.66454	2
0.878792	-6.57985	2
-2.34497	-8.62037	2
-0.516445	-14.297	2
-2.63668	-3.32608	2
-4.44674	-9.06475	2
-7.81558	-5.91532	2
-10.4587	-6.56868	2
2.16482	-11.9581	2
1.53906	-9.06804	2
-9.80051	-7.10121	2
-4.19072	-7.447	2
-7.56813	-7.31528	2
-3.89713	-3.22309	2
3.33429	-2.95332	2
-2.73033	-9.65241	2
-5.16359	-5.43042	2
-5.62913	-3.94988	2
-5.40952	-5.72994	2
-4.74918	1.74	2
-2.2568	-8.20436	2
-8.45737	-2.50192	2
-3.91501	-5.99442	2
-5.91027	-6.69696	2
-4.31854	6.62146	2
-2.95472	-3.29962	2
-0.636573	2.27087	2
-6.16429	1.3386	2
-5.68418	-9.78368	2
-7.1395	-3.75663	2
-4.33409	-2.02791	2
-4.42483	-1.1142	2
6.86648	3.31718	2
0.573461	-2.26346	2
-7.01262	-0.00399013	2
-5.1843	-5.24285	2
-6.39296	-2.56867	2
-6.1322	-8.23607	2
-9.44623	-5.98516	2
-0.300904	-4.84133	2
-4.40672	-4.53442	2
-3.79695	2.54586	2
-0.0628841	-7.55464	2
-4.27681	-8.42807	2
2.08865	0.350735	2
-7.61141	-4.59546	2
-4.09862	-7.36923	2
-3.98113	-2.54503	2
-10.0906	-5.01516	2
-3.43002	-6.54633	2
-7.14159	6.53893	2
2.71042	0.962272	2
-4.36711	2.07295	2
-7.56981	-1.48838	2
2.01488	-0.783675	2
-11.5807	-10.2602	2
-5.04947	-8.18179	2
-2.22247	-4.45633	2
-1.01305	-4.44397	2
-6.97675	-11.3802	2
-11.7327	-3.94778	2
-3.40615	-0.307619	2
-1.18496	-5.96939	2
-4.85238	-3.02657	2
-1.88103	0.197631	2
-1.9527	-1.38031	2
-1.2109	-5.65522	2
-4.42067	-0.940116	2
-4.28027	-5.22283	2
-4.49124	-2.39367	2
-2.74978	-11.6328	2
-1.87103	3.41651	2
-4.78861	-10.2414	2
-1.07662	-5.71193	2
-11.7371	-2.83804	2
2.6181	-4.70815	2
-8.46694	0.168826	2
-8.57766	-11.8724	2
-3.91888	-8.44158	2
-6.11235	-6.16865	2
-4.01153	-1.51456	2
-13.3093	-6.95524	2
0.677788	-3.67435	2
-4.86998	-13.3683	2
-7.59702	0.0988462	2
-4.18665	1.39537	2
-6.01545	-0.845152	2
-4.8762	-7.21436	2
-15.0016	-7.78747	2
-8.04899	-1.44889	2
-8.68793	-5.62928	2
0.101518	5.14733	2
-4.72846	-6.06099	2
-7.73739	-6.57287	2
-8.37736	-5.44519	2
1.17317	2.99384	2
-6.7113	-1.78242	2
-4.3471	0.516703	2
0.819925	-3.37463	2
-1.00015	-3.60064	2
-2.63254	-7.93274	2
2.86986	-0.137298	2
-9.73107	-3.27276	2
-2.48901	-3.96039	2
-7.83813	0.979366	2
-8.82733	3.15908	2
-2.50048	-1.27646	2
-8.36704	-6.26175	2
-9.77261	-2.68443	2
-7.19315	-5.78412	2
-6.08714	-2.50821	2
-6.63893	-2.50342	2
-0.592346	-5.15607	2
-5.62629	-11.2751	2
-4.03928	-0.0250325	2
-13.5705	-5.14167	2
-0.957253	-3.65419	2
-10.2226	-8.67302	2
-9.6457	-2.07729	2
1.33277	-5.37711	2
1.70036	-8.80269	2
-6.47311	-5.54535	2
-0.829833	-5.19126	2
-5.90957	-6.77361	2
-9.27762	-6.78756	2
-2.43585	6.11563	2
-9.01026	-0.958545	2
-2.79438	1.82296	2
-2.37096	-8.86577	2
-0.501902	-1.20762	2
-5.88955	-1.35706	2
-4.80213	-4.56636	2
-5.57287	-5.41754	2
-1.47317	-6.08092	2
-2.26307	-13.423	2
-0.943821	-8.50736	2
-6.15699	-8.37086	2
-13.6452	-12.0046	2
-3.91745	-1.05123	2
-4.0911	-8.01474	2
-10.3115	-10.564	2
-5.28194	8.20947	2
-4.86673	-1.16176	2
-6.4273	-1.52532	2
-5.4836	-5.54764	2
1.73508	2.45721	2
-6.42081	-4.76862	2
-4.49617	-3.01096	2
-6.44696	-10.8681	2
-8.76208	-7.54505	2
-1.20033	-1.95126	2
-1.12574	-6.80142	2
3.67465	-9.80885	2
1.19666	-0.367486	2
-5.8267	-1.35857	2
-9.9049	-7.0655	2
-3.39289	-3.43069	2
-0.792857	-7.97667	2
-5.44462	4.47449	2
-4.97692	-4.17997	2
-4.63366	1.49873	2
-4.83624	1.42786	2
-4.85316	-4.19845	2
-3.43093	-8.20933	2
-6.82383	-1.66616	2
-6.26677	-8.43793	2
-3.77601	-3.03547	2
-4.54601	-3.90115	2
-3.84319	1.32039	2
-1.8301	-1.23724	2
-3.80071	2.44121	2
6.89873	1.48486	2
-6.7863	-0.274724	2
-2.67528	-4.43146	2
-7.44362	-4.25089	2
-4.97622	3.46388	2
-5.95589	-5.35924	2
-8.17571	4.95503	2
-9.375	-2.30246	2
-6.2125	3.48125	2
-2.43841	5.85214	2
-6.11184	-2.28738	2
-3.45973	-6.11628	2
-5.31404	-3.55058	2
3.35462	-6.93271	2
-12.0444	-9.7949	2
-0.418776	0.233861	2
-6.40709	-6.70787	2
-3.56271	-3.25284	2
-8.94499	-4.10122	2
-13.1739	4.08721	2
-7.15869	-6.78668	2
-9.23782	-0.527572	2
-0.582801	-3.21354	2
-3.62107	-5.3035	2
-9.02017	-5.00814	2
-3.03982	-10.1688	2
-6.83838	-2.60262	2
-1.41633	-0.0697801	2
0.0146718	-7.27161	2
-8.4999	-2.29947	2
0.935888	-0.547002	2
-3.03104	-4.18975	2
-2.3884	-7.50957	2
0.417073	2.10678	2
-8.0753	-8.39385	2
-1.23952	7.44547	2
-6.88578	0.529827	2
-9.55868	-2.37185	2
-3.41153	0.817166	2
-0.153039	-11.2443	2
0.154105	-0.688431	2
-3.55084	0.399661	2
-11.845	-0.0632329	2
-5.95085	-3.61242	2
-6.05902	-6.03763	2
-0.55485	-7.18932	2
-2.1746	0.205296	2
-0.754685	-6.29164	2
-1.70858	1.44749	2
-6.80782	-4.01233	2
-2.82596	-6.19601	2
-2.85666	0.38853	2
-2.81475	-6.9407	2
-2.93729	-8.87542	2
-7.60564	-7.36041	2
-5.06762	-0.256456	2
-9.12611	-10.2413	2
-8.53427	-0.112923	2
-1.85938	-6.36781	2
-1.46117	-5.41461	2
-1.52512	-14.691	2
-8.78426	-1.46872	2
-7.4985	-4.80114	2
-6.67711	-0.918937	2
-3.73077	-16.276	2
0.726237	-3.62946	2
1.09531	-8.06749	2
1.3778	-4.50909	2
6.33055	2.49565	2
-11.8104	1.9736	2
-11.2114	-8.08353	2
0.893313	-2.0901	2
-1.16019	-8.26862	2
-8.46486	-1.02206	2
-2.27955	-0.997284	2
-4.75007	-5.50527	2
-6.03308	-1.25727	2
6.6957	-8.54506	2
-6.64078	0.320185	2
-6.88414	-5.11338	2
-2.64814	1.68497	2
-5.42732	-12.2309	2
-12.1383	-7.12523	2
-12.8138	3.42566	2
-1.01444	-5.95043	2
-5.28447	-2.28133	2
-3.51775	-5.29827	2
-5.73013	-11.2044	2
-3.20012	-8.70305	2
-0.177674	0.810025	2
-6.45961	-5.15672	2
-4.6208	-2.55727	2
-0.849545	-1.19393	2
-6.53739	-0.441336	2
-7.57555	-1.10592	2
-4.16221	-4.72923	2
2.64867	-10.4009	2
-2.22925	-4.53157	2
1.66466	-5.03932	2
-5.32969	0.172253	2
-6.9958	2.33247	2
0.444568	-5.4343	2
4.37196	3.05564	2
-5.17804	-1.20009	2
-1.15079	-4.19496	2
-1.86665	-8.44308	2
-3.28926	-8.13299	2
0.920296	-3.37837	2
-0.0627237	-5.71969	2
-4.6148	3.15058	2
-11.0709	-3.60992	2
-1.58343	-1.47461	2
-10.8347	0.320159	2
-5.68496	-4.69842	2
3.71512	1.19242	2
-7.72655	-5.04546	2
-2.43523	-0.934997	2
-5.77021	-2.73155	2
-0.336649	-3.67209	2
-4.85096	-3.07872	2
-5.51102	5.31234	2
-7.85661	-8.36823	2
3.6112	-7.38241	2
-2.97078	-2.71488	2
-9.29162	-6.459	2
-4.76975	-3.50674	2
-9.48347	0.467286	2
-9.47565	-0.854546	2
-0.430739	2.25095	2
5.19008	-3.7805	2
-5.24598	-1.97362	2
-6.55616	0.549892	2
-1.85624	2.72927	2
-11.6011	-2.1406	2
-7.05902	-6.84718	2
-4.79879	-4.97994	2
-3.88519	-2.92681	2
-7.04389	3.17896	2
-2.29359	-8.70822	2
-7.56296	1.68441	2
5.68184	-2.25362	2
-4.9248	-1.66155	2
1.08451	-8.67612	2
0.868034	2.26164	2
-0.793897	-1.20262	2
-6.11519	-8.39424	2
-6.00405	-4.09356	2
0.586932	-7.95949	2
-3.12201	-7.46919	2
-3.73815	-5.84421	2
-8.86831	4.22244	2
-2.53769	-4.39573	2
-7.70851	-0.895797	2
-6.25792	-0.355582	2
-5.71653	-6.19241	2
-11.4921	-10.3123	2
-1.85472	-10.7879	2
-0.682507	-11.495	2
-2.20995	-1.51104	2
-15.2302	-3.85879	2
-3.36312	-2.56545	2
-4.95597	-3.52754	2
-6.3914	-10.0263	2
-9.79269	-0.456396	2
-1.56297	-4.05257	2
-6.06006	-4.45325	2
-1.18747	-4.40872	2
-11.4279	0.151694	2
-9.08878	-4.47165	2
-6.47385	3.7229	2
-12.4081	1.15473	2
-2.7346	0.0827423	2
-4.45683	-5.31696	2
-8.1744	-0.59375	2
-4.04924	-5.39835	2
-0.319585	-4.14969	2
-3.74406	-0.899617	2
-5.41865	2.88296	2
-8.40765	-4.23646	2
-2.95755	-5.94654	2
-6.00439	-2.44659	2
-5.39052	-3.49573	2
-1.10171	-1.37024	2
2.71583	-0.0547488	2
-1.48521	-5.72842	2
-8.12103	-0.786975	2
-5.87536	-4.93131	2
-5.2381	-9.27786	2
2.54595	-0.781296	2
-7.04874	-2.90982	2
-6.04443	-4.83939	2
-3.5288	-4.82711	2
-2.28819	-6.5835	2
-5.09926	1.45047	2
-6.43076	-1.29406	2
-8.84623	-2.36408	2
-4.4003	-3.94972	2
-3.46645	-2.78969	2
3.89519	0.974884	2
-0.331932	-4.62281	2
0.748715	-1.4579	2
-6.44805	-5.00505	2
-0.47804	-4.37518	2
-6.12423	-6.87572	2
-8.81211	-2.84651	2
-5.15115	1.52657	2
-12.954	-2.88228	2
-4.34561	1.21771	2
-3.90049	-4.77237	2
-0.124015	-1.29537	2
3.5146	-11.3379	2
-3.46045	-6.72096	2
-5.64645	-6.20652	2
3.2593	-1.00029	2
-3.08758	0.669441	2
-2.53486	-7.40834	2
-2.57709	-0.856349	2
-1.1641	-4.85145	2
-1.47355	-4.51698	2
-4.49468	-7.82275	2
-8.39105	2.30853	2
-3.81856	-0.72396	2
-3.00604	-9.61962	2
-9.92442	-10.8278	2
2.10943	-7.70638	2
-0.144191	-2.48639	2
-10.5557	-1.03015	2
-12.0892	-4.89527	2
-3.93119	-3.62129	2
3.19646	-3.1431	2
-4.6009	-3.14598	2
-2.09664	-5.6721	2
-2.51049	3.24613	2
-7.15019	-4.55862	2
-10.3542	-6.24469	2
-4.88823	5.90923	2
3.15526	2.36955	2
3.39114	-0.576089	2
-4.90501	-5.54493	2
-5.42303	-3.0256	2
-5.9533	-2.12111	2
4.77541	-7.89596	2
-1.2634	-4.88403	2
-3.5476	-4.1189	2
-4.46696	-4.76631	2
-14.0051	-2.49116	2
-6.80692	-5.91807	2
-3.03872	-11.9392	2
-5.96136	-7.8315	2
-10.7327	-11.2227	2
-7.03294	6.12238	2
-4.21291	2.49057	2
3.10945	-7.95896	2
-3.75446	-5.65343	2
-1.82818	-4.47973	2
-5.15857	-3.48058	2
-3.92925	-2.38082	2
-6.51597	-5.02041	2
-10.1995	-8.05458	2
0.520437	-3.39142	2
-4.19046	-4.29478	2
-3.67876	-11.3662	2
-2.60596	-3.71115	2
-8.79583	1.66718	2
0.120603	-14.174	2
-8.47662	-5.03205	2
1.75526	-3.75022	2
1.01392	1.55355	2
-4.41819	-0.0598816	2
-3.40354	-7.05732	2
-2.32001	-6.86466	2
-3.68315	-7.43998	2
-5.87085	-5.8113	2
0.342384	-6.96756	2
-5.15764	-6.97098	2
-5.2139	-5.49618	2
-2.15783	-13.6913	2
-7.29325	-5.65026	2
-0.886226	3.14868	2
-5.26363	-6.29612	2
-5.37656	-7.44524	2
-4.97279	1.33943	2
-4.50771	-5.19872	2
-4.83851	-0.412314	2
-1.79094	-1.03951	2
-6.0207	-3.24073	2
1.44099	5.25088	2
2.48146	-1.88742	2
1.79654	-4.02176	2
-5.3603	-2.71891	2
4.21755	0.942452	2
-4.48925	-0.910966	2
-4.23014	-8.58393	2
-4.56451	-3.78283	2
-0.714228	-7.19841	2
-4.10602	-3.01903	2
-3.10847	-4.87293	2
-2.75761	-0.899036	2
-6.12959	-3.32682	2
4.29715	-6.80427	2
-10.7648	-6.82459	2
-14.7933	-5.4843	2
-12.1331	2.01027	2
-4.36431	-0.225988	2
-10.3025	-7.61044	2
-9.48435	-8.49447	2
-5.20467	-4.50973	2
5.01222	-9.74071	2
-9.6396	-2.75611	2
-4.38263	-3.33121	2
-1.42464	-2.24763	2
-1.11352	-1.69106	2
3.9158	-0.417693	2
-10.0908	-1.64955	2
2.85531	-9.64072	2
1.70599	-5.58999	2
-4.20274	4.37872	2
3.50385	7.78246	2
-5.11569	0.793494	2
-6.91216	-5.85537	2
-9.08074	-7.44467	2
-10.2619	-8.11054	2
1.77333	-1.51522	2
-5.54205	-7.05264	2
2.7886	-3.03307	2
-2.87837	-3.45435	2
-3.1233	-8.88768	2
-2.43679	-12.1366	2
-8.08569	-0.35069	2
-9.42452	-0.759364	2
-0.255737	-8.14638	2
-4.41539	-0.480567	2
-6.77294	-5.20909	2
-8.21325	-8.90686	2
-7.73017	-5.0375	2
-0.290895	-8.57215	2
-6.75481	-1.6761	2
-1.83253	-10.3168	2
-0.402609	-9.81694	2
-6.47077	-5.58327	2
-3.51174	-5.08369	2
-1.35015	-10.6906	2
-6.2934	-1.11402	2
-8.40383	-5.15742	2
-3.18056	1.39967	2
-3.92285	-6.38814	2
-13.1942	-12.3123	2
-0.607564	0.486962	2
-0.310544	-2.04213	2
-6.39426	-1.81474	2
-9.26778	5.08474	2
-3.95189	-4.83891	2
0.923291	-2.28525	2
-5.32335	-12.0006	2
-3.05586	-8.99395	2
-6.9543	-5.63322	2
-0.175766	3.52434	2
-9.72478	-2.12063	2
-5.62845	-8.05044	2
-0.5563	-5.40421	2
-8.29037	-4.56469	2
-0.888974	-0.163192	2
5.11359	3.59417	2
-3.74303	-3.12499	2
-5.41359	1.14474	2
-8.41059	-9.64487	2
-3.94898	-7.41003	2
-10.4525	-4.87047	2
0.399649	-3.57309	2
-8.1952	-5.66782	2
2.70958	2.63646	2
-9.99946	4.80136	2
0.836325	-11.9809	2
-5.98694	-4.66215	2
-4.86665	-6.4222	2
-0.272121	0.0975425	2
1.53584	-10.2455	2
-8.65925	-5.79524	2
-3.59003	-1.51568	2
-11.1976	-7.7522	2
-8.17236	-5.84205	2
-5.20762	-8.80375	2
1.74467	-5.78675	2
-3.73792	-10.0323	2
-8.61294	-9.00672	2
-7.30023	-3.65571	2
-5.90394	0.823861	2
-8.20114	-6.45618	2
-6.12112	-7.13786	2
-1.66458	-10.3002	2
-9.91284	-0.440132	2
-2.68702	-5.71497	2
-9.18928	-5.87395	2
-4.55475	-2.0513	2
0.186401	-2.55869	2
-3.11101	-6.51628	2
-5.55745	-13.7845	2
-5.05666	-8.88512	2
-0.188547	1.14442	2
-4.25833	-3.53831	2
2.34676	-2.40233	2
-10.5605	-6.24986	2
-7.60732	-9.32372	2
-4.65317	-6.23241	2
-0.173784	-0.301269	2
-5.99258	-5.39169	2
0.880658	-2.92925	2
-5.3873	4.51664	2
-10.5339	-6.66702	2
-1.62797	-3.58786	2
-2.10077	-6.62982	2
2.87644	-8.13242	2
-7.23687	-6.6786	2
-4.30624	-8.51955	2
-0.35436	-2.28775	2
-0.162325	-2.99715	2
-4.68021	-10.7722	2
-4.18098	-3.20112	2
-1.49917	-3.61158	2
-14.7528	-9.33023	2
-6.96408	-9.25368	2
0.565847	-7.74962	2
-5.22965	0.911615	2
-3.37386	-6.3171	2
0.135093	-3.59531	2
-1.29554	-5.31278	2
-1.42069	-3.39078	2
-6.55402	-9.27323	2
3.43604	-7.20966	2
-6.58852	-3.4206	2
-4.09453	-0.176754	2
-4.0701	-0.805864	2
-4.6449	-9.63133	2
-7.89835	-6.3924	2
-8.00628	0.509952	2
-6.12207	2.34007	2
-3.71504	-8.92661	2
-9.33923	-0.498049	2
-1.89281	-0.808005	2
-4.74032	4.90313	2
-3.5576	0.0289076	2
-3.45219	-1.63911	2
-6.04686	-3.23683	2
-4.01775	-5.96298	2
-0.89752	-3.22258	2
-7.43071	-11.0636	2
-1.0661	-3.82433	2
-6.87806	-10.8226	2
-6.00224	1.60725	2
-3.65955	-8.75885	2
-9.65366	-5.65982	2
-4.68105	-5.56507	2
0.210098	-7.18284	2
-6.20632	0.404988	2
-9.66362	-4.10125	2
-1.96468	2.12445	2
-6.97308	-6.01121	2
0.500131	-1.45098	2
-6.08587	-10.7015	2
-7.07556	1.29252	2
-1.7603	-8.29668	2
-7.40808	-6.09083	2
-0.00356034	4.48415	2
-7.87491	-4.91402	2
4.15983	1.59207	2
-6.94022	-11.5574	2
-3.93683	-0.407288	2
-11.2734	-2.47648	2
2.21594	-3.33966	2
-4.26838	-10.4484	2
-3.65266	-6.80964	2
-5.48945	-1.23045	2
-1.59013	2.24546	2
-0.710203	-5.2748	2
-5.44348	-7.75702	2
1.44034	-6.79157	2
-0.696682	-3.57503	2
-4.37819	-12.234	2
-5.75295	-9.96547	2
-3.67631	-5.48348	2
-6.8786	-11.4091	2
-8.97057	-6.29554	2
-7.46712	-3.9539	2
-0.324232	0.242635	2
-5.52131	-4.09845	2
-9.21317	-5.8882	2
-0.677862	-0.866889	2
-2.88148	-1.57283	2
-2.19332	-8.24985	2
1.77791	-4.76752	2
-0.89891	-2.15228	2
-7.29159	-3.39513	2
-1.22202	-0.22705	2
-8.40417	-3.74302	2
-3.01663	-3.08726	2
-4.53799	-1.75187	2
8.14128	-6.12022	2
-5.75297	-0.403033	2
-6.60493	-0.636324	2
-2.35659	-4.39931	2
0.0115853	-9.96818	2
-2.83178	-0.56694	2
-6.90816	-1.90241	2
-3.72299	-6.75951	2
-11.5991	-11.5818	2
-1.30806	-3.64795	2
-5.91354	-6.70156	2
-4.63819	-4.73529	2
-1.60774	-8.58818	2
-4.57868	-3.21622	2
-2.10853	-2.80679	2
-4.21925	-8.68271	2
-6.71861	0.33771	2
-9.57944	-3.74519	2
-5.56458	0.259703	2
-5.42134	-0.833953	2
-2.14366	0.464462	2
4.45351	-4.75825	2
-6.98742	-3.48032	2
7.13379	-4.645	2
2.70922	-5.57721	2
-5.37782	3.76061	2
-3.2315	-6.7627	2
4.85291	-0.114143	2
-6.82638	-0.0733479	2
-14.0586	-6.47842	2
-3.28961	-3.8941	2
-5.69394	-1.77193	2
-4.93473	-4.41795	2
-1.76678	-4.83718	2
-1.17872	-5.20141	2
3.70203	-1.30146	2
2.89797	-2.56559	2
-6.75064	-1.20464	2
-3.44757	-3.30001	2
-2.31214	1.31105	2
-7.47848	-0.709466	2
-4.47655	-0.173171	2
-2.69529	2.60868	2
-11.235	-3.8107	2
-2.22276	-6.86213	2
-1.35181	0.700584	2
-1.59183	-6.27381	2
-8.39475	-2.70597	2
-3.25548	0.703027	2
-0.774012	-1.79395	2
-16.6787	-9.09751	2
0.722629	2.14225	2
-5.89869	-1.41915	2
-8.53862	-6.26878	2
-5.34264	-0.850296	2
-9.81889	-9.34136	2
0.664561	-0.514102	2
-14.2147	0.867955	2
-4.35589	-0.0258151	2
-0.73056	-4.28427	2
-6.72283	-2.56162	2
-12.4462	-2.09891	2
-4.98599	0.555412	2
-3.54042	-6.01063	2
-12.2806	-2.45893	2
-2.05348	-1.25361	2
2.3512	-4.57852	2
2.97247	-1.60885	2
-4.97004	-4.92519	2
-8.94049	-11.3049	2
-6.97815	-4.83776	2
-3.12454	-3.92785	2
-5.47976	-6.15594	2
-7.67445	-5.50916	2
1.8605	3.74254	2
-1.75364	-10.7953	2
-7.45526	-0.275918	2
-3.21864	-5.27639	2
-13.7483	-5.86039	2
-1.55517	-14.3192	2
-8.28457	-3.87677	2
-2.97781	-4.33148	2
-5.67859	-5.33872	2
-4.36283	-3.24763	2
-4.66401	-6.85645	2
-0.250338	5.53186	2
-5.50785	-4.53233	2
-11.657	-2.56017	2
-4.46326	-4.25775	2
-2.06442	-7.40353	2
-6.83228	-2.91548	2
-6.93244	-4.59277	2
-5.98999	-8.99709	2
-7.50218	-4.04445	2
-5.06742	-10.005	2
-8.6196	-2.80318	2
-8.22115	-0.207601	2
-17.7379	-4.64238	2
-4.35009	2.16654	2
-7.72497	-13.8811	2
-1.95274	-5.24073	2
-5.22685	-11.137	2
-4.26238	-2.37336	2
-7.13424	-12.7268	2
-8.0989	-1.60204	2
-6.05206	-1.80145	2
-3.13631	2.3653	2
-1.86832	-2.50753	2
-7.8422	-6.08427	2
-2.81755	-7.52013	2
-0.438828	-4.30184	2
3.60955	-1.93842	2
-10.1869	6.77855	2
-5.17251	-5.77066	2
-2.33918	-5.75834	2
2.14047	-8.72167	2
-3.69365	-11.4197	2
-4.12891	-7.97575	2
-7.82508	-1.03327	2
0.167	-1.66965	2
-3.13761	-3.19751	2
-0.235234	-8.7772	2
-7.68363	6.31043	2
-6.28209	-7.22379	2
-8.98741	-6.77981	2
-10.2144	-0.599829	2
-4.568	-4.97598	2
-3.711	-1.8861	2
-1.04606	-4.55251	2
-3.38322	-4.17586	2
-8.68774	-0.209374	2
0.29597	-4.49742	2
-2.64016	2.31839	2
-6.88118	-0.105174	2
-6.07162	-4.24454	2
-2.95257	-3.42293	2
0.253744	-0.974861	2
-4.93067	-4.35386	2
-2.38687	-0.316734	2
-4.77652	1.80686	2
1.32071	-5.77109	2
-0.00407011	-7.47607	2
-9.69915	-0.985287	2
-7.16128	-2.22208	2
0.135279	-3.27755	2
-3.40191	-5.62684	2
-7.05327	-0.490026	2
-1.06895	0.186547	2
-1.17491	5.13694	2
-5.18602	-3.21706	2
-0.150853	-4.98582	2
-0.639886	0.270086	2
-7.74381	-5.95628	2
-5.42248	-10.9646	2
-9.12585	-8.82086	2
0.51541	-7.23327	2
-3.63618	-11.697	2
-10.1669	-4.19892	2
0.0775237	-3.56117	2
1.12992	-8.16027	2
2.84228	-4.91246	2
-15.15	-4.59286	2
3.19781	-6.96557	2
-5.88828	-3.47384	2
-4.36437	-2.77179	2
-12.535	-1.82942	2
-4.5046	-0.0107658	2
-6.12785	-7.85673	2
-3.20567	-3.76426	2
-5.2984	-8.5655	2
-3.78662	10.9422	2
2.37754	2.80651	2
-0.740089	-3.8426	2
-4.24652	-2.96553	2
-0.884513	-1.36419	2
2.54738	-5.00066	2
-2.55276	-2.77091	2
-1.89198	-8.95217	2
-4.87471	2.46415	2
-4.68628	-3.77676	2
-5.87276	-3.82009	2
-5.27735	-10.9643	2
-4.81185	1.5194	2
2.01719	-5.11851	2
-9.67102	2.20662	2
-8.90105	-3.62145	2
-0.00434692	-3.53052	2
-8.56256	-4.37112	2
-5.44877	-1.90998	2
-10.5304	0.252688	2
-4.00297	-3.90935	2
1.03543	1.38033	2
-1.30396	-12.7445	2
-0.962397	-7.41444	2
-2.53111	-2.42312	2
-6.36537	-6.25267	2
-7.52213	-6.13071	2
-5.89787	-4.13361	2
-5.85549	1.54492	2
-7.63814	-2.71997	2
-2.09589	-8.1011	2
-2.65036	-1.32771	2
-2.1355	-0.360882	2
-6.54384	-9.67218	2
-7.30823	-0.819502	2
-6.16778	-5.17537	2
-6.74183	-7.80544	2
-2.49686	-7.42775	2
-7.00407	-4.2174	2
-13.3147	0.676032	2
-9.7458	-0.864882	2
-7.40448	-5.75144	2
-5.09411	-3.69931	2
0.568223	-4.60261	2
-2.36376	-12.8981	2
-9.25684	4.43399	2
-12.0946	-6.29031	2
-8.99263	-9.81403	2
0.99477	-5.56833	2
-7.01019	0.0495732	2
-1.39352	-3.44989	2
-1.69248	-9.4396	2
-6.25516	-5.09912	2
-6.61034	-6.24168	2
-6.32129	-4.60988	2
-2.1578	-7.08466	2
-8.33375	-6.95741	2
-3.89306	-1.0944	2
-7.11312	-3.18346	2
-1.80847	-0.693088	2
-13.0119	-5.9798	2
-9.85637	-6.44381	2
-9.78557	-6.17495	2
-1.95435	-2.34236	2
-2.85673	-4.3753	2
-2.45559	-4.5645	2
0.620961	-1.65075	2
1.22674	1.56141	2
-2.85196	-2.3246	2
-8.4481	0.973212	2
-4.07126	1.4049	2
1.87013	6.0388	2
-1.34205	-4.29851	2
1.5536	-4.76068	2
4.35269	-6.1108	2
-4.50304	-4.48645	2
-1.95452	-8.93901	2
-2.3795	0.669732	2
-5.47942	-1.05696	2
-0.127531	-4.57897	2
-11.507	-6.14904	2
-8.29365	-4.14791	2
-4.18123	-10.0812	2
-8.14233	0.392924	2
-3.36962	-5.09373	2
-9.95222	-15.6461	2
-8.33601	-5.44314	2
-4.09528	-3.83097	2
-6.04849	1.28204	2
-0.413135	-1.83113	2
-13.5643	-9.23116	2
-8.24736	-9.34937	2
-3.60233	-3.70137	2
-3.40908	-0.520982	2
-5.0798	-8.38634	2
-6.1336	-4.88262	2
-4.61763	-8.23631	2
-3.25285	1.04527	2
-0.969336	-0.543863	2
-4.18618	-13.5542	2
-2.97756	-7.21011	2
-7.81734	-0.0515599	2
-4.33957	-5.93608	2
-9.21102	-0.607065	2
-7.11336	-5.91776	2
-5.0626	-5.92597	2
-6.6445	-0.380928	2
3.58589	-5.16429	2
-11.1991	-2.09293	2
-4.49809	-7.75236	2
0.830001	-9.89261	2
-3.17544	0.977835	2
-0.175426	-1.07709	2
-8.65112	-2.21687	2
-0.764086	-5.14499	2
-6.03309	3.2032	2
-2.91799	-14.763	2
-3.27438	-6.64349	2
1.64444	-8.3663	2
1.27275	2.5483	2
-4.9413	-6.68499	2
-5.64444	-4.44366	2
-5.02767	1.75617	2
2.00801	-10.1958	2
1.25905	-0.937566	2
-3.03505	-6.27356	2
-2.53155	-10.7974	2
-3.9495	2.34093	2
-5.06818	-1.92924	2
-4.38889	-7.74271	2
1.13025	-1.93964	2
3.63388	-6.87813	2
-4.79918	-6.1484	2
-0.159444	-2.76082	2
-3.27952	-2.1242	2
-2.22415	-5.98658	2
1.36289	-6.62795	2
-7.23827	2.91763	2
-8.61487	1.38707	2
-6.1254	-3.71593	2
-3.95103	-7.29463	2
0.427382	-5.03558	2
-4.93942	-3.20001	2
1.54047	-2.95055	2
-4.80811	-2.88781	2
-3.77185	0.516282	2
-1.2642	-12.2995	2
-1.21512	-3.35576	2
-3.14799	0.181113	2
-5.08885	0.0674338	2
-5.10125	-7.85025	2
-0.303926	-5.39198	2
-2.82467	1.84669	2
-4.55349	-0.80105	2
-0.392291	-6.88878	2
-2.16441	-6.78303	2
-6.10471	4.97813	2
-1.67035	-4.77586	2
-5.11692	-1.67324	2
-7.84655	-1.59307	2
-11.0691	0.703578	2
-7.9593	-10.8487	2
-5.55773	-4.35872	2
-4.71855	-4.44937	2
-6.19018	-8.72829	2
-4.66502	-11.9217	2
-9.97649	6.72222	2
-2.55194	-6.50177	2
-3.68471	-3.55474	2
-5.47293	-0.73989	2
-6.77931	0.421834	2
-3.81453	-6.13669	2
-6.23938	-5.33044	2
3.6951	-9.46922	2
-4.80499	-2.72615	2
-7.50974	-4.35652	2
1.9518	-1.31626	2
0.868585	2.77319	2
-7.28966	0.23347	2
-1.39928	-4.47136	2
-5.19106	-4.24298	2
2.06015	-1.43193	2
-6.57115	-4.54429	2
-0.249539	-1.80153	2
-12.9447	-7.76845	2
-4.87136	-6.9348	2
-4.27589	-3.31242	2
0.894507	-2.89641	2
-1.7574	-7.05053	2
-6.7267	0.688523	2
-2.93815	-9.99211	2
1.86912	-4.48931	2
-4.39425	-7.04683	2
-6.13198	-6.81811	2
-8.4729	1.85856	2
0.587464	-0.95966	2
-1.65323	-6.94496	2
-8.78421	-10.1656	2
0.0821758	-7.18672	2
-6.36186	-4.20843	2
-10.9163	-3.72258	2
-4.37841	3.52017	2
-4.33335	-8.51699	2
-3.01206	-1.47423	2
-7.75938	-1.42787	2
-12.195	-1.28788	2
-0.904868	-10.8394	2
-8.18007	-8.41711	2
-6.08163	-6.48466	2
-6.67879	-4.8118	2
-3.59356	-0.559112	2
-2.56161	-5.69969	2
-3.36408	-6.77554	2
-12.4379	-5.00171	2
-4.36849	0.773402	2
-4.99322	-8.09154	2
2.71268	-4.84707	2
-5.39067	-9.0824	2
-3.62523	-0.871294	2
1.88615	-5.60687	2
-2.58018	3.07327	2
-4.56214	-5.19473	2
-7.72287	-1.64301	2
-7.44486	-2.05372	2
3.84002	-8.6809	2
-5.26627	-8.80328	2
0.479433	-6.78809	2
-6.18186	-7.95823	2
-5.64696	-0.390395	2
-0.439142	-8.18204	2
-7.81735	-8.64423	2
-9.2001	-4.91682	2
-5.80669	-1.05774	2
-6.05811	-3.66985	2
-1.39782	-7.96578	2
-4.66909	-3.3199	2
-8.30819	-2.70837	2
-6.90809	-4.14103	2
3.36568	-8.77458	2
-7.38513	1.49781	2
-2.10849	-0.0756778	2
5.21512	-3.57592	2
-4.8478	-5.66051	2
7.29861	-4.75822	2
-4.87804	-1.61346	2
-0.549187	-8.20877	2
-0.0525516	-1.31594	2
-5.85061	-7.10609	2
-8.76827	-1.42296	2
-11.4757	-0.0458839	2
-7.76297	-5.7378	2
-5.84595	2.49014	2
-13.7502	-2.47532	2
-2.29243	-5.148	2
-1.93084	-2.07035	2
3.98152	-6.58297	2
-0.109444	2.60747	2
0.943798	-3.09027	2
-5.53407	-8.00384	2
1.15932	-1.32658	2
0.0444733	-2.39614	2
-6.55292	-5.69007	2
-0.251613	-3.64308	2
1.19541	-10.8131	2
-10.2184	-2.8039	2
-5.55806	-10.0757	2
-3.19275	1.28278	2
7.04979	-5.1428	2
-4.61009	-7.8446	2
1.15181	-6.5986	2
-1.52358	2.47112	2
-5.2903	-8.82273	2
2.18243	-4.60275	2
-5.98114	0.0572299	2
-7.63578	-0.543018	2
-9.41443	-10.1287	2
-1.17697	-4.59239	2
1.77105	-8.84057	2
-5.09006	-1.87624	2
-4.39045	-1.51586	2
-1.36733	-4.30907	2
-6.13829	-2.21155	2
-13.7749	-7.47035	2
0.161702	-9.86255	2
1.75985	0.0573284	2
-4.29642	-3.52941	2
-4.86276	-7.58373	2
4.45588	-9.17355	2
-7.74034	-7.07082	2
-4.24411	-2.16833	2
-9.92683	3.06518	2
-12.6539	-5.54601	2
1.65979	-0.941269	2
-0.688999	-2.42478	2
-2.40445	-4.20747	2
0.100828	-8.40092	2
2.00154	-2.90758	2
-8.20977	-4.14197	2
-10.0966	1.85497	2
-3.49745	-5.10054	2
-4.74808	-3.85518	2
-3.05204	-4.18213	2
-4.02446	-8.11864	2
-2.26836	-5.28948	2
-3.24809	-5.43999	2
-2.41037	0.729677	2
0.571232	-3.60003	2
-5.16277	-5.70099	2
-6.87612	-6.81133	2
-6.9986	-3.17384	2
-2.00644	1.02509	2
-8.1094	-2.93491	2
-1.56769	-5.89943	2
-7.44987	-4.17825	2
2.39419	-1.97165	2
-3.51616	-10.7767	2
-12.6095	6.5206	2
-7.29706	-5.99023	2
-0.258202	-5.17157	2
-5.70536	-8.73601	2
-1.54956	-1.28859	2
1.94755	-0.264051	2
-8.49885	-3.21012	2
2.61117	-5.78534	2
-7.30493	-3.35795	2
-7.6127	-5.15376	2
-2.84583	-1.99109	2
-7.78614	-9.8952	2
-10.7426	-6.00889	2
-4.28602	-0.234271	2
-3.27633	-5.41342	2
0.450825	-4.00772	2
-2.83797	-10.3355	2
-1.52513	-2.0803	2
-2.45097	-7.90424	2
1.89996	-0.918922	2
-1.04909	-3.28795	2
-1.85425	-2.24156	2
-0.531942	-12.1117	2
-11.3307	3.04013	2
-4.92028	-1.1518	2
1.07696	6.50554	2
-3.20682	-4.63153	2
-6.14902	-10.6596	2
-2.66757	-3.72642	2
-5.904	-4.0912	2
-8.74487	-11.2379	2
-2.55065	4.40304	2
-3.72794	-3.1857	2
4.42557	-4.47514	2
-0.808755	-3.01733	2
-6.62719	-4.26229	2
-3.04372	-0.347242	2
-2.05933	0.0821323	2
-5.48189	-6.8965	2
-7.40853	-5.9684	2
-6.72181	-1.82999	2
-1.98593	-1.74463	2
-2.37884	-7.54763	2
-8.76024	-2.32486	2
-7.80713	-6.21367	2
-4.1535	-3.16675	2
-6.13879	-5.05406	2
-5.5817	-0.344932	2
-7.39572	-5.32693	2
-2.7728	-0.319897	2
-10.2895	-8.15433	2
-8.92221	-3.04844	2
-3.05846	-1.52837	2
-7.18134	-4.96596	2
7.30333	-5.74819	2
-0.509091	-3.6133	2
-9.50452	6.12081	2
-6.2503	-8.09982	2
-2.66439	-1.50545	2
-7.15902	-7.32714	2
-5.91831	-2.94081	2
-7.6638	-6.12315	2
-5.77486	-6.02962	2
-0.595012	2.05691	2
-5.19618	-3.95801	2
-4.08408	-6.95246	2
-11.7467	-0.651265	2
-4.33781	-8.98752	2
2.32713	-2.5181	2
-0.484936	-6.73482	2
-6.64536	-5.25237	2
-3.4677	-4.55304	2
-6.09275	-4.52855	2
-2.02516	1.02776	2
-11.1035	-6.09043	2
-3.17048	-8.68106	2
-5.90406	-9.896	2
-4.81814	-2.69853	2
-2.62432	-5.42625	2
0.705858	1.02108	2
-10.0878	-4.84489	2
-14.0688	-0.90075	2
-7.70084	1.39092	2
3.4857	-3.26341	2
3.86453	-3.91649	2
-4.8334	-1.18282	2
-7.60183	-2.20357	2
-10.7375	-0.413228	2
-3.90045	-5.4966	2
-8.79772	-4.3393	2
2.46475	-3.47362	2
-3.60408	-9.13261	2
-5.41728	-8.64828	2
-3.11186	-5.47342	2
-6.83055	-8.62733	2
6.34741	-0.799678	2
-9.02801	-3.74411	2
-12.9283	-4.87738	2
-3.78408	-2.82817	2
-1.37139	7.63802	2
2.50049	-4.14731	2
-4.44943	-6.74427	2
-2.56435	-6.65473	2
-2.4227	-7.95399	2
-4.12106	0.0700509	2
-2.08066	-4.3105	2
-0.460588	2.50227	2
-10.6915	-1.51108	2
1.86036	-7.5654	2
-5.97867	-10.891	2
-7.43135	-0.625147	2
-7.71232	-8.89495	2
-11.3924	-4.29396	2
-4.43164	-6.38997	2
-0.76348	2.90088	2
-6.05035	-1.3897	2
-7.88587	-2.45352	2
-6.20035	-8.1155	2
-5.72351	-7.48029	2
-5.97508	-5.04506	2
-7.68098	-2.41972	2
-5.7486	-3.04786	2
-4.5161	6.60723	2
-8.91713	-2.54287	2
-2.87231	-3.34596	2
-3.14492	-9.24464	2
-1.56531	4.73839	2
-3.29929	-0.0209206	2
-1.08041	-5.46362	2
-10.5226	1.93859	2
-1.12152	-1.21101	2
-4.43856	-2.8079	2
-0.233019	-1.7934	2
-4.02753	2.43792	2
-3.56498	-9.29197	2
-11.3574	-0.166782	2
-7.95228	-2.73933	2
-4.92163	-0.651827	2
4.83922	-2.08247	2
-3.222	-7.70046	2
-0.565721	-4.1236	2
-6.83227	-1.08749	2
-7.14968	-5.34241	2
-5.84466	-7.23328	2
-1.60441	-4.61257	2
-0.581811	-6.39859	2
-5.58201	-4.92469	2
0.575815	-0.280818	2
5.7695	2.56682	2
-4.51893	1.70959	2
-2.47357	-0.522154	2
-6.38781	-4.49774	2
-4.43556	-3.33618	2
-3.75937	-4.49734	2
-5.03921	0.398554	2
-8.50236	-1.06272	2
2.16624	-9.64133	2
-0.697364	-3.01022	2
-12.3978	-9.55908	2
-12.2739	-5.90128	2
0.965648	-12.9525	2
-3.60229	-7.06828	2
10.3858	-3.67123	2
-1.66102	-9.95314	2
2.5707	-2.22465	2
-2.81846	-1.44734	2
-2.28317	-5.62794	2
-3.1673	-0.0403713	2
-3.05959	-9.32969	2
-1.92971	-0.103758	2
1.33131	0.46461	2
-4.97586	-0.402081	2
-2.46093	-7.29959	2
0.125575	-0.890965	2
-8.40024	-8.93947	2
-5.85019	-13.7768	2
-2.95439	-3.06185	2
0.535302	-0.365917	2
-7.68262	-3.51589	2
-0.858541	-5.88742	2
-2.28505	-0.0199486	2
-5.99751	-0.587638	2
-4.12463	-4.33495	2
-2.66592	-8.7042	2
3.78324	-5.59759	2
-3.73919	-1.81551	2
-6.38477	-4.44309	2
3.74231	-2.67451	2
-0.742043	-2.09514	2
5.41951	-10.2056	2
-5.68691	-10.4455	2
-8.78868	-6.43148	2
-5.37128	-0.452113	2
-3.21296	2.31596	2
-4.36539	-1.38402	2
-1.63083	-0.89988	2
-6.27787	0.974812	2
-4.55785	-6.61084	2
-3.10737	-8.93197	2
5.41818	-4.90154	2
0.620013	1.87024	2
-3.23128	6.53243	2
3.33317	-2.33898	2
-0.0721754	-3.934	2
-12.0353	-6.4878	2
-4.74473	-5.40802	2
-0.304126	0.453665	2
1.52448	-1.07303	2
-1.94052	-5.41387	2
2.52273	-2.81868	2
-6.24212	-1.77978	2
-2.33524	-1.70009	2
-13.3541	-1.49876	2
-5.5623	-2.67464	2
-1.20225	-7.86926	2
-2.3173	-11.5085	2
-10.1554	-9.6041	2
0.0256367	4.83186	2
-7.2121	-1.45698	2
-2.41754	4.10611	2
-11.1621	-3.53219	2
-7.40918	-5.08724	2
-2.93852	-5.6413	2
0.0695432	3.69073	2
-10.6551	-9.69397	2
0.343953	-2.73152	2
-5.99939	1.7021	2
-3.21328	-6.01694	2
-2.58461	-10.2531	2
-8.31766	-0.630372	2
0.665531	9.55938	2
-4.88664	0.865583	2
-2.78695	7.55303	2
0.516602	-6.36708	2
-5.87869	-0.506486	2
-5.25313	5.89955	2
-1.27298	-2.60777	2
2.20374	-7.98912	2
4.18929	-9.24858	2
-11.1937	-4.95029	2
-2.64712	-1.37236	2
-0.0626508	-2.60166	2
-1.46451	-4.60578	2
-3.5992	-8.31497	2
-10.0202	0.874053	2
-1.15545	2.63651	2
-3.8959	-3.51314	2
-4.42422	0.820839	2
-6.78487	-4.25078	2
-9.15682	-4.94827	2
-8.15266	2.29707	2
-2.83419	0.400124	2
-6.39451	-0.988239	2
3.18381	-7.49993	2
6.1295	-5.72414	2
-1.2393	5.28414	2
-5.94366	2.6339	2
-9.09466	-5.72449	2
-7.40101	-5.07224	2
-2.02088	-8.37728	2
-0.876788	-0.192185	2
-9.17126	-4.74209	2
0.586577	-2.5084	2
-7.75337	-7.2246	2
0.636094	-2.76694	2
-4.20249	-3.01654	2
0.864431	-2.43259	2
-6.1264	2.58169	2
-10.0899	-2.66998	2
4.91673	-7.07124	2
2.1857	0.604077	2
-2.51656	-5.12697	2
-1.88033	3.31908	2
-3.21041	-10.1387	2
-3.20514	-3.16396	2
-6.17771	-6.60351	2
-2.78871	-14.794	2
-5.81454	-2.12599	2
-2.71707	0.123529	2
-3.68851	-4.61074	2
-9.89462	-6.01315	2
5.07735	2.0169	2
-9.29536	-3.48085	2
-7.86205	-3.07327	2
-9.28744	-0.511287	2
-2.52289	0.844584	2
-12.094	0.392967	2
-4.91213	-6.49978	2
-6.25468	-3.54204	2
-1.29664	0.189473	2
-7.05297	-2.14203	2
2.03683	-3.36628	2
0.741702	-8.39924	2
-4.68082	-1.5474	2
-3.38807	-5.6093	2
-7.54109	-7.12325	2
-5.77702	-0.430786	2
-9.69104	0.8633	2
-4.95251	1.40883	2
-5.374	-8.77371	2
-7.13804	-4.82519	2
-5.35065	-7.7868	2
-10.1984	1.1556	2
2.62112	-4.46451	2
-9.91653	0.0120433	2
2.39736	-7.52028	2
-2.07022	-7.51466	2
1.93965	-1.77471	2
-5.27526	-5.86088	2
-8.23695	-2.27202	2
-3.438	-0.790738	2
-5.57861	-6.61273	2
-1.11324	3.56414	2
-0.326576	2.26616	2
-9.62242	-6.15824	2
-10.4955	-2.34178	2
-6.54826	-5.16469	2
-10.8058	2.85729	2
0.273426	-6.79921	2
-5.82453	-3.66377	2
-12.2885	-4.72539	2
-5.4565	-3.47028	2
-8.51615	-1.65405	2
-5.93847	-7.28394	2
-5.73917	-5.71637	2
-1.71848	-5.84099	2
-9.37724	-5.17199	2
-2.86239	-2.66661	2
-4.27717	-7.30089	2
2.06133	-7.33362	2
-11.7461	-6.06025	2
-5.99336	5.35505	2
-2.20681	-1.17076	2
-10.088	-1.31173	2
-2.77565	-13.7197	2
-6.53621	2.3461	2
-1.09168	-8.65052	2
4.79211	-6.86714	2
-7.71291	-11.0299	2
-6.13225	-6.35955	2
-2.97851	-5.78173	2
1.62624	5.40381	2
-4.24935	-7.98418	2
-1.08744	-5.81338	2
-0.2825	4.82218	2
-0.333607	0.550809	2
-7.62742	-8.66319	2
-1.39383	1.29001	2
-5.32592	-5.40335	2
6.4496	-3.48127	2
-3.48846	-2.98879	2
-8.63884	-5.36438	2
0.935005	1.30644	2
-0.229867	-4.03149	2
2.6804	-7.05272	2
-7.00609	-7.12196	2
1.52421	-3.70381	2
-4.95917	-4.68753	2
-9.15093	-4.58707	2
-6.14643	-5.88245	2
-8.18088	-7.29044	2
-4.62365	-0.713711	2
-1.94833	-4.81795	2
-4.08932	-3.56051	2
-4.78262	-2.03281	2
-4.72163	-7.70936	2
5.32135	-11.3582	2
-5.91392	-3.45164	2
-9.02798	-6.44628	2
-2.14319	-7.05538	2
-11.4142	-3.17937	2
-7.81389	-10.75	2
-2.61439	-4.2051	2
-5.75601	-6.6342	2
-0.386532	-4.5952	2
-7.0109	-6.91848	2
-0.0444624	-2.98407	2
1.87636	-6.59258	2
-5.62349	-5.78068	2
-4.10914	-4.06679	2
-5.67905	-5.65616	2
-6.55873	-10.8826	2
3.50936	-9.20125	2
1.60924	-2.17684	2
-2.70963	-2.66853	2
-2.50977	0.937238	2
1.53483	-6.01756	2
-4.63822	-3.88269	2
-2.17993	-5.64692	2
2.87346	-4.20951	2
-3.14857	2.41601	2
-7.93456	-10.649	2
-3.84707	-6.06608	2
-7.26793	-1.98588	2
-6.82482	4.43075	2
-3.09135	-4.1214	2
-2.98994	-0.21883	2
-8.83427	-1.67319	2
-5.08776	-6.26921	2
1.85734	4.71733	2
0.835645	-1.95467	2
-6.2047	-8.1347	2
-7.78676	-0.292557	2
-8.08568	-13.186	2
-6.58916	-0.127234	2
-5.50406	-9.81699	2
-7.67899	-4.60883	2
-3.64918	-7.20775	2
-2.36144	-10.1622	2
-0.8453	-6.92258	2
-8.97391	-7.79269	2
-3.69866	2.35762	2
-4.38101	-4.89612	2
-2.20679	-1.37671	2
2.72686	-7.19781	2
3.80876	-7.83225	2
5.07338	-4.86589	2
-6.61624	-3.68532	2
-8.53781	-7.22271	2
-1.74681	-8.15735	2
-5.81082	-1.61527	2
-1.90411	-8.88064	2
-3.85694	-3.97864	2
-8.32735	-6.41612	2
2.28564	1.36948	2
-2.40727	-9.42207	2
2.06595	-4.58515	2
-9.42355	0.234693	2
-8.27344	-7.9598	2
-2.51401	-5.68512	2
-6.91628	1.41964	2
-4.84679	-4.69539	2
-5.55283	-0.441457	2
2.76309	5.02526	2
-3.44708	0.83726	2
-6.46704	-0.395237	2
-0.0704787	-4.87282	2
-3.44103	-3.8494	2
-4.19747	-8.25701	2
-0.19895	-6.03159	2
-2.2828	-8.77037	2
-6.2415	-6.94252	2
-6.95363	-10.4081	2
-0.688749	-1.42755	2
-6.18261	3.30459	2
-8.31538	-3.37798	2
-5.49009	-2.08927	2
-7.833	1.96563	2
-9.13017	-7.48133	2
-4.99232	-4.94799	2
-5.07319	1.5584	2
-4.66213	3.5208	2
-1.38844	-3.67826	2
-4.68516	-6.67283	2
-3.86114	-0.0343577	2
-8.82028	-3.35539	2
-8.42365	-1.84101	2
-1.95154	-5.46564	2
3.86732	-13.0723	2
-5.16641	0.865727	2
-6.23314	0.607945	2
-6.00312	-5.05495	2
-5.25216	-3.70894	2
-3.50614	-5.25007	2
-5.48232	-5.53873	2
-6.17081	-7.75954	2
3.77513	-12.8047	2
1.14155	-7.94882	2
-2.80416	-8.10437	2
-5.6323	-0.0793825	2
-6.56962	-3.66443	2
-2.79877	-3.97053	2
-6.33014	-2.52764	2
-4.25674	-4.09438	2
-6.02584	-7.47813	2
0.382327	4.51683	2
-1.32962	-10.7441	2
-2.58796	0.010041	2
-0.411151	-7.92629	2
-10.4098	-3.77578	2
3.2634	-6.75132	2
-6.11794	-3.41473	2
-7.08058	-5.37838	2
-5.72005	-5.06704	2
-1.94128	-3.19484	2
-1.8411	-3.50256	2
-2.03801	0.00634933	2
2.99176	5.91943	2
-1.95454	-4.31356	2
-4.91981	-1.85116	2
-5.4509	-4.03911	2
0.691347	-1.70242	2
-6.31797	-3.65396	2
-7.47973	-5.14477	2
-3.79252	-6.22531	2
-5.94126	-7.05345	2
-5.25832	1.15249	2
0.596416	-5.80668	2
0.527163	-6.54716	2
-0.870995	-2.26578	2
-3.71954	0.824039	2
-4.76957	1.9089	2
-2.48771	0.0579355	2
-5.99996	-4.00943	2
-8.05768	-7.84947	2
-8.23483	-1.87342	2
-1.47229	-4.93838	2
-2.48956	-7.98198	2
-1.25996	-3.41605	2
-2.93944	-10.1029	2
-3.08	-12.2325	2
-7.49564	-5.80713	2
-6.60987	-6.32862	2
-8.65843	2.91002	2
-6.09964	-8.9313	2
-11.9196	-4.725	2
-9.28291	-3.41329	2
2.58421	-4.24914	2
-3.2548	-1.10511	2
-0.255454	-4.46313	2
-2.5029	3.26035	2
-9.68332	1.92305	2
-6.96831	-4.0096	2
-10.6385	-1.6052	2
-5.64097	0.653836	2
-11.7912	-9.11744	2
-5.87928	0.596095	2
-1.9141	-0.2901	2
0.974202	-2.19964	2
-5.01323	-4.10487	2
-2.65713	-2.44442	2
-6.512	-5.74531	2
-4.03434	-3.17055	2
-12.8691	0.464932	2
-4.31199	-4.02628	2
-5.98072	-6.56404	2
-0.0391189	-1.1612	2
-2.99813	-10.3245	2
-3.83785	2.55591	2
-3.37142	-2.33902	2
-5.83911	2.51061	2
-8.8815	0.815826	2
2.77354	-10.2498	2
-3.35825	-3.83177	2
-1.04325	-9.42376	2
-3.45999	-9.60685	2
-4.83678	-1.85666	2
1.4819	-0.648822	2
-2.70586	-2.39931	2
-0.246576	-3.22222	2
-6.36699	-4.56133	2
-1.32333	-2.77305	2
-3.37134	-3.70344	2
-1.29351	-9.33528	2
-1.13026	-3.48193	2
-7.78561	-2.8276	2
0.271111	-3.40644	2
-5.7704	-6.30694	2
3.83164	-1.95092	2
-8.2023	-1.45314	2
-3.99436	-4.79058	2
-5.19428	-8.69037	2
-0.106854	2.67023	2
-0.116974	-4.87865	2
-1.90421	-4.76483	2
-1.06881	-0.694597	2
-6.01765	-13.6666	2
-0.127171	-0.992338	2
-1.32382	-0.661983	2
-7.60552	-1.17415	2
-5.1873	-0.897602	2
-7.65731	-6.52089	2
-6.73054	-7.06657	2
-2.40311	3.5868	2
5.18584	-3.5091	2
-9.0608	-0.952888	2
-4.07784	-2.48283	2
1.4797	-10.6527	2
-7.19544	-4.44738	2
-0.417101	-2.09004	2
-4.32074	-4.59856	2
-10.3373	-6.29576	2
-4.23678	-4.71802	2
-3.72003	2.23101	2
-7.26775	-9.34865	2
-4.68347	-0.291823	2
-1.201	-3.21525	2
-8.63272	-2.85349	2
1.11079	-0.770781	2
-8.3758	-7.11606	2
-9.19706	-7.36075	2
-2.95498	0.486865	2
-2.71432	-2.36587	2
-1.56264	-3.78664	2
-5.08693	-5.1408	2
-12.2105	3.61043	2
-3.19055	-3.49393	2
-3.11145	-7.65339	2
-8.31969	-0.874556	2
-2.67749	-7.69743	2
4.31562	-12.0758	2
-0.835568	-6.76586	2
-3.10554	1.19836	2
2.90079	-7.46144	2
-6.69296	-6.12102	2
-7.52981	-8.05766	2
0.825427	-2.08408	2
-4.08812	-4.15695	2
-7.13462	1.18218	2
-10.7759	-11.5483	2
-6.53768	1.76785	2
-5.14156	1.55047	2
-3.64553	-4.67871	2
-6.01905	-5.92961	2
-6.29414	-6.01286	2
-0.369572	0.896615	2
-6.13666	-7.68979	2
-5.05498	-5.61457	2
3.08095	-2.52625	2
-5.35097	-7.37722	2
-7.46921	-7.64912	2
-8.65654	-7.69554	2
-5.91187	-6.8782	2
-1.10518	-4.38762	2
6.47731	-0.171459	2
-10.6653	-6.1096	2
-6.08217	-11.2642	2
2.26226	-6.32078	2
-10.054	-6.46732	2
-6.55557	-5.42725	2
-3.45652	0.47892	2
-0.475373	-2.86717	2
-7.73611	-1.32261	2
-8.84213	-3.15299	2
-0.754792	0.177898	2
2.47427	-7.08818	2
3.1146	-6.81312	2
-0.713205	-9.91832	2
-4.542	-0.240888	2
-5.59947	-2.92475	2
-8.02827	-0.0767231	2
0.88298	3.92596	2
-6.4577	0.440775	2
6.17195	-3.61078	2
-5.878	-3.93237	2
-7.35721	-10.1238	2
-6.98913	-1.56519	2
-2.41828	-2.75389	2
3.7041	-4.78503	2
-1.95433	3.14353	2
-2.61296	-12.2513	2
-4.5997	-6.93224	2
-5.0265	-2.76109	2
-3.12881	-6.7822	2
-13.4816	-7.95449	2
-3.82253	-14.4179	2
-2.9009	-9.52702	2
-2.29201	-7.19939	2
-7.17339	-8.23073	2
-3.2246	-5.62323	2
-0.483036	-5.424	2
-4.43365	0.354466	2
-4.66633	-2.15222	2
3.73831	-1.37169	2
-1.77913	-1.61247	2
0.545569	-6.36173	2
6.75678	-3.33237	2
-4.26996	1.75779	2
-2.88943	-7.1304	2
0.131195	-8.56774	2
-6.34199	-7.21047	2
-4.89354	-7.62954	2
-7.57276	-1.54426	2
-7.75477	-1.31556	2
-2.32698	-3.64394	2
-3.67182	-5.68054	2
0.146358	-5.41376	2
-7.18604	-4.7806	2
-6.88602	-5.06779	2
-14.6854	-2.06836	2
-0.474653	-6.5522	2
-3.6223	4.14781	2
2.39525	0.799826	2
-7.73903	-6.53493	2
-4.24386	-10.587	2
-6.24132	-4.66423	2
-4.67977	2.92836	2
1.80644	4.57978	2
-8.68851	-10.3924	2
-7.50831	1.7896	2
-8.33181	-5.79208	2
2.27309	-1.09842	2
-11.9374	-0.108633	2
-3.08876	-3.58497	2
0.814162	-0.48924	2
-5.19876	-4.48703	2
4.51707	-11.647	2
1.45481	-6.93603	2
-1.09198	-4.25601	2
-1.2144	-9.33925	2
-4.89738	-6.47693	2
-2.16818	-2.82439	2
-3.95755	-5.19287	2
-8.47875	-3.24067	2
-4.73673	-6.56258	2
-3.47861	-0.108892	2
-6.76764	-6.18328	2
-6.44459	3.49277	2
-0.137024	0.106401	2
2.18909	-7.64346	2
-1.1474	-2.34519	2
-1.08371	-4.58459	2
-6.97596	-9.84708	2
-0.236299	-3.70851	2
-0.495512	-4.93169	2
-2.38244	-3.31205	2
9.0725	-5.13433	2
1.52581	-4.74731	2
-1.5901	-5.78981	2
-1.93879	-8.27686	2
-2.32643	-1.61427	2
-3.81481	-4.09743	2
-12.3189	-4.82956	2
-4.60257	-3.67797	2
-5.98987	-3.29408	2
-7.65366	-4.17606	2
-4.83662	-4.58163	2
-1.53339	-1.94595	2
-9.35208	-5.23675	2
-8.03088	-4.56587	2
-15.373	-6.15065	2
0.989861	-5.49159	2
-1.98536	-4.74669	2
-1.60815	-2.29765	2
-2.40225	-1.00224	2
-0.534531	0.277536	2
1.35222	-1.76409	2
-6.12946	2.65718	2
1.29947	-4.469	2
-10.1207	-0.604217	2
-1.63116	-0.265017	2
-9.08686	-6.05923	2
-4.35404	-6.69034	2
-2.53701	-7.88635	2
-4.48846	-8.71977	2
-5.73714	-2.62976	2
-0.469615	-5.69392	2
-1.75184	-6.14723	2
1.78408	-0.643869	2
-3.48732	-0.344733	2
1.73506	-3.57394	2
-4.39179	-8.29113	2
-6.68066	-4.76051	2
-4.29401	-1.51441	2
-1.63627	-5.06987	2
-0.931941	-1.3295	2
-7.01418	4.44091	2
-0.876592	-7.18452	2
2.64108	-11.2938	2
0.194743	-0.250656	2
-4.2197	-7.49453	2
-3.27625	-7.3729	2
-8.07394	-6.84462	2
-15.56	-1.05802	2
-3.99812	2.73262	2
-6.2966	1.2599	2
2.02632	0.0322808	2
-6.53843	-6.26734	2
-5.6143	-1.69397	2
2.46656	-10.6008	2
-7.1235	-3.2333	2
-5.67426	-10.1755	2
-1.50472	-2.71182	2
-9.27735	-8.37761	2
-3.96526	-12.5718	2
-7.83927	-1.75105	2
-3.37915	-3.78319	2
-7.88614	-2.99413	2
-0.590657	-4.24447	2
2.31419	-2.67038	2
-0.779094	-2.88425	2
-3.36667	-10.7892	2
-1.73947	-8.53199	2
-0.0915739	-4.66554	2
-5.33597	-3.31437	2
-9.71604	0.613931	2
-1.90105	3.34157	2
-5.00198	-0.108853	2
-7.69975	-5.27071	2
-7.21465	-5.41783	2
-7.51412	-4.68557	2
2.9213	-7.75239	2
-5.07032	-6.13562	2
-4.2544	-8.08131	2
-2.73873	-2.22622	2
-1.85196	-3.91761	2
-1.29533	-7.46249	2
-0.878959	-7.41922	2
-9.31981	-6.81538	2
-3.93554	-0.368515	2
-7.63943	-4.62218	2
-10.4176	4.32595	2
0.505994	-4.57229	2
-3.59921	0.242189	2
-4.63988	-3.64524	2
-9.98276	-11.9523	2
4.72086	-5.68116	2
-4.22682	2.49119	2
-2.00963	-4.03231	2
-10.5291	-7.91105	2
-12.6315	-4.45575	2
-0.495184	1.36586	2
-1.34643	-1.40345	2
-4.7853	-4.9584	2
-6.55057	-8.85567	2
-12.762	-2.06761	2
-1.20806	-5.12467	2
-3.86642	-4.71954	2
-1.36402	-2.72579	2
4.92687	-11.0635	2
-0.45621	-3.58377	2
-4.2781	-8.30683	2
-9.40277	-7.17125	2
-3.55208	-11.8688	2
-3.61369	-3.85349	2
-1.23251	-4.64852	2
-3.0982	-1.60984	2
-1.59286	-4.79132	2
-9.1647	1.66142	2
-1.25009	-4.39342	2
-4.33943	-10.4822	2
-9.51512	2.31644	2
-5.35989	-2.34067	2
-4.47703	-7.42327	2
-8.94363	-7.65785	2
4.89251	4.26363	2
-0.267485	-4.90943	2
-12.904	-6.71599	2
-2.37234	-5.7347	2
-3.74307	-8.34157	2
1.83066	-6.49987	2
-5.92473	-6.38717	2
-2.18949	-9.14078	2
-6.66103	-3.22099	2
2.0882	-6.90719	2
-4.6779	4.46595	2
0.807547	-3.98558	2
-4.58612	-5.06267	2
-0.0423688	-0.434787	2
-2.26704	-2.03837	2
-4.86233	-8.49558	2
-9.07354	3.2751	2
-0.370533	-0.543117	2
-2.68034	-4.66368	2
-8.35262	-7.58348	2
-4.52422	-7.83672	2
4.23453	1.23234	2
-2.13023	-5.07811	2
-7.85974	1.29916	2
0.410858	-4.21622	2
-9.98491	-12.1453	2
0.999753	-1.52152	2
-7.11461	-4.046	2
-4.059	-5.51488	2
-9.06682	-6.10688	2
-4.4756	-1.3282	2
3.68315	-4.08768	2
3.10578	0.378486	2
-5.59231	-2.08687	2
-4.54967	-3.00304	2
-8.48471	0.456603	2
-8.99023	-0.485221	2
-3.87082	-2.10431	2
-1.37283	-6.71497	2
-9.36715	1.14037	2
-2.5531	-2.88245	2
-3.01328	-3.96201	2
1.28913	-3.79604	2
-8.00417	-8.49107	2
-7.31542	-1.96268	2
-10.5886	-7.06727	2
2.18265	-1.27943	2
-11.155	1.25763	2
-6.83851	-0.163424	2
-6.47878	0.104343	2
-7.14119	-7.72846	2
-2.95297	-11.709	2
-5.87377	-2.35544	2
-2.51657	-8.78068	2
-1.24441	2.1875	2
-3.76331	-5.79822	2
0.852096	-1.07976	2
-2.90344	-5.33872	2
-6.62712	-4.10913	2
-5.03845	0.721677	2
-7.05029	-7.45418	2
-5.24128	-7.40595	2
-6.2836	-2.68864	2
-4.87324	-12.2104	2
-12.6738	-0.0990761	2
-3.09314	-7.62567	2
-12.4328	-3.74686	2
-7.30898	-7.28414	2
-2.90238	-1.96143	2
1.80087	-3.05161	2
-9.89212	-3.04304	2
-3.47785	-2.94751	2
-2.68946	-10.49	2
-5.0495	0.534494	2
-2.12758	-2.78499	2
0.466245	-10.1458	2
-8.54891	-2.47433	2
-1.91656	-3.18681	2
5.15723	-4.72058	2
1.81858	-9.41744	2
-0.0338371	-6.82155	2
-7.37013	-7.80495	2
-8.04303	-8.78067	2
0.52998	6.08423	2
-5.18944	-7.75989	2
-7.38709	-3.47061	2
-3.53826	-2.69146	2
-5.02052	-3.55304	2
-1.71599	-15.2979	2
2.70947	-11.3304	2
-6.36627	-3.96193	2
-1.59202	-2.35793	2
-1.67289	1.17035	2
4.96183	3.62367	2
2.02789	2.78644	2
-3.65801	-1.17503	2
-0.434663	0.402569	2
-5.69688	-7.77924	2
-0.776442	-4.58401	2
-1.50298	-8.83495	2
-4.03148	0.833387	2
-5.5907	-0.611558	2
0.474518	-3.17998	2
-0.477594	-3.40303	2
-6.1997	-3.36323	2
-5.08979	-1.99568	2
-6.62648	-5.30854	2
-5.82178	-7.20859	2
-1.83297	-8.55632	2
-6.62675	4.84246	2
-1.80859	0.503095	2
-9.49283	-5.62322	2
-2.10835	-1.51388	2
-4.15968	-1.54235	2
-0.00462142	-5.66831	2
-7.70201	-3.72804	2
0.0453946	-5.88375	2
-1.60525	-2.01308	2
-3.23677	-8.73675	2
-2.80446	3.08622	2
-0.993186	-3.87919	2
-7.55486	-6.68088	2
2.52331	-3.31754	2
-9.33814	-10.6905	2
-1.65023	-5.1533	2
-5.99565	-5.70372	2
-11.1422	-7.27438	2
-8.37513	9.66738	2
-3.99665	-5.02027	2
-8.70435	-1.36574	2
-0.0779771	-4.93009	2
-11.0925	-4.74036	2
-9.05834	-5.06211	2
-5.6809	-7.53058	2
-3.45307	0.832446	2
-4.6078	-1.30144	2
-0.01225	-3.35799	2
-10.2938	2.59968	2
-0.595228	0.268545	2
0.479161	-4.42238	2
-10.3999	-11.6973	2
-6.47131	-5.56017	2
-2.53574	-0.405326	2
-3.95099	-2.3676	2
-1.86977	1.28166	2
-7.61254	-5.73472	2
-10.7575	-1.92105	2
-6.14442	0.601348	2
-5.48201	-5.0733	2
-3.48734	-5.444	2
-9.09879	-5.89282	2
-1.37393	-6.65752	2
-6.38741	-8.88577	2
-8.83274	-4.26393	2
9.37982	-9.8774	2
-2.25592	-5.13458	2
-2.21129	-1.66712	2
-4.20323	1.38627	2
-7.63274	0.503638	2
-2.89899	-6.47634	2
-8.58028	3.38661	2
-8.92809	-7.42946	2
-1.08407	-5.46821	2
-3.30609	-8.27099	2
-1.74573	-4.72364	2
-4.03001	-1.94333	2
-7.24577	-8.16645	2
-6.95482	-1.31043	2
-4.32702	-1.55855	2
-6.93661	-8.99398	2
1.75862	-2.22569	2
-0.129273	-0.602415	2
-0.137367	-4.01272	2
-2.23469	-5.56714	2
-4.45594	-1.28123	2
-4.45821	-2.70771	2
3.10212	-9.00699	2
-10.5021	-3.08233	2
-5.32394	-7.25783	2
-3.20493	-5.15936	2
-4.12433	-8.15667	2
1.80389	-0.855909	2
-1.85608	0.230765	2
-0.77516	-8.07372	2
-4.82649	-10.4279	2
1.0529	-8.50252	2
-5.58227	-11.0256	2
-6.88427	-5.51533	2
-6.85907	-6.76445	2
-5.4398	-9.26484	2
-6.46751	-5.52975	2
-3.14642	-8.25775	2
-2.91203	-1.23297	2
-3.84696	-7.24939	2
-2.05176	1.63274	2
-2.89713	0.258913	2
-1.885	-0.468437	2
-7.36954	-2.0502	2
-2.52538	-7.00005	2
4.12162	-1.11575	2
-8.91357	-6.90113	2
2.86747	-5.22042	2
0.984588	-4.74349	2
-5.2758	-7.38275	2
-4.67778	-7.12491	2
-0.448943	-0.904544	2
-5.45368	-4.98033	2
-8.39022	0.33412	2
-5.95989	-6.0317	2
-1.44385	-1.64786	2
-2.77811	-5.75985	2
-1.3643	-5.32311	2
-0.974144	-1.03739	2
-11.574	-17.5474	2
-6.3198	2.07554	2
-2.82839	3.62293	2
-5.94412	-1.60097	2
-6.25372	-7.60865	2
-2.03662	-10.6236	2
-7.95141	-5.43648	2
2.25775	-4.4566	2
-4.3962	-2.62307	2
0.687259	0.557891	2
-1.77476	2.3492	2
-1.29068	-2.83443	2
3.22132	-14.0858	2
-1.67399	-2.49373	2
-10.846	-1.1558	2
-6.00902	-3.5875	2
-4.34981	1.03879	2
-0.154561	0.40076	2
-5.83443	-4.83898	2
-0.962477	-1.07943	2
-8.87337	7.19853	2
-1.24671	-3.12014	2
1.40447	-6.67007	2
-3.71514	3.25634	2
-1.80323	-8.68039	2
-8.59502	-1.62756	2
-9.86781	-6.0444	2
-7.38578	-0.912468	2
-6.00866	-7.05986	2
-7.04589	-2.7359	2
-1.0597	-5.31453	2
-8.07862	1.92819	2
-4.28568	-1.80258	2
-0.276338	-4.60062	2
-0.820945	-1.84365	2
-12.1955	-7.7727	2
-1.84347	-4.04703	2
1.75872	-5.19587	2
2.77712	-5.48315	2
-0.949813	3.32042	2
0.933774	-2.04924	2
-6.38844	-2.48379	2
-1.78443	-8.64137	2
-6.20374	-8.07666	2
-1.83899	3.74489	2
-8.35856	-0.335821	2
-3.25495	-0.544339	2
-6.2431	-1.72437	2
4.42393	-3.97694	2
-9.82299	-2.49311	2
-2.21881	2.78393	2
-0.902117	-14.5369	2
-5.54488	-3.78429	2
-0.0979437	-5.23589	2
-5.93089	-4.94603	2
-2.46347	-8.65012	2
1.38336	-2.35593	2
3.37873	-6.13315	2
1.25752	-3.26337	2
-9.03153	-0.794884	2
-4.53389	-7.30855	2
0.758311	-2.3567	2
-1.17362	-0.553334	2
-0.40774	0.222357	2
2.09339	-4.17135	2
-7.44222	-5.99478	2
-4.77193	-5.17975	2
-9.81433	-0.0520112	2
-9.21602	-1.35144	2
-5.31014	-1.63697	2
-8.39055	-4.72565	2
-2.26663	-1.63278	2
-9.58314	0.410192	2
0.855261	-4.81813	2
-5.51748	-10.3626	2
-10.8691	-7.00595	2
-4.03941	-7.1102	2
-4.84459	-2.48109	2
-0.362209	1.92948	2
-5.24984	-6.44605	2
-1.58624	-8.31803	2
-5.94357	-7.49842	2
-8.55727	-1.51226	2
-0.860144	-1.06905	2
-6.8353	-4.67276	2
-8.83827	-5.66403	2
-5.23455	-2.06474	2
-4.90452	-1.77281	2
-6.78823	0.563375	2
-5.85095	-8.00422	2
-5.47793	-2.06717	2
-5.49387	-6.20344	2
-6.8652	1.66117	2
-6.22237	-2.42786	2
-7.49235	-11.3436	2
-8.38882	-1.72116	2
-1.52084	-2.43318	2
-5.16707	-6.91588	2
-5.85043	0.105784	2
-1.8002	1.70704	2
-5.22836	-0.0355681	2
-4.87615	-0.966853	2
-13.5615	-1.14635	2
-8.87334	-10.126	2
-5.87645	-5.60962	2
-2.03301	-6.99237	2
-1.36322	-2.94632	2
-0.688904	-7.42336	2
-6.34068	-7.32639	2
-7.03531	4.65834	2
0.189702	-1.06118	2
-5.48979	0.300862	2
-3.27795	-4.49477	2
0.265403	-3.86398	2
-2.68589	-6.09132	2
-5.57144	-1.81083	2
-4.12681	-13.1115	2
-3.94046	-1.14819	2
-7.85136	-6.9663	2
-0.556976	-6.12203	2
-4.18548	-1.97842	2
-7.53096	-7.27703	2
-6.35128	-10.879	2
-6.62349	-4.50359	2
-5.05317	-3.96136	2
-6.26671	1.44776	2
-3.45786	4.92005	2
-4.47345	-5.49613	2
5.32309	-6.57625	2
-2.20747	-2.1772	2
-7.43397	-1.68806	2
2.81675	-4.82885	2
-8.23343	-8.64057	2
-6.33676	0.05862	2
-3.73102	-5.0365	2
-1.07828	-7.68769	2
1.12618	-1.85453	2
-6.54587	-9.47106	2
-0.294083	-2.41131	2
-3.17372	-4.338	2
-8.23705	-3.45797	2
2.11056	1.22154	2
-17.8619	2.33665	2
2.21265	-10.6415	2
0.673771	-1.45225	2
5.04882	3.01407	2
-9.47058	1.66706	2
-12.5055	-8.54646	2
-1.55889	-5.09607	2
-3.8225	-1.51988	2
-5.47261	-0.55453	2
-5.51258	-9.74193	2
-4.11439	-4.33984	2
-4.27902	-1.92239	2
0.0970438	1.61454	2
-1.10891	1.8819	2
-8.49737	-10.0577	2
-2.70755	-9.48895	2
0.79166	-1.46932	2
-5.60493	-5.76301	2
-11.7142	1.12478	2
0.317806	-3.93646	2
-4.64632	-2.02551	2
-11.7245	-6.62303	2
6.22609	-8.11197	2
14.7201	14.312	0
14.8736	16.1258	0
14.3697	14.2413	0
13.9273	14.7905	0
14.9073	11.7572	0
14.5677	13.1397	0
14.6275	14.2653	0
13.494	15.4924	0
13.3775	12.2286	0
14.8556	13.0292	0
14.5097	15.5888	0
14.5355	14.4031	0
14.7249	13.088	0
13.6754	14.2229	0
12.5163	14.0716	0
14.4271	14.1216	0
12.9243	15.252	0
11.6091	13.1972	0
15.7151	14.5626	0
14.2278	13.4192	0
14.7562	12.5576	0
12.6389	13.628	0
15.5448	13.9024	0
14.3236	13.4409	0
14.3452	13.8096	0
14.1323	13.6989	0
15.0335	14.266	0
13.9662	14.5588	0
14.0964	14.5881	0
13.3112	14.1564	0
14.822	14.2651	0
15.0307	16.354	0
15.0526	11.9638	0
13.9228	13.8604	0
13.8844	13.5206	0
13.9752	14.0662	0
14.9401	15.1532	0
14.1806	15.2168	0
12.9781	13.7512	0
12.7016	13.006	0
13.1214	14.0277	0
12.6904	14.114	0
14.4938	15.8576	0
13.6095	15.2931	0
13.6323	15.4283	0
15.9478	13.4872	0
13.0345	14.0658	0
12.3128	12.539	0
14.2637	15.2625	0
14.5352	14.7124	0
15.1786	13.0652	0
14.0366	14.4181	0
13.0717	13.9416	0
13.4721	14.5563	0
14.3806	12.3075	0
13.5742	14.3754	0
13.5758	15.0564	0
12.8417	13.0038	0
14.4255	12.6191	0
13.752	14.703	0
12.9583	14.9641	0
13.4501	13.8761	0
12.4764	13.9307	0
13.8325	13.1326	0
14.5743	14.1996	0
12.0177	14.8197	0
14.5477	14.0803	0
11.5263	13.4974	0
14.5481	13.1649	0
15.5904	12.9686	0
13.1806	14.9471	0
14.7604	15.0277	0
14.3417	13.0975	0
14.0468	14.3073	0
14.2029	14.2294	0
13.4992	13.8765	0
14.0388	14.2493	0
12.9379	14.1756	0
13.9578	14.267	0
13.4562	14.1993	0
14.3099	13.5433	0
13.4438	15.3809	0
14.0922	14.4843	0
14.5309	13.619	0
13.4166	13.6047	0
13.8153	13.448	0
14.819	15.1298	0
13.5407	14.1564	0
13.8767	12.5949	0
14.1322	13.4525	0
14.4862	13.5951	0
15.6452	13.8413	0
14.618	13.4414	0
15.0033	14.0836	0
13.4448	13.5196	0
14.9734	12.7692	0
13.1519	13.3894	0
13.0497	15.0013	0
12.68	12.7891	0
14.1904	14.2475	0
13.0665	-16.5027	1
12.3031	-16.4129	1
13.193	-16.2161	1
14.1583	-15.2314	1
13.7764	-16.5487	1
14.3849	-16.7734	1
14.3811	-14.7188	1
13.8538	-16.5998	1
13.1838	-16.0839	1
14.6271	-15.9002	1
13.5549	-15.3003	1
15.1475	-16.6305	1
14.1526	-16.1196	1
13.5799	-15.5076	1
14.6824	-15.2845	1
14.3503	-16.3453	1
13.3149	-16.0682	1
14.4751	-15.8628	1
14.8829	-16.9689	1
14.5684	-16.4558	1
12.4508	-16.4189	1
14.7827	-18.0942	1
14.4056	-18.6634	1
15.1605	-15.7649	1
15.0007	-17.9439	1
13.9798	-15.106	1
15.0497	-15.4961	1
15.7516	-15.0034	1
13.8576	-16.2457	1
14.0809	-17.3043	1
13.573	-17.3159	1
14.7294	-15.7536	1
14.453	-16.1126	1
15.3968	-17.1334	1
12.3888	-15.8911	1
12.639	-14.5898	1
14.0063	-16.1164	1
15.1789	-16.2275	1
13.9864	-15.3625	1
13.0011	-17.2837	1
15.0254	-15.8342	1
14.4867	-16.4779	1
13.1764	-14.0299	1
12.497	-18.4957	1
14.7305	-15.5076	1
13.8558	-15.7917	1
14.6331	-18.5425	1
14.1231	-15.0602	1
14.0422	-15.2901	1
13.0308	-17.1025	1
13.1751	-17.0391	1
14.3462	-15.5656	1
14.0037	-17.5111	1
13.0224	-16.7274	1
13.8962	-14.5189	1
14.4185	-16.3542	1
15.2215	-16.2199	1
14.5818	-18.7868	1
13.1445	-16.0123	1
13.3326	-15.1997	1
15.336	-15.171	1
15.576	-16.6282	1
13.5001	-15.8819	1
14.2329	-16.2387	1
14.108	-16.8541	1
13.7068	-14.6367	1
12.146	-14.3268	1
13.9048	-17.3367	1
14.5644	-14.9778	1
14.4142	-16.2468	1
13.7515	-14.2834	1
12.8335	-16.9051	1
13.4605	-14.6126	1
13.7156	-16.6049	1
15.1999	-14.5102	1
14.2406	-15.2461	1
14.8253	-16.4372	1
13.4457	-17.2127	1
14.0569	-15.0661	1
14.6598	-14.4952	1
13.7701	-15.5111	1
15.7963	-17.0786	1
13.5158	-15.8473	1
12.4843	-16.0004	1
14.2543	-15.0364	1
15.048	-14.685	1
10.9434	-16.7297	1
15.1762	-16.5753	1
13.2785	-15.9727	1
12.0459	-14.5916	1
14.2311	-16.7298	1
14.2908	-15.3671	1
12.625	-16.5294	1
15.0364	-16.4979	1
13.1042	-15.9497	1
13.4043	-15.9329	1
14.2269	-18.2301	1
13.0537	-17.6797	1
13.1084	-15.8176	1
14.4646	-15.1503	1
