3.76482	-6.24261	2
-2.00428	-5.9166	2
-10.7274	-5.5431	2
-0.756587	0.847028	2
-5.75097	0.728496	2
-2.51655	-10.4427	2
-4.42536	-4.38465	2
-3.16321	-3.54592	2
-2.78875	0.650094	2
2.56437	-5.45719	2
-5.02815	3.92314	2
-2.80976	-10.6993	2
2.07582	-6.85388	2
-3.34233	-2.0947	2
-8.93268	-7.02666	2
-1.44772	-1.94415	2
-1.29266	-4.63511	2
-2.03569	-11.3938	2
-7.03839	-10.4356	2
-3.08034	0.67081	2
-11.9778	-5.58848	2
-1.3514	-8.6711	2
-4.89823	-1.69312	2
2.76248	-3.27877	2
4.17653	4.75837	2
-4.37888	-8.43988	2
-4.27712	-9.06186	2
-8.16449	2.70349	2
-4.10353	-5.52914	2
-6.22585	-1.82294	2
-9.21351	-1.62933	2
-3.64527	-4.77728	2
-1.14741	-7.21283	2
-3.00689	-9.58047	2
0.201841	-3.89613	2
-5.28273	-7.75179	2
-4.86782	-5.17327	2
-5.50289	-6.76422	2
0.763131	-1.96644	2
-0.751311	-8.39171	2
-3.81046	-7.16611	2
-8.23968	-0.705041	2
-5.96417	-11.6781	2
-5.49781	-1.46982	2
6.28704	-0.596055	2
1.66558	-5.11348	2
-1.66246	-0.358963	2
-5.83697	-4.72505	2
-3.37043	-7.16436	2
-2.89053	-3.03274	2
-10.2158	-10.4745	2
-8.8031	-7.61759	2
-3.61464	-1.57604	2
-3.64798	-5.36641	2
-0.194005	2.13532	2
1.01205	-0.214624	2
3.03166	-6.28353	2
-2.68516	-2.70276	2
-3.02465	-3.60725	2
-9.45317	-5.63819	2
-2.69853	-4.57561	2
-6.94203	-5.57307	2
-4.24567	-5.36559	2
-0.765905	-5.95252	2
-2.30261	-3.62507	2
-1.24892	0.110957	2
-6.37967	-6.32263	2
-2.66753	-9.07056	2
0.998986	-0.465944	2
-0.76343	-3.54237	2
3.76389	-8.86866	2
-9.04967	0.801689	2
1.05949	-7.59593	2
-8.73571	-0.37574	2
-6.11517	-0.915434	2
1.06278	-5.89632	2
-0.252852	1.25352	2
0.906071	-0.134716	2
-7.94341	-0.701124	2
-4.92583	-4.77588	2
-10.0417	-4.25428	2
-7.51613	-2.07901	2
1.19455	-7.82377	2
-7.37937	-0.645687	2
-6.06279	-4.82278	2
-2.70461	6.17931	2
0.800477	-5.44532	2
-0.856423	-5.50107	2
-3.38938	-6.97963	2
-2.75379	-0.0425163	2
-1.22031	-8.35342	2
-1.36337	-2.34839	2
-7.29201	-1.45796	2
-2.37486	-0.0582955	2
-12.5493	-3.80825	2
-7.40883	-5.05457	2
-7.45666	-5.44028	2
-2.97791	-3.18874	2
-8.25893	-2.35585	2
-0.0968198	-5.00364	2
4.40759	-7.85738	2
-12.1555	-4.98145	2
-6.93068	-7.55798	2
-8.11447	-1.9005	2
-3.37182	-0.656362	2
-9.05342	-14.3087	2
-1.9856	-5.62521	2
1.62645	-3.32809	2
-3.44519	-4.50022	2
-7.22068	-2.48531	2
-1.09885	-3.74402	2
-5.80153	0.88373	2
-4.37887	-10.5913	2
2.89865	-8.95544	2
-4.26757	-14.4363	2
-2.95916	-2.14755	2
-0.749446	-0.819436	2
-6.37631	-5.85274	2
-2.46015	-8.62261	2
-8.14224	-4.95905	2
0.523558	-4.84345	2
1.13264	-7.76535	2
2.78129	-4.00533	2
-1.91973	0.318242	2
-4.77761	0.221286	2
4.25774	-0.584376	2
-6.53623	-3.83663	2
-3.13727	-7.00613	2
-2.75314	-5.62145	2
-1.2253	-4.35457	2
-3.8456	-6.8898	2
-4.60635	-8.88834	2
-4.50646	-3.07632	2
-2.95515	1.50205	2
-8.92493	1.75594	2
-3.49071	0.0249082	2
-1.12608	-5.53989	2
-2.51526	1.09393	2
-7.28633	-0.642465	2
-3.46327	0.0994269	2
-0.89071	-16.9568	2
-4.12748	-4.63497	2
-6.40073	-0.586671	2
-3.89827	-1.5741	2
-1.51511	-4.5182	2
-5.94608	-8.50657	2
0.420096	-6.91822	2
1.40299	-6.53867	2
-8.37562	-11.3984	2
-0.163775	-2.32464	2
-3.15213	3.45228	2
-6.84193	-10.4334	2
-1.43959	-7.7162	2
-0.187811	-5.05974	2
-2.76815	-2.75405	2
-3.89889	-2.41474	2
-7.3853	-3.99063	2
-3.46919	-4.00139	2
-4.91056	-2.31933	2
-0.881229	-2.59371	2
-7.44398	-4.41004	2
0.85057	-9.71042	2
-0.882244	-5.87341	2
-5.35398	-6.82601	2
-8.62191	-8.75478	2
-1.1775	-2.51337	2
-5.99229	-5.16769	2
-6.1791	-3.2406	2
0.647474	-0.694865	2
5.18009	-5.40839	2
-7.16276	-3.46998	2
0.427908	-4.10112	2
-6.44254	-4.77872	2
-6.26588	1.1367	2
-1.11582	-2.04588	2
-6.08641	-7.47492	2
-6.88504	-1.44503	2
-6.39278	-0.89798	2
-3.79552	-2.96305	2
-8.36007	-6.21152	2
-0.872244	-4.35166	2
-6.39006	-9.26638	2
-5.84558	2.08109	2
1.129	3.79434	2
1.31493	-1.59713	2
-9.29451	-7.43214	2
0.418375	-9.27617	2
-6.68187	-8.99585	2
-5.10804	-4.20442	2
-6.38834	-0.177554	2
-7.85209	1.35143	2
-1.26885	-5.36931	2
-6.14005	-6.069	2
4.0472	-5.29476	2
-6.98516	3.53727	2
-4.05972	1.95851	2
0.523678	-3.92834	2
-3.44176	-3.74019	2
-6.57026	-3.16687	2
-2.46378	-11.2346	2
-2.46535	-7.25884	2
-7.70755	-5.53142	2
-2.07438	2.02556	2
-0.4851	2.32454	2
-9.51856	-7.04489	2
-7.04628	-8.05539	2
-6.30137	3.19923	2
-3.96943	-7.0463	2
-0.66357	-6.57075	2
-11.6466	-4.40659	2
-8.73885	-0.757469	2
-8.31033	5.3869	2
-1.52565	-5.98805	2
-3.9931	4.65883	2
0.122108	-3.31647	2
-5.90121	-1.62618	2
0.17978	-1.69975	2
-3.58277	-10.8178	2
-4.60204	-6.55085	2
-1.78412	-9.20843	2
-2.39624	1.62905	2
-5.21953	-5.37761	2
1.51661	-0.0251052	2
-7.83682	-5.52482	2
-5.8057	-9.47222	2
-10.514	-3.18317	2
-8.36008	-0.757224	2
-7.1168	-9.76757	2
-2.86179	-7.53484	2
1.26032	-8.72848	2
-7.15682	-0.2895	2
-5.50453	-4.06259	2
0.718935	-1.17067	2
-3.31952	-7.00075	2
-0.319194	-5.03075	2
0.793479	-6.61684	2
3.07875	0.382956	2
-6.04217	-1.02367	2
-3.81201	0.23014	2
-10.3612	2.95825	2
-7.68006	-8.76113	2
-6.66793	-5.73727	2
-9.06319	-4.93856	2
1.88804	-8.47755	2
-6.66636	-3.05671	2
-1.16779	-6.13264	2
1.31674	-5.68246	2
-4.75666	-0.457048	2
-8.0918	-1.28799	2
-2.53768	-7.1133	2
-7.05209	-2.20077	2
-0.200463	-2.95056	2
-4.59552	-4.50101	2
-0.0805435	-1.54968	2
-1.49872	-9.51164	2
-3.15944	-2.82208	2
-8.97022	-0.868538	2
-11.1292	-5.779	2
-0.726109	0.146455	2
-0.667364	-1.41359	2
-1.50392	-3.10807	2
-6.54829	-0.499478	2
-4.39629	-4.03144	2
1.32857	-4.82221	2
-7.08587	-10.3609	2
-5.77822	-0.22826	2
-2.62397	-5.25367	2
-2.88536	-5.94114	2
-4.47948	-6.35165	2
-3.77181	-4.12345	2
-4.56728	-6.7646	2
-5.13328	-3.12981	2
-0.349489	2.70976	2
-9.53978	1.89098	2
-2.69142	-6.58315	2
-6.48589	-11.0797	2
-2.58423	-6.27019	2
2.91464	-1.06317	2
-1.4466	-6.25615	2
0.73138	-5.91671	2
-8.99991	0.604983	2
-2.22542	-2.05187	2
-3.87869	-4.27586	2
-5.86712	-8.01216	2
-2.82911	2.36058	2
0.953219	0.879625	2
-7.76202	-7.74246	2
-8.47333	-4.88631	2
-4.40836	0.559865	2
-7.92466	-6.02097	2
-7.86293	-9.59287	2
-3.82723	-1.75702	2
-2.11639	-8.06918	2
-5.23147	-5.89633	2
-12.5071	-4.92163	2
-0.287917	2.40699	2
-2.57857	-10.1436	2
-7.25664	-0.853726	2
-5.23036	-2.16121	2
-9.30516	-3.98899	2
-8.11522	-8.00288	2
-5.50064	-4.69982	2
-4.19019	-2.71421	2
-4.8235	0.235415	2
-9.40698	-10.2003	2
-6.78518	-0.601296	2
-7.23379	-1.50515	2
-4.12493	0.235942	2
2.44189	-7.44806	2
-3.17382	-2.92166	2
0.0986048	-8.17181	2
-4.91354	-3.42299	2
-1.28106	-8.91915	2
-9.70285	-4.81702	2
-3.70132	4.71975	2
2.4834	-4.50736	2
-2.92955	-10.7492	2
1.73314	4.61689	2
-8.88585	-8.66908	2
-1.14061	-4.93328	2
-1.6052	2.17167	2
-3.86298	-2.244	2
5.29143	3.2424	2
-3.16224	2.73966	2
3.02605	-0.773933	2
-0.262688	-10.1777	2
3.82379	-8.05778	2
-5.4197	-3.69271	2
-2.44047	-7.68944	2
-4.37273	-7.25283	2
-3.42715	-5.08064	2
-4.94477	3.46249	2
-8.29316	-3.47822	2
-2.10872	1.65958	2
-4.49036	-2.18761	2
-0.718385	-4.17959	2
-1.02136	-4.3131	2
0.623078	-8.51498	2
-6.32899	-7.68853	2
-1.62353	-9.31798	2
5.03203	1.26146	2
-5.09249	-6.8989	2
-0.300549	-1.24212	2
-5.16784	-1.82208	2
-5.95728	-6.30951	2
-2.26917	-4.78167	2
-3.18495	-5.24427	2
-3.5828	-2.93457	2
-4.1514	-6.79841	2
-7.96626	-7.43889	2
-4.6833	-4.18209	2
-5.59553	-7.28728	2
-3.55329	-6.57943	2
-8.72864	-1.71537	2
-5.483	1.78732	2
-6.13687	-4.91611	2
-4.67745	-3.26224	2
3.56175	-3.58364	2
-4.27477	-3.10943	2
-4.07271	-6.98707	2
-6.30537	-5.00181	2
-0.875564	-0.307755	2
-1.20643	-8.87663	2
1.51089	-0.0873329	2
-7.41037	-10.9858	2
0.552625	-5.62314	2
-5.47757	-9.48373	2
6.49375	-1.13707	2
1.45366	-2.08629	2
-7.77289	-2.76032	2
-2.28977	-5.20239	2
-6.94054	-5.86975	2
0.806948	-0.796271	2
-3.01554	-2.84989	2
-3.40872	3.72411	2
-8.46718	-8.0158	2
-4.04288	-6.98001	2
-4.95342	-7.93756	2
-0.693125	-3.39885	2
-4.17079	-3.64991	2
-7.29372	-2.19774	2
-5.69213	-1.96886	2
-1.3647	-3.39867	2
-7.1096	-0.00633169	2
-7.24332	-8.80292	2
-6.8698	-6.67583	2
-1.30828	-0.285143	2
-4.38449	-3.5571	2
-8.61805	-4.7281	2
0.194675	-12.4624	2
1.19867	-3.13447	2
-8.43844	0.49719	2
0.366577	-10.3022	2
-10.582	-4.55843	2
-6.23172	1.08854	2
-0.683294	-6.74588	2
-11.3281	-5.95592	2
-5.75015	-4.45637	2
-3.46704	-1.6515	2
-4.90242	-8.09279	2
-5.24452	-6.15066	2
-11.7883	6.56877	2
-0.240364	-6.92745	2
-4.93999	-0.616421	2
-3.91649	-1.94033	2
-8.55856	1.61108	2
-9.63455	-4.93755	2
-1.77754	-0.697554	2
-3.20534	-3.79331	2
-7.09053	-6.95503	2
-3.29573	-2.00468	2
-5.98345	-10.4056	2
-5.51363	3.507	2
-4.26863	-2.15611	2
-2.92585	-1.42463	2
-2.22869	-0.253638	2
9.11063	-10.7955	2
-0.197917	-6.57397	2
-2.08212	0.0490829	2
-9.69665	-6.69265	2
-1.65311	-7.87258	2
0.195111	-9.0342	2
-0.179041	-5.12644	2
-1.59864	-1.83682	2
-6.66022	-0.40185	2
-3.38661	-2.63187	2
1.86789	-5.26064	2
-5.82599	-5.7002	2
-7.68139	-2.07187	2
-4.34027	-7.21069	2
-12.0598	-9.39057	2
-6.7898	-4.48039	2
-8.03809	-3.99653	2
-4.01427	-11.3427	2
-0.114915	3.2524	2
-6.2922	-6.83971	2
-0.714603	-3.51784	2
1.46374	-2.25075	2
-4.85113	-12.0202	2
-3.34629	-1.41031	2
-8.53038	0.0833543	2
-5.03689	-6.09177	2
-3.9103	-11.0193	2
-7.75976	-5.0029	2
-13.1652	-3.76239	2
1.43273	-6.61709	2
-6.98699	-0.998467	2
-4.48537	-7.84731	2
-4.03897	-4.13606	2
-1.85644	-2.39065	2
-20.8677	-6.28431	2
-3.74001	-3.91966	2
0.0245553	-1.73161	2
0.970037	-3.80849	2
-8.15135	-5.6727	2
-2.99912	6.82946	2
-5.41553	-0.981207	2
-1.96511	-3.41146	2
-1.68082	-0.725379	2
-3.04825	-0.461511	2
-3.58522	-3.24733	2
-4.75162	-6.73052	2
-10.2591	-1.48959	2
-5.08961	-3.56278	2
3.61966	-8.85946	2
-3.75235	-6.79258	2
-2.63534	-4.41471	2
3.75027	-1.99656	2
-4.0972	-5.52804	2
-0.448034	-0.697945	2
-1.83109	-7.84432	2
2.74794	-0.152086	2
-9.35031	-8.87669	2
2.83448	-2.90127	2
7.20318	-3.74713	2
-2.76239	-3.25029	2
-10.0388	-2.53791	2
-6.99156	-5.44368	2
-1.155	-9.34859	2
-1.14524	-0.885173	2
4.05295	-11.4824	2
-1.69821	-13.9166	2
-1.68621	-4.98998	2
-1.29766	-1.1849	2
2.15237	2.14162	2
-8.66172	-1.64804	2
-3.26807	-3.6133	2
1.06797	-7.12091	2
-12.5973	-6.65759	2
-2.97894	-5.61076	2
-0.859142	-8.24984	2
-2.34826	-5.61909	2
1.3185	-4.76418	2
-10.1111	-3.88468	2
-8.67228	-5.76884	2
-1.28178	-4.16686	2
-0.553025	-3.46721	2
-1.52212	-8.0146	2
-5.73807	-7.41857	2
-8.30887	-7.73323	2
0.354098	-8.15272	2
-8.90659	-2.30197	2
-8.20174	-11.0286	2
-2.99395	-7.22284	2
-4.47554	2.41463	2
-12.758	-5.91713	2
-0.564617	-0.768098	2
-2.33075	1.85975	2
-4.24462	-0.823294	2
-4.25338	-6.25126	2
-0.219628	-5.8755	2
-1.78302	-2.14755	2
0.0443821	-9.26602	2
-10.8547	-4.03964	2
-5.43108	-2.51982	2
-5.71702	3.8245	2
-8.51811	4.57186	2
0.304309	-3.53287	2
-8.37235	-6.70029	2
-0.311724	-5.42785	2
-3.83488	-8.24585	2
-0.677991	-6.68275	2
1.0625	-2.62295	2
-2.44098	-7.89912	2
-2.34548	4.35208	2
-3.11041	2.16938	2
-6.83794	-8.65899	2
-3.69878	-2.75329	2
-5.25123	-6.7302	2
-6.5139	3.54135	2
-7.24064	-7.97184	2
-5.9426	-7.85813	2
-2.4125	-8.63744	2
1.4791	-4.76376	2
-2.58511	-2.12352	2
-6.97811	-1.47208	2
-6.29189	-9.01328	2
-0.761121	-5.22924	2
-8.58292	-3.56722	2
-4.23296	-0.551604	2
-2.36737	-0.0161071	2
-0.191509	-6.42108	2
-3.04437	-1.94633	2
-10.8803	-5.44033	2
-6.453	-1.88515	2
-10.6276	-5.11746	2
-7.61028	-2.30898	2
-1.12501	-8.031	2
-4.14433	7.83488	2
-12.5423	1.18635	2
-8.96552	-4.33919	2
-4.35668	-5.2306	2
-0.42204	-4.52368	2
-6.61753	0.185921	2
-6.84057	-7.04577	2
-3.31818	-5.07297	2
2.12876	-2.36679	2
-0.687614	-4.07792	2
-7.74223	-5.11271	2
-8.87206	-1.90599	2
-5.83035	-5.82842	2
-2.87456	-6.30066	2
-6.84169	-1.75763	2
-0.370316	-16.2048	2
-8.63946	2.82862	2
-7.4953	-7.39756	2
-4.82044	-1.77046	2
-1.68283	-1.08476	2
-10.966	-3.66401	2
-7.99295	-3.18396	2
-4.31762	2.62238	2
-8.92562	-6.2227	2
-11.4786	-6.2972	2
-3.28117	-5.96392	2
-8.64032	0.197808	2
-1.86121	-3.8106	2
-7.86943	-5.36831	2
-7.05308	1.77898	2
-6.88847	-4.57755	2
2.79142	-9.07262	2
-5.81428	0.929111	2
0.0618212	-15.2711	2
0.822673	-0.577927	2
-4.59286	-2.73534	2
-1.20423	-2.11182	2
-12.265	-8.32459	2
-7.70341	-3.42806	2
-1.74215	-0.272868	2
-6.26229	-3.38063	2
-10.0616	-5.49742	2
-0.597767	-3.46008	2
-1.94647	0.421837	2
-3.57733	-4.52864	2
-9.78301	0.935894	2
-7.67936	-7.61151	2
-2.12747	-7.86758	2
-9.6499	3.08044	2
-10.8384	-0.563502	2
-2.97269	-3.60245	2
-9.80937	-2.60607	2
-7.45591	-4.86627	2
-1.25454	-5.82859	2
-5.26653	-1.88511	2
-5.98819	-7.42278	2
-5.49129	-3.34305	2
-3.0982	-1.34495	2
0.444192	-4.18965	2
-14.088	-3.09882	2
1.10958	2.05389	2
2.98202	-7.77282	2
-5.24042	-6.3448	2
-6.98926	-4.70789	2
-7.69753	-4.92165	2
-11.4108	-2.59108	2
-7.55041	-13.9318	2
5.90519	0.203643	2
-8.69914	-3.67057	2
-9.35213	-9.71141	2
-2.89481	-0.706443	2
-4.7807	-5.20316	2
-6.91477	-3.72359	2
-9.0003	3.85624	2
-1.42196	-0.822618	2
-0.525126	-2.77581	2
3.01199	1.03067	2
-5.35463	-3.77149	2
4.46638	2.30496	2
-5.00931	-0.335817	2
-9.28661	-8.10156	2
-5.11037	-4.3827	2
-8.15082	-2.91183	2
-6.12696	-3.05823	2
-8.64819	3.59136	2
-4.57375	-4.28526	2
-2.80573	-10.1781	2
-13.3108	-8.92527	2
-2.36041	1.9075	2
-6.01369	-3.01671	2
-4.72279	-2.13985	2
-1.97991	-8.52136	2
-4.92588	-5.07541	2
-6.80183	-2.69382	2
-4.63632	-6.62547	2
-8.70141	-4.66008	2
-7.30943	-0.507421	2
1.0309	-0.464427	2
-6.84977	4.35232	2
-2.67524	0.860255	2
-7.32849	2.06973	2
-4.30051	-2.1336	2
0.72685	-7.0032	2
-1.10271	-7.76504	2
2.8501	-4.77623	2
-8.78974	-2.45478	2
7.53627	-0.976362	2
-1.51055	-0.28172	2
0.51004	-3.26902	2
-4.64828	-4.90696	2
0.0320272	-9.9044	2
-4.20986	-11.7583	2
-4.77041	0.053711	2
-1.20107	-0.500586	2
5.86429	0.45814	2
-1.47555	-0.32986	2
3.06431	-3.28511	2
-2.25424	-9.0302	2
-0.153452	-3.36344	2
-4.48902	-3.73157	2
-5.13402	3.2673	2
-11.6783	-7.49861	2
-8.59648	0.837725	2
2.71463	-11.4032	2
-5.71478	-13.3716	2
-3.32962	-3.16283	2
-6.93474	-8.49802	2
-4.75123	-1.55331	2
-3.60723	-3.65358	2
0.259737	-4.57011	2
-3.91851	0.819093	2
-6.05709	-3.3008	2
-11.6617	2.92195	2
-1.16895	-3.91874	2
-4.0782	-2.07357	2
-11.4826	-5.16196	2
-5.84113	-1.78622	2
-0.614921	-3.93893	2
-0.841661	-3.2701	2
-1.13132	-4.00753	2
0.649207	-1.80624	2
-1.03679	-0.598328	2
-2.40051	-2.98449	2
0.0526268	-7.86605	2
-5.17537	-7.60361	2
0.343712	0.857145	2
-6.01747	-5.14409	2
-7.61966	-5.08374	2
-2.70536	-4.79957	2
0.950087	-4.95979	2
-10.8267	-0.705991	2
-4.2804	-1.83261	2
-5.92947	-2.89817	2
-1.29088	-6.57866	2
2.15082	-4.32232	2
-1.44695	-4.30457	2
-5.66184	-3.62596	2
-12.279	-1.97149	2
-1.81187	-4.75195	2
-6.53793	-6.97677	2
0.594973	-6.29846	2
-9.18776	-4.29198	2
-4.07908	1.75108	2
-6.34572	-5.27647	2
-7.09675	2.1779	2
-1.03235	-3.88143	2
-9.39125	-5.6561	2
-4.08954	-2.72545	2
-3.76326	-11.5219	2
-8.33425	-6.24836	2
0.214732	-1.17347	2
-0.998535	-4.7904	2
-3.9496	-10.4946	2
-3.67453	-12.065	2
-3.43222	-2.84333	2
-5.17241	-0.864279	2
0.662437	-1.23904	2
-4.59222	-3.77068	2
-0.149139	-8.17219	2
-0.050363	-0.643574	2
-3.12002	0.706388	2
-4.6711	-2.34845	2
-2.0983	-3.58185	2
-8.63767	-5.97406	2
-4.01772	-1.02194	2
-5.87566	-6.8846	2
-0.589719	-2.48817	2
-0.582193	-2.86984	2
-5.39224	-5.80175	2
-4.99067	-4.74845	2
-4.87059	3.762	2
-11.4391	-2.46181	2
-8.19093	0.179534	2
-4.86821	-4.32259	2
-1.34253	-1.71856	2
-0.418233	-5.02165	2
-14.7859	3.30953	2
-2.824	-8.91362	2
-4.41105	-14.2458	2
-6.87642	-1.02275	2
-2.64891	-6.2642	2
-2.14709	0.713756	2
-7.70445	-3.31862	2
0.919345	-1.89701	2
-2.3774	-4.61063	2
-1.71021	-2.21217	2
-6.98664	-4.78623	2
-6.17525	-3.70378	2
-7.00538	-3.68302	2
-5.76588	-3.39364	2
-0.86357	-1.8881	2
-9.13583	-8.64044	2
-2.87962	-3.29105	2
-9.07979	-12.0361	2
-0.217859	-1.524	2
2.59079	-7.25406	2
-0.93509	-2.73544	2
-1.8728	-4.36047	2
-13.0154	-9.31582	2
-7.70548	-7.76239	2
-2.72949	1.76869	2
-9.17243	-9.80907	2
4.34333	-1.68497	2
-2.33584	-1.37999	2
2.23555	4.85175	2
-7.28012	-5.17505	2
-7.34063	-6.63188	2
-7.67585	-2.97649	2
-5.11534	-5.97674	2
-3.41304	4.96295	2
-9.59967	-2.55013	2
-1.33053	-10.2101	2
-4.98528	-2.0807	2
-10.3268	-0.733597	2
-5.50567	-4.47132	2
-4.67672	-3.21407	2
-3.35278	-1.99636	2
-2.52993	2.28666	2
-8.60572	-2.48122	2
-3.58215	-0.233324	2
-2.18422	-7.4875	2
0.107114	-4.21227	2
-2.05792	-11.0488	2
0.625213	-3.0166	2
-3.18255	-9.7132	2
0.580451	-3.61576	2
-3.75909	-7.72893	2
-4.48564	-4.87529	2
-6.00495	-5.96163	2
-9.43824	-4.23905	2
-5.33165	-1.81309	2
-2.09014	-4.56682	2
-2.30977	-2.10483	2
-10.1952	-6.37811	2
-13.0409	-4.40823	2
-1.45091	-3.1811	2
-7.84027	-2.75368	2
-2.26437	0.51384	2
-5.66718	0.216959	2
0.436761	-4.17306	2
4.90071	-2.42861	2
1.47545	-4.53632	2
-8.89328	-4.46792	2
2.29933	-4.85984	2
-2.14775	5.39026	2
-11.2694	-9.58512	2
1.13145	-13.5508	2
-6.74478	-5.36361	2
-4.15956	-6.01457	2
5.09776	-6.19301	2
-2.50026	1.89582	2
-16.8104	-8.565	2
-9.11075	-6.52478	2
-4.38076	2.79092	2
-6.22653	-6.61925	2
-2.59938	-8.22304	2
-2.26819	-7.69206	2
-5.47448	0.329804	2
-2.48454	-5.93024	2
-0.428726	-10.9398	2
-1.60834	-7.21557	2
-1.40998	1.44629	2
-11.8426	-3.31315	2
5.97327	-11.9191	2
-2.21345	-3.04206	2
6.05337	-6.14657	2
-3.09955	-1.73971	2
-3.39729	-2.18378	2
-3.55743	-10.5459	2
-2.25354	-8.73943	2
1.5837	2.95132	2
-6.57902	-1.27317	2
-3.27989	-0.449667	2
-6.72697	-8.1087	2
1.50187	-6.17955	2
0.828093	-0.174865	2
-10.1915	-3.35204	2
-7.32271	-2.28666	2
0.0234892	-10.8344	2
-9.29184	-0.478457	2
-5.96128	-4.09942	2
-6.72388	3.47213	2
-4.27196	-6.62435	2
2.70099	0.957252	2
-12.3187	-4.95259	2
-1.09043	-4.53293	2
-7.08687	-0.942934	2
-1.43429	-3.84717	2
3.32789	-5.30478	2
-6.85562	-2.58987	2
-1.11404	-11.8047	2
-9.60953	-4.30893	2
-2.04278	-3.96013	2
-2.1004	-7.37282	2
6.44092	-6.20391	2
0.240193	-3.90963	2
-5.91844	-1.88294	2
-5.52905	1.09806	2
-5.0642	-8.22201	2
-0.997666	-8.35962	2
-2.60352	1.16641	2
-10.4149	-0.594293	2
2.53304	-3.51517	2
2.6339	-9.34845	2
-11.4388	1.39276	2
-10.9129	-6.503	2
-0.802695	-7.18678	2
5.04002	3.79518	2
-4.44078	-1.41749	2
-0.0997831	-6.3613	2
-6.32952	-5.61177	2
-7.72258	6.76389	2
-1.58035	-2.797	2
-1.04942	-2.06979	2
-9.2103	-5.35966	2
-4.35512	-6.87483	2
-2.52642	1.92781	2
-4.94855	2.71693	2
-4.17133	-5.82999	2
-1.93429	-3.73341	2
-6.5818	-4.89286	2
-2.01316	-0.361472	2
-8.74396	-5.53306	2
-3.69384	-5.04125	2
-5.82595	5.34923	2
-5.42034	2.86124	2
-5.24228	-6.01918	2
-6.20738	-9.234	2
-2.98537	-4.3806	2
0.441137	-6.20428	2
-5.82452	0.181208	2
-4.94998	-6.67119	2
-5.90614	1.75152	2
-10.0658	-8.0948	2
-1.5806	-2.97957	2
-7.44013	-6.14878	2
-0.926503	-1.43346	2
-5.16872	-0.625785	2
-4.09265	-5.25282	2
-2.99011	0.0700463	2
-4.83854	-7.27256	2
-0.556819	-1.25611	2
-4.76838	-7.50338	2
2.48188	-3.87878	2
1.09931	-6.65692	2
-4.39434	-8.28693	2
-5.04807	-2.33794	2
-3.79427	-7.01927	2
-4.64039	-5.95495	2
-1.47594	-9.00951	2
-2.00256	0.48317	2
-5.38509	-13.5854	2
-5.6956	-1.43601	2
2.87568	-3.13851	2
-3.36955	-7.83641	2
-0.122646	-3.19865	2
-1.99451	-1.9221	2
0.651747	-7.5451	2
2.09848	-6.57608	2
-4.95212	-7.57165	2
-6.372	-5.77105	2
-5.27249	1.24998	2
0.765187	-1.01152	2
-4.29151	-2.03084	2
-4.53134	0.643784	2
-0.67585	-7.49522	2
-4.66638	-5.32599	2
0.253751	3.56893	2
-0.567839	-4.19646	2
-7.69993	0.353206	2
-6.34401	-4.66765	2
-8.72067	-3.28315	2
-11.6284	-3.46331	2
-1.22043	-9.04509	2
-5.33547	-13.1513	2
-3.90245	-10.8718	2
-4.05729	-6.34815	2
-6.48152	-7.64565	2
-10.8162	-7.43906	2
-3.52236	-5.44962	2
-7.78628	-8.26832	2
-4.49506	-4.34154	2
-6.1683	-1.79467	2
-9.02141	0.0247839	2
-3.31962	-2.96495	2
3.42604	-6.99631	2
-1.4588	-0.323234	2
-1.28684	-8.55515	2
-3.75025	-5.58095	2
-3.67509	-0.677768	2
-9.03047	-1.23164	2
0.508195	-0.702572	2
-11.1161	-2.6289	2
-4.73755	-6.99608	2
-10.7119	-4.41597	2
2.55938	-1.93124	2
-6.22774	-1.7468	2
-3.83981	-1.60236	2
-2.0575	-2.82333	2
-6.34504	0.172597	2
-0.111951	-10.8842	2
-6.63736	-5.63324	2
-9.57832	-1.04039	2
-7.7083	-10.3241	2
-0.289756	0.815861	2
-7.62196	-7.39312	2
-6.82182	-5.26826	2
-8.54567	-2.82441	2
-9.52697	-3.53544	2
-2.67206	0.249862	2
-5.72573	-4.9961	2
-13.0645	-8.75851	2
-7.77919	-9.07495	2
-0.905087	-0.578944	2
-6.15759	-2.8056	2
-2.86622	-4.79357	2
-1.47488	-3.17829	2
-8.1366	-10.7423	2
-3.4351	-5.62808	2
-1.10413	-6.38829	2
-8.18414	-5.80884	2
-3.41499	-3.64277	2
1.89829	-3.15901	2
0.957903	-0.190703	2
-5.40073	0.822307	2
-11.1582	-7.846	2
-4.07732	-2.48523	2
-3.09068	3.6017	2
-0.583874	-8.13945	2
-5.49399	-7.37469	2
-5.01795	1.65496	2
-0.0917004	-12.2731	2
-2.55018	3.55331	2
1.51909	-3.2874	2
-2.06154	1.70068	2
-8.75716	-3.24181	2
-1.11084	-1.56976	2
-9.56845	-12.3183	2
-4.87122	0.559166	2
-0.323157	-6.63322	2
-1.70563	-9.62462	2
0.459327	-3.22011	2
0.500324	-9.54461	2
-0.979414	1.20408	2
-9.76322	-11.9025	2
-10.1817	-4.83274	2
-4.15432	-2.78968	2
-1.42322	-7.9681	2
-10.2398	-3.80261	2
-4.44767	-6.94546	2
-8.61299	-1.94687	2
-3.73183	1.67364	2
0.690827	-10.0326	2
-12.1799	-4.77565	2
-6.25558	-8.157	2
-8.09465	-4.23688	2
4.76875	0.839948	2
5.01821	-11.3851	2
-3.46575	-6.59561	2
-1.58893	-7.52958	2
-2.49051	-8.93442	2
-7.47221	-1.69529	2
-2.81989	-2.81992	2
-0.013405	-9.24958	2
-6.04789	-8.19749	2
-6.59736	-2.41766	2
-7.56735	-7.63499	2
0.707948	-3.85682	2
0.186261	-3.09515	2
-10.7199	-10.4856	2
0.828934	-7.99199	2
-13.6603	-7.29785	2
-7.98648	-1.69314	2
-4.69465	-5.38274	2
-1.22572	-2.91184	2
-7.61272	-0.797473	2
0.0356973	-0.58673	2
-6.42456	0.630569	2
-8.19915	-1.30053	2
-5.92653	-3.28429	2
-10.2783	-3.17541	2
-4.65115	-11.2293	2
-4.58586	-1.50088	2
4.43093	-6.26133	2
-3.09861	-0.51394	2
2.17389	-0.882262	2
-10.4524	1.25506	2
1.35118	-3.26342	2
-12.0579	-8.54395	2
-7.24522	-5.05454	2
-0.428369	-0.138068	2
-0.287057	-2.16664	2
-10.1372	-6.04446	2
-4.98331	-4.76484	2
-7.82044	-3.07925	2
-0.79444	-9.55909	2
-2.63428	-4.05937	2
-2.52386	0.871615	2
-0.565872	-2.78879	2
-2.20155	-2.15241	2
-7.94042	-4.8973	2
-5.2973	-6.77775	2
-6.1151	-1.59644	2
-5.09626	-9.90217	2
6.67135	-10.9346	2
-1.40258	-1.89249	2
-5.72334	-1.43306	2
-6.75261	-1.27246	2
-3.52457	3.33812	2
-0.199014	-6.67279	2
-4.59656	-6.23311	2
-0.177676	-4.55439	2
-2.83485	1.39322	2
-5.55352	-8.32956	2
-4.70253	1.36723	2
-5.86555	-7.57673	2
-5.93524	-4.8052	2
-4.61397	-3.59593	2
-3.90945	-3.39811	2
-5.96513	-4.7843	2
-1.04276	-13.0422	2
-7.43922	-7.282	2
-4.54302	-3.7732	2
-5.43849	-4.00064	2
-6.37298	-3.75645	2
-2.90242	-6.99641	2
-7.65645	-4.8192	2
-1.03565	-2.55974	2
-5.82584	-2.76277	2
-0.287614	0.173422	2
-3.55546	-11.9754	2
-7.54935	4.69747	2
-0.106049	-13.7979	2
-6.41405	-7.09237	2
-16.0648	-8.60019	2
-2.19728	-9.02708	2
-6.86333	-2.92538	2
-6.58968	-4.92994	2
-4.45253	-10.5032	2
-4.9715	0.895893	2
-3.19177	3.39478	2
-0.973477	-13.7088	2
-3.54189	-19.977	2
-7.27823	-3.05859	2
-6.61251	-4.95636	2
-9.9268	-10.0116	2
-4.51117	2.13089	2
-5.21796	-4.28788	2
-11.6433	-13.8752	2
-1.58617	5.53606	2
-1.99223	0.290588	2
-4.01769	-0.743053	2
0.375617	0.242331	2
-8.28451	-3.81163	2
-9.49226	-1.62735	2
-1.21843	2.85366	2
-3.3998	-8.40735	2
2.85171	-7.55979	2
-0.948109	-1.3787	2
-5.46026	-5.15869	2
-7.96302	1.31882	2
2.17341	-6.09945	2
-0.0120599	-0.163543	2
-1.8494	-3.99587	2
-3.51064	-6.4785	2
-2.83853	-11.3536	2
-4.74724	0.0465109	2
1.39533	-6.06356	2
-2.84149	1.18849	2
-6.7289	-5.27458	2
-3.35671	-5.38811	2
0.203986	-2.59954	2
-4.37685	1.1844	2
1.68627	-5.35827	2
-10.9873	-3.99074	2
-2.9767	-7.28565	2
-14.2672	-1.87269	2
-6.54244	-8.80742	2
-3.19844	-10.8603	2
-4.63462	-5.13207	2
-4.17291	-6.35314	2
-4.39706	-2.21982	2
2.09124	-1.12762	2
-2.25403	-6.96885	2
-6.60017	-3.48215	2
-1.97028	-0.640507	2
-0.749565	-0.319652	2
-1.66438	-11.7808	2
-3.91669	3.22863	2
-2.1645	-12.2097	2
-4.74851	-4.52761	2
0.122316	-2.23954	2
8.55388	-9.48243	2
-3.79135	-3.76618	2
-2.27805	-5.09339	2
0.0935535	-0.802863	2
-9.5094	-2.57005	2
-7.11271	-4.64665	2
-3.43733	1.40376	2
-8.32507	-4.36094	2
2.38911	-9.61704	2
-7.98495	-0.912864	2
3.37362	-1.95064	2
-1.3095	-9.35007	2
-5.69795	-6.76007	2
-1.38295	0.60224	2
-19.0612	5.87165	2
-9.13562	-4.45736	2
1.20339	-9.00864	2
-11.2285	-9.29354	2
-1.68641	-0.69555	2
-5.37496	-6.00326	2
-8.39551	1.61639	2
-3.85433	0.788112	2
-8.15137	-6.83339	2
-3.94478	-4.35968	2
-11.7423	-3.43208	2
-3.49289	0.109679	2
-2.461	-3.56647	2
-5.96374	-0.271335	2
-5.95855	4.13547	2
-3.21329	-9.19333	2
-4.9235	-10.5193	2
1.2098	-5.12199	2
-5.09843	-5.47526	2
-4.26966	0.0139849	2
-4.8688	-7.27234	2
-3.00467	-4.64537	2
-3.42436	-4.72167	2
-7.11317	-1.82259	2
1.00002	-7.4861	2
1.86171	-8.12839	2
-10.1201	-0.796538	2
-6.5048	-1.75068	2
-4.64981	0.39747	2
-2.07615	-10.3389	2
3.80468	-4.0977	2
-5.39883	-5.6259	2
-5.01775	-0.933609	2
-5.70506	-6.27852	2
-3.21576	-4.71316	2
-4.09033	-9.75179	2
-2.04635	-5.31902	2
-2.55441	-3.86143	2
-13.4877	-3.09119	2
-3.76858	-3.99986	2
-10.4792	-5.03976	2
-2.05759	-4.35035	2
-3.34285	-4.25592	2
0.517013	-2.72675	2
-3.60915	-7.34722	2
-4.94983	-4.1003	2
-6.57546	-5.61636	2
-5.60147	-0.966357	2
-1.95264	-4.65684	2
-7.89189	-11.5846	2
-4.91474	-7.57309	2
-7.46796	3.63514	2
-2.63153	0.45887	2
-2.12368	-2.74972	2
-2.81818	-4.60883	2
-3.39165	-6.94956	2
0.759497	-6.20366	2
-10.1962	-3.3508	2
-8.77496	-9.85603	2
-8.65942	-9.85824	2
-8.92921	-7.79496	2
-0.32965	-7.55217	2
-5.02848	-1.30528	2
0.191411	-0.353382	2
-5.90692	-7.07863	2
-6.62622	-0.911582	2
-6.27457	-2.52435	2
-6.45781	-4.94596	2
-7.84921	6.61555	2
-6.6453	-12.0126	2
0.456194	0.699717	2
-7.03775	-7.03042	2
-0.288344	-4.50794	2
-9.35237	-3.64412	2
2.46451	-5.63168	2
-2.66398	-3.38546	2
-8.58207	-3.58858	2
0.52404	-2.23564	2
-7.6524	-3.16876	2
-3.26738	-4.12918	2
-11.4779	-2.61551	2
-5.11346	-7.20624	2
-9.24069	-4.13781	2
-4.33268	-8.48112	2
2.55426	0.973111	2
-8.62082	-10.1339	2
-6.17749	-5.19954	2
2.30382	-9.09797	2
1.63004	-3.12316	2
-4.08436	0.50136	2
0.681626	-6.5476	2
0.6064	-4.62008	2
-3.65901	-1.09656	2
-8.76501	-3.5228	2
-2.17998	-10.8981	2
-3.73434	-9.1139	2
2.1374	4.0621	2
1.6966	-5.54482	2
3.00307	-3.32688	2
-8.94343	-9.64912	2
-14.172	8.29785	2
-0.771876	4.32427	2
-9.3293	-3.41631	2
-2.23724	-5.83726	2
3.65253	3.94408	2
-9.72668	-12.6815	2
-8.88686	3.6846	2
-2.10336	-6.31345	2
-1.70729	-6.7395	2
-5.67921	4.17766	2
-0.146571	-1.1216	2
3.52475	-8.88735	2
-2.17402	3.42899	2
-0.357747	-6.62409	2
-5.32728	-3.62328	2
-4.90454	-7.16072	2
-5.33635	-5.40651	2
-2.53313	3.59223	2
-8.3067	-5.20916	2
-3.76055	-3.14173	2
-1.66696	-10.5797	2
-7.88612	-7.17249	2
-8.52034	-5.77095	2
-7.59273	-0.0192253	2
-6.83423	-7.02692	2
-8.12179	-3.97062	2
-6.22956	-3.74856	2
-1.79832	-5.82028	2
-3.76962	-1.13344	2
-0.299867	-4.88785	2
-7.77866	-8.15098	2
-6.33077	-0.0841423	2
-2.5847	0.72304	2
2.60357	-3.78626	2
0.0307678	-3.29571	2
-10.9139	-3.03655	2
-3.64546	-7.53082	2
1.21905	7.56727	2
-7.84433	-0.00241095	2
-7.44198	2.10472	2
-9.82659	-7.38303	2
-8.50884	-1.98797	2
-7.16568	-2.90767	2
-4.90415	-4.8809	2
-4.25838	-0.528491	2
-9.18735	-11.3685	2
-2.79379	-7.38006	2
-8.71543	-1.88706	2
0.418448	2.17878	2
-1.07167	-0.536111	2
-0.632749	-7.61967	2
-16.3656	-2.54661	2
-4.26029	-9.50209	2
-4.37253	-8.79968	2
-8.59845	-7.6631	2
-1.17215	-13.2011	2
-12.6045	-4.31119	2
-2.34402	-0.591115	2
-4.69833	-0.655054	2
-1.96485	-4.65648	2
-9.31378	-1.84819	2
-12.8578	-6.24029	2
-3.4788	-9.05538	2
-2.93082	0.171984	2
-0.411391	-5.26866	2
-6.31771	-3.17533	2
-3.29163	-7.27917	2
-3.94779	-2.82078	2
2.61459	-2.43249	2
-9.4308	-1.90339	2
-5.11646	-4.90398	2
-5.65327	4.7943	2
0.0866182	-3.78559	2
-6.57997	4.39196	2
-0.373868	-9.55639	2
-6.33722	0.154819	2
-10.7074	-13.7744	2
-10.3626	-1.3373	2
-4.31816	-2.96018	2
-4.58885	-2.14424	2
-4.37892	-1.93789	2
-7.45102	-6.54627	2
2.48146	-11.2999	2
-6.21136	-4.07896	2
-2.60034	0.570134	2
0.933883	5.82567	2
-9.12782	-7.89991	2
0.269648	-10.5476	2
1.12233	5.21859	2
-1.94401	-1.4998	2
3.25926	-3.88696	2
-8.10417	-4.81428	2
1.55684	-4.34132	2
-2.02251	-9.06077	2
2.37776	-1.41308	2
-5.02845	-1.36806	2
-7.51444	-4.22204	2
-6.23267	-3.27956	2
-6.77937	-4.34426	2
-4.00232	-4.61303	2
-4.32841	-10.1603	2
-16.5119	-3.91118	2
-10.855	-9.69538	2
-10.0031	-2.52664	2
-4.4232	-8.87192	2
4.27092	-10.6527	2
-3.65206	-8.95427	2
-3.88201	-4.45884	2
-3.80934	-9.16297	2
2.00085	3.01523	2
-1.30339	-1.18208	2
3.45174	-7.95884	2
-1.78015	-8.38853	2
-8.6758	-4.76904	2
-2.56363	-4.69584	2
-1.77919	-2.02244	2
-8.04587	-4.76199	2
-1.3645	0.496501	2
-2.88686	-0.535505	2
-4.81719	-4.87484	2
-1.2104	-8.95418	2
-1.27553	-2.52526	2
-10.1213	-0.0738129	2
-1.56362	-6.61603	2
-2.77757	-1.83223	2
-8.02962	-8.23358	2
-7.71996	-3.87153	2
3.70176	-2.70219	2
-0.350487	-2.83266	2
1.18177	-7.7387	2
1.35144	-7.88587	2
-10.2333	-8.68575	2
-1.70739	-3.47413	2
-3.72641	-7.02429	2
-1.10668	-2.57888	2
-5.45691	-0.315825	2
-4.73813	0.456384	2
-2.45232	-0.14245	2
-2.53622	-4.20025	2
-2.86996	-5.13693	2
0.956083	1.0029	2
-7.35667	-4.90472	2
-3.50045	-9.06883	2
-3.2731	-3.2812	2
-2.46526	-9.2774	2
-4.43081	-9.39219	2
-1.56532	0.425376	2
-0.88125	-0.657994	2
-6.25759	-2.31068	2
-4.88287	-3.63078	2
-5.17534	-6.61807	2
-2.76142	-5.107	2
-1.53974	-8.92001	2
-8.65531	-1.15202	2
-2.93416	-10.9434	2
0.577526	-12.3447	2
-7.15957	3.43935	2
2.18905	-5.77625	2
0.691229	-5.36746	2
8.44227	-5.15085	2
-4.3144	-3.93064	2
-11.8677	1.29207	2
-7.39325	-6.25666	2
-6.38804	-6.4912	2
2.43942	3.38798	2
-4.87615	-4.01453	2
1.53086	-9.81073	2
-0.145252	-4.1665	2
-3.24601	0.240156	2
-9.11575	-0.848731	2
-6.13221	-0.209248	2
2.39084	-3.72618	2
-6.4157	0.506614	2
-0.075176	-2.25408	2
-15.6957	-5.29805	2
-11.3865	-5.36684	2
-5.18002	3.01727	2
-4.69399	-0.360852	2
-0.196948	-4.69456	2
-1.6731	-4.77845	2
-10.5651	-6.36347	2
-3.27914	-5.6655	2
1.48522	-2.59937	2
-7.82144	-4.76368	2
-12.4759	-2.35373	2
-4.50463	-0.382649	2
-8.22814	0.61201	2
-8.70601	2.22422	2
-9.00388	-9.16944	2
-7.24244	-11.9773	2
-6.77595	-8.9911	2
-5.25761	-3.46849	2
-4.95232	4.62444	2
0.503465	-4.63101	2
-3.1363	-11.2362	2
-3.03605	-1.94599	2
-12.6205	-3.18793	2
-4.85125	-13.3067	2
-3.17562	-0.266103	2
-5.59625	-10.9653	2
-3.96089	-2.94984	2
-0.943163	-12.6758	2
-1.26643	0.452133	2
-6.03381	-3.05711	2
-4.75587	-6.71526	2
-7.94941	0.357772	2
-7.88857	-2.32669	2
-6.36681	-5.95179	2
-6.72212	-3.22664	2
-1.97344	-5.33882	2
-1.69055	-11.2904	2
-1.96292	3.90068	2
-3.64451	-4.79083	2
-4.56569	-5.19772	2
-12.4381	-6.24572	2
-1.52363	-0.900222	2
-0.863809	-3.47066	2
-5.79321	-0.181578	2
-7.58164	-4.2845	2
-1.6956	-3.91278	2
-9.13028	-0.488694	2
-6.7985	-3.47342	2
4.46604	-12.7053	2
-11.2369	-5.11916	2
-3.46445	-3.5445	2
3.75893	-0.0438003	2
-3.14336	-2.00062	2
-6.80427	1.94836	2
-0.667314	-8.3992	2
-4.28047	-7.48173	2
-9.16527	-3.6167	2
-2.81081	-3.43408	2
-1.7856	-4.64954	2
-7.09195	0.694061	2
-0.125996	-5.7082	2
-8.30328	-4.50775	2
0.719651	-7.63742	2
1.84396	-6.89862	2
4.21427	-7.21216	2
-9.08738	-4.3004	2
-4.77268	-6.71886	2
-3.47806	-5.08959	2
-13.6867	-4.21397	2
-7.15029	5.0581	2
1.72731	-5.06181	2
-4.36661	-4.40591	2
-8.70359	-10.7622	2
0.509725	7.32682	2
-10.2523	-6.2279	2
-4.17367	1.11434	2
-1.54796	-3.99105	2
-5.67298	-2.76369	2
-2.56503	-5.88897	2
-3.75184	-11.8515	2
0.617855	-1.19695	2
-8.12317	-1.40296	2
-6.59219	-4.29865	2
-10.2722	-13.8135	2
-6.52885	-7.26617	2
-1.36754	-1.65028	2
2.18246	-0.480547	2
-13.5626	-1.62066	2
-1.30779	-3.45293	2
-3.33331	3.78469	2
1.09674	-6.1013	2
-2.50016	-12.5142	2
-11.1807	-2.17112	2
-1.3256	-1.89558	2
-1.68103	-7.47137	2
1.00683	-3.3293	2
-5.60721	-2.98018	2
-9.82764	-1.83046	2
0.638091	-5.00922	2
-3.08504	-3.75697	2
-1.98969	-3.95968	2
-7.48681	-6.55722	2
-4.76021	0.0715129	2
1.06964	-1.0373	2
-3.55884	-1.28796	2
4.32426	-4.5209	2
-6.55593	0.0312093	2
-5.17801	-2.43082	2
2.58209	-10.1277	2
-1.48683	-12.3381	2
-4.7668	-4.92598	2
-3.82484	-5.11258	2
-4.76481	-6.61582	2
-5.8641	-0.795935	2
-4.1959	-6.79879	2
-0.859152	-3.04262	2
-6.92679	-3.63486	2
-9.21508	1.24148	2
-0.361613	-6.70436	2
-3.70453	-3.57427	2
-10.7718	2.77387	2
0.496984	-3.73059	2
-4.48862	-5.88728	2
-4.51547	-4.73821	2
-5.85021	-1.53912	2
-13.0349	-2.03545	2
-3.09798	1.55102	2
-6.84618	-6.73378	2
1.93534	0.268715	2
-2.94162	-0.0047122	2
-5.83598	-4.35127	2
-5.24075	-6.25874	2
-8.16602	-7.11065	2
-2.8072	-10.2195	2
-7.67121	-1.54018	2
-1.08061	-9.87395	2
-7.26448	-3.08987	2
-2.38361	1.85709	2
1.82051	0.707929	2
-13.0226	-7.13207	2
-8.96258	-2.60132	2
-9.23235	-2.30753	2
-4.97796	-7.39822	2
-6.79	-6.71594	2
-9.85729	-4.57197	2
-8.77596	-3.22888	2
-4.53051	-4.29834	2
-13.1556	-9.97911	2
-2.5471	0.119494	2
-0.537653	-9.12518	2
-2.31817	-7.569	2
-9.43381	-8.33812	2
-8.94187	-2.68066	2
-5.6436	-6.06585	2
-1.12945	-5.06105	2
1.2765	-6.75819	2
-6.52326	-6.57729	2
-2.46305	-0.920273	2
-10.1734	-1.03998	2
-8.48819	-2.2294	2
-1.85239	5.12377	2
0.226403	-5.23175	2
-8.24164	-3.21598	2
-3.6033	-8.95399	2
-4.12515	0.668415	2
-9.20446	-7.82193	2
-1.71255	-8.23222	2
2.93812	-5.53439	2
-2.58608	1.07669	2
-0.689365	-4.27139	2
-8.00903	-0.0123047	2
-7.60418	-3.64221	2
-5.13551	3.75199	2
-0.112801	-2.67346	2
-7.43737	-4.69727	2
-4.8128	-1.66062	2
-4.27643	-3.488	2
-1.97461	-4.77271	2
-5.39147	-8.55886	2
-9.6345	-4.61052	2
-2.83858	-3.47313	2
-7.84581	-4.01723	2
-5.15949	-2.74186	2
-9.0793	-5.54922	2
0.380984	-5.04241	2
-9.94982	-4.36736	2
1.00543	-10.602	2
0.156471	-3.15195	2
-2.31902	-3.0229	2
-5.02163	-1.00151	2
3.0375	-1.92682	2
-2.7665	-5.42232	2
-11.9438	-8.41916	2
-6.79553	-2.6168	2
-2.1859	0.367907	2
4.41921	-0.649391	2
-5.78137	2.97963	2
-2.17135	-1.86516	2
-7.16645	-4.22474	2
-5.95877	-9.16774	2
-3.84543	-6.31962	2
-10.1333	-6.49575	2
-12.548	1.74011	2
-8.65524	-6.16761	2
3.49437	-3.45213	2
-5.86106	-5.68071	2
3.12159	-6.45864	2
-4.69252	-4.19457	2
-4.77995	-4.90045	2
-2.23365	-6.67139	2
-8.82973	-3.28556	2
-7.19091	-0.68673	2
-2.00647	-1.45676	2
-3.16507	-2.17047	2
-4.8874	-3.93831	2
-0.539402	-3.90315	2
-1.39878	-8.47908	2
-7.46875	-7.04325	2
-4.96902	-3.58467	2
-6.63698	1.75171	2
-6.96183	-1.92497	2
-6.80406	-4.96438	2
-1.53211	-2.51825	2
-1.9403	-9.31598	2
-6.94351	-8.83466	2
4.84826	-5.32118	2
-7.90949	-2.24416	2
-4.54977	2.77262	2
-1.78444	-3.66274	2
-7.43313	1.78501	2
-13.4871	-3.25406	2
-0.135522	-3.77062	2
-1.44149	-8.25171	2
-10.0705	-5.68567	2
-7.41848	-10.3871	2
0.048613	-2.76373	2
-8.10768	-3.62257	2
2.16413	-1.28099	2
-2.93603	-1.21189	2
-4.63632	0.463293	2
-1.46458	1.74694	2
-2.43939	-3.08822	2
-7.43526	-6.86804	2
-5.77624	-1.74133	2
-1.38823	-4.25795	2
-6.84409	-6.32356	2
-13.6684	-1.53337	2
-3.62707	-8.63344	2
1.1726	1.68029	2
-6.93425	-7.3077	2
-7.22843	-6.00022	2
-5.23005	-10.1309	2
-1.31125	7.05337	2
0.402285	-2.08287	2
-4.20141	-3.48894	2
-7.44453	-11.5526	2
-7.10933	0.915766	2
-5.5702	-5.38993	2
-5.01106	-2.90148	2
-4.11062	-5.83892	2
1.33023	-2.2207	2
-5.93176	-7.96063	2
-0.309159	0.423939	2
-0.389504	-8.89418	2
-12.3951	-1.53084	2
-9.55716	-6.37276	2
-6.55133	-3.82401	2
1.52166	-6.04343	2
-7.737	-4.75988	2
-1.32011	-4.14752	2
-1.15154	-10.1953	2
-4.91607	-3.08591	2
-1.46355	-8.53671	2
0.0726453	-7.56314	2
1.13979	-3.23848	2
-6.66546	2.49968	2
-6.55072	-0.88881	2
-6.12254	3.27948	2
-4.40366	-6.20831	2
-4.87565	-3.07486	2
-5.70128	1.26326	2
-1.48012	-2.99761	2
3.51201	-8.22347	2
-5.12558	-1.72479	2
-2.39863	-2.60396	2
6.54641	-6.56974	2
-1.24457	0.75688	2
-0.147617	-1.02892	2
-11.4997	-1.49281	2
-0.605811	-0.256568	2
0.0301967	-7.72307	2
-2.50142	-2.65638	2
-4.1222	0.900789	2
3.1209	-10.208	2
-1.73965	6.25265	2
-4.06817	-1.96734	2
-3.91286	-3.17082	2
1.68416	-6.6925	2
-6.46829	-8.43832	2
-5.6642	-5.57515	2
-4.37744	-4.40245	2
-9.6778	-7.34673	2
-6.97328	-5.47179	2
-6.05454	-0.723927	2
-5.61485	-8.30659	2
0.259775	-4.68643	2
-4.65657	-0.0834571	2
2.16452	2.65729	2
-3.8621	-0.86223	2
-3.48887	-4.29646	2
-8.20425	-0.332256	2
-3.8201	-5.44885	2
-0.715935	-6.57284	2
5.90474	-2.48739	2
-2.90843	-5.02424	2
-13.9869	1.56272	2
-3.76052	1.80453	2
-7.12979	-5.53052	2
3.28599	-4.70064	2
-7.06675	-9.56282	2
-8.71558	-5.79625	2
-9.3293	-0.381974	2
-3.85069	-13.9742	2
-3.85539	-5.49358	2
-8.26846	0.115964	2
-9.86264	2.10321	2
-6.05912	-3.11314	2
-1.50073	-8.77815	2
-4.78984	-0.435628	2
-4.49424	0.0173616	2
-3.04294	-9.75561	2
-3.21863	-1.39569	2
0.814029	-2.19108	2
0.480681	-0.609555	2
0.422813	-2.54336	2
-8.12205	-7.1684	2
-6.9488	2.40132	2
-6.50046	0.643628	2
-3.25425	-2.61126	2
-10.4049	-8.43224	2
-4.8649	-5.8207	2
-1.68768	-5.26125	2
-5.13296	-3.01435	2
-10.2265	-6.02528	2
-6.937	-6.43389	2
-7.59421	-1.40675	2
-3.00397	2.85856	2
-1.71348	-7.25377	2
-8.37498	-5.29679	2
-6.80081	-7.82982	2
-10.5351	-11.0443	2
-0.856241	-2.72769	2
-0.89845	-6.04579	2
-6.02752	-6.87592	2
3.96086	-5.16728	2
-4.0894	-10.9661	2
-5.14792	-8.63087	2
-1.18309	-1.18557	2
-1.29873	-11.6732	2
-0.178378	-2.88144	2
-0.88667	3.55402	2
1.33543	-2.42323	2
-3.77683	-0.399721	2
1.59541	-6.48526	2
-8.68118	1.28565	2
-10.3041	-6.5687	2
-5.2414	-6.47032	2
-8.43669	-0.927886	2
-4.30079	-10.6857	2
-1.01261	-4.88951	2
-1.37087	-4.23774	2
-3.10564	-1.77179	2
-3.93761	-4.00726	2
-9.72898	-3.43514	2
-12.2986	-2.00814	2
0.183734	-3.50674	2
-8.01463	-7.48573	2
-4.7274	-12.2125	2
-9.61513	-3.35968	2
2.10884	-4.2504	2
-7.22908	-4.65767	2
-8.83918	-1.16666	2
-0.728439	1.13084	2
-3.47858	-1.89043	2
-1.02073	-2.70335	2
6.77559	-3.70615	2
-0.615134	-2.28087	2
-2.79209	-4.11395	2
-10.3735	-12.399	2
-2.9486	-5.49541	2
-1.81453	-4.47617	2
0.58776	-3.62806	2
-8.6747	-1.82173	2
-7.52868	3.23209	2
-6.63305	-4.83748	2
-4.75558	-0.848942	2
-6.03643	-3.19141	2
-4.21237	-6.53717	2
-2.44646	-7.71809	2
-12.2077	-5.6163	2
-4.4753	-4.97099	2
0.246285	-11.9779	2
-7.5126	-7.53599	2
-13.0348	-2.79142	2
-5.77755	1.70577	2
-19.5524	-4.54169	2
1.33254	-1.1413	2
7.82076	-5.39027	2
-4.00411	-1.14458	2
-3.45011	-1.03143	2
-4.40473	-8.13446	2
-2.78594	-6.62038	2
2.3727	-3.02344	2
-4.67871	-4.17284	2
0.650152	3.02874	2
-11.8399	6.31536	2
-10.9337	-4.87943	2
-8.33424	1.57503	2
-1.10417	-9.10669	2
-4.36298	0.368135	2
-8.45524	-6.53827	2
3.24691	-0.872478	2
-2.39801	-4.04375	2
-5.39168	-0.234376	2
-3.51339	-1.49687	2
-5.49878	-4.76839	2
-0.557595	-1.08531	2
-5.3155	-4.95379	2
-0.202366	-3.65812	2
-6.32705	-6.2661	2
-3.0017	-6.42684	2
-2.31944	-6.11253	2
-2.5213	0.177989	2
-1.70572	-10.3152	2
-8.40534	-0.521955	2
-5.36899	-7.35824	2
-4.77754	-10.895	2
-1.27259	-5.61736	2
-10.0157	-6.76303	2
1.91552	-0.460154	2
-8.54806	-3.74855	2
-2.80143	-5.42268	2
-4.85764	-3.37843	2
-2.0359	-4.33517	2
-7.71825	-0.759689	2
-5.94943	-3.98907	2
-1.24212	-10.0324	2
-4.08479	-3.95012	2
-0.447793	-2.79151	2
-5.49353	-7.87379	2
2.90406	2.02863	2
3.81242	-4.15448	2
-1.7728	-0.684526	2
-3.94381	-12.0595	2
-2.61827	-3.75405	2
-3.75465	-1.83528	2
-0.499669	-1.64203	2
-1.86302	-10.0615	2
-5.87316	-3.88187	2
-2.91706	-3.03758	2
-4.66095	-4.36229	2
-14.4395	-3.88909	2
-3.64014	-8.27929	2
-3.81892	3.33497	2
-3.22964	-4.75567	2
-7.00128	1.47948	2
-8.15845	-12.1942	2
-5.45112	-4.96833	2
0.0702478	-7.06604	2
-8.0236	-3.15318	2
0.859849	-2.40273	2
1.04735	-2.04469	2
14.2852	14.2388	0
15.7676	11.8076	0
14.5618	14.4933	0
13.2118	13.7614	0
14.8013	13.4477	0
14.6992	13.3934	0
12.1639	13.9395	0
14.1645	13.9877	0
13.654	13.1287	0
15.0544	13.818	0
12.766	14.9749	0
12.8057	14.1722	0
15.5828	13.5044	0
14.3749	14.3722	0
14.3881	13.0449	0
14.7778	14.0906	0
13.9302	13.0042	0
13.9707	14.3564	0
13.9239	13.2629	0
12.0318	12.6149	0
12.8237	13.7267	0
14.5287	11.9298	0
16.0586	13.2635	0
13.7649	13.6044	0
12.7652	13.5477	0
14.3425	15.2079	0
11.6033	14.0859	0
14.5024	13.3289	0
15.6083	13.5432	0
15.4708	15.203	0
13.4856	13.2542	0
14.5679	12.598	0
13.6027	13.2689	0
13.1707	14.9215	0
13.1341	14.8116	0
11.8358	15.6344	0
12.6883	12.8897	0
12.3908	13.3505	0
12.1012	13.2562	0
14.6902	15.5501	0
13.0773	-16.0787	1
12.9769	-15.5485	1
14.7842	-14.4025	1
12.4946	-16.9981	1
12.238	-15.7127	1
14.2849	-16.4049	1
16.1498	-14.9191	1
12.6285	-14.1525	1
12.303	-14.3225	1
13.2424	-17.2645	1
13.597	-16.3343	1
14.7992	-15.9894	1
13.5671	-17.8168	1
14.0952	-16.5073	1
11.9798	-15.8761	1
13.5652	-15.1943	1
12.0486	-15.4636	1
15.0637	-15.1683	1
14.3738	-16.3504	1
14.0203	-14.5104	1
11.9756	-15.0146	1
12.9329	-14.8451	1
13.9659	-18.7494	1
15.1674	-15.0689	1
13.0231	-16.2714	1
14.0688	-16.8532	1
13.6196	-15.5865	1
13.8475	-15.9152	1
15.9446	-16.234	1
14.7897	-16.6068	1
13.1523	-15.5153	1
13.6636	-15.9504	1
14.0018	-16.4946	1
13.5861	-16.2759	1
15.965	-16.7941	1
12.6384	-16.9588	1
13.1905	-16.4457	1
12.7335	-15.1582	1
13.7765	-15.8564	1
15.5374	-14.1747	1
