7.39862	-0.2461	0
7.30285	0.69941	0
7.47957	-0.49989	0
7.62923	0.10891	0
7.71322	0.30709	0
7.62617	0.18432	0
7.85865	0.55085	0
7.61955	-0.39127	0
7.54421	0.30576	0
8.0267	0.2624	0
7.01147	-0.4223	0
7.61738	0.10561	0
7.19368	-0.31281	0
8.09639	0.74281	0
7.91056	0.11376	0
7.62139	0.27139	0
7.22762	0.07757	0
7.53953	-0.4564	0
7.63679	0.25969	0
7.1786	0.51217	0
7.35338	0.41081	0
7.60659	0.25238	0
7.65117	-0.55581	0
7.39479	0.58143	0
7.69799	0.73469	0
7.95083	0.56148	0
7.77986	0.23143	0
7.33677	0.23039	0
7.71406	0.05763	0
7.34697	-0.32574	0
7.46147	0.44858	0
7.5368	0.08055	0
7.90778	0.63753	0
7.60687	0.58446	0
7.75931	0.2971	0
7.82333	0.18452	0
7.77991	0.23452	0
7.35661	0.7485	0
7.39477	0.40004	0
7.66593	0.10058	0
7.17274	0.91297	0
6.75135	0.66124	0
7.76567	0.85993	0
7.37576	-0.33207	0
7.75167	0.48218	0
7.03181	0.71748	0
6.73882	0.09035	0
7.42752	0.49387	0
7.27009	0.6855	0
7.35102	0.206	0
7.94057	0.17504	0
7.46589	0.66609	0
7.13205	0.21333	0
7.0793	0.8926	0
7.27383	1.30229	0
7.55079	1.46297	0
7.90855	0.98929	0
6.9655	0.38143	0
7.0003	1.13143	0
7.66156	0.01546	0
7.84063	0.46693	0
7.5764	0.07464	0
7.68378	0.32526	0
7.77865	0.40541	0
7.16051	-0.06941	0
7.28082	0.73454	0
7.5079	-0.06652	0
6.9438	1.1673	0
6.98965	0.26621	0
7.36967	1.25471	0
7.31695	0.69752	0
7.12571	0.43514	0
7.31474	1.0207	0
7.38712	0.6054	0
7.91894	0.99832	0
7.5822	1.01832	0
8.01632	0.89705	0
7.35283	0.66887	0
7.25303	0.88662	0
6.88673	0.74306	0
7.6972	0.74333	0
6.95702	1.14231	0
7.349	0.33212	0
7.64632	0.3976	0
6.84279	0.92209	0
6.76553	0.70536	0
8.11873	1.5247	0
7.39941	0.98949	0
7.18657	1.21102	0
7.84618	1.25351	0
7.6797	0.62114	0
7.37324	0.74602	0
7.58268	0.56176	0
7.20987	0.65135	0
7.25851	0.02994	0
7.249	1.0662	0
7.3419	0.48684	0
7.92665	0.70154	0
7.58054	0.96121	0
7.00273	1.39589	0
7.15912	0.58232	0
7.1244	1.14528	0
7.11929	1.09349	0
7.72232	1.4987	0
7.00045	1.0308	0
7.74879	1.12048	0
7.23467	0.99868	0
7.3861	1.09341	0
7.44634	0.89757	0
7.09266	0.94571	0
7.42938	0.77611	0
7.18301	0.83395	0
7.65701	0.83749	0
7.87354	0.55722	0
6.81568	0.80449	0
6.63793	1.08076	0
7.71489	0.15617	0
7.69053	1.20672	0
7.7105	0.53291	0
7.93386	1.13258	0
7.39118	1.48361	0
6.95367	1.41901	0
6.69437	1.48863	0
7.23311	0.89052	0
7.80159	0.94281	0
7.14581	0.88274	0
7.88809	0.66654	0
7.70866	1.47774	0
7.15706	1.10793	0
7.76971	0.87748	0
7.19793	0.15424	0
6.72134	0.60174	0
7.85053	0.34489	0
8.03808	1.3259	0
6.5523	0.96226	0
6.57557	0.1906	0
7.46423	1.66232	0
7.39931	1.15783	0
7.03784	1.26611	0
7.59296	2.17646	0
7.93422	1.27779	0
8.05501	1.9645	0
7.40429	1.74629	0
7.22362	1.08432	0
7.22698	0.84076	0
7.86056	1.07274	0
7.92616	1.64309	0
7.38654	1.61588	0
8.0982	1.92536	0
7.14984	1.72934	0
7.76368	1.66678	0
7.59333	1.87381	0
6.72299	1.21937	0
7.76498	1.57023	0
7.04128	1.74518	0
7.96741	1.78588	0
6.97799	1.00271	0
7.52211	1.38292	0
8.1971	1.5335	0
7.3763	2.17343	0
7.02855	1.83701	0
7.11225	1.24656	0
7.74277	2.14336	0
6.76666	1.99179	0
7.34098	1.15642	0
7.26977	0.93198	0
7.46266	1.88443	0
7.5292	1.4051	0
6.76532	1.34143	0
7.09979	1.22978	0
7.96455	1.85442	0
7.07399	1.03913	0
6.95776	2.0996	0
7.27095	1.48775	0
7.59705	0.89372	0
6.76739	1.42421	0
7.46262	1.69573	0
6.91807	1.29125	0
7.1534	0.84197	0
7.60273	1.62833	0
7.61166	1.34495	0
6.86061	1.64042	0
7.49476	2.44734	0
7.31978	1.97594	0
7.54228	1.26032	0
7.57142	1.5887	0
7.25945	1.84409	0
7.41157	1.52517	0
7.46592	1.99194	0
6.77005	2.17827	0
7.32449	1.84318	0
6.90128	1.21879	0
6.77734	1.25573	0
6.75567	1.96741	0
7.31599	1.6637	0
7.06933	1.76387	0
7.7217	2.62509	0
7.31422	1.7378	0
6.48516	1.97286	0
7.07414	1.75262	0
7.60844	1.22142	0
7.26727	2.0619	0
7.59831	1.87126	0
7.55586	1.82569	0
7.50161	1.59204	0
7.01067	2.16726	0
8.28828	1.84891	0
6.76598	2.52601	0
7.3557	1.27757	0
7.60545	1.18517	0
6.41015	1.95335	0
7.78729	1.97662	0
6.82519	1.91607	0
7.49955	1.77554	0
7.6607	2.12822	0
7.2077	2.48186	0
7.49305	1.59216	0
7.17955	1.26471	0
7.25018	2.25924	0
7.3924	1.64861	0
7.57457	2.09004	0
7.4725	1.61315	0
7.7939	2.57843	0
7.29792	2.16136	0
7.57208	1.90652	0
7.26071	2.18526	0
7.31499	1.51656	0
6.57294	2.08619	0
6.62784	2.82185	0
7.36356	2.47987	0
6.62825	1.66469	0
7.36274	2.73793	0
6.82504	2.18788	0
8.0643	1.94909	0
7.01113	2.39113	0
7.36898	2.10704	0
6.95905	2.44859	0
7.40983	2.69934	0
7.39984	2.32677	0
6.95891	2.04058	0
7.35503	2.64637	0
7.61321	1.78629	0
7.3126	1.93849	0
7.22779	2.14965	0
7.26732	2.24551	0
6.47834	3.10766	0
6.81393	2.92621	0
6.73094	2.08346	0
7.09751	2.05601	0
7.11732	2.17751	0
6.88298	2.28325	0
7.68805	2.17114	0
7.15597	2.50039	0
7.2658	2.00916	0
6.97765	1.98733	0
6.7363	2.00428	0
6.27928	1.87579	0
7.01571	2.38722	0
7.04316	1.92828	0
7.81156	2.04928	0
6.76592	2.58561	0
6.89393	2.79337	0
6.28056	2.31314	0
6.89312	2.80797	0
6.12967	2.32665	0
7.49844	2.19474	0
6.86667	2.34802	0
6.69979	2.92743	0
7.14301	2.21275	0
7.01631	2.97713	0
7.60357	2.03819	0
6.8276	2.42957	0
6.83044	2.37859	0
6.7804	2.26401	0
6.81599	2.06867	0
6.38285	2.48092	0
6.91259	2.08031	0
6.80364	2.79304	0
6.95203	2.47565	0
6.63345	2.75064	0
7.91283	2.8131	0
7.1341	2.87312	0
6.83542	2.81666	0
6.56628	2.92775	0
6.55007	3.01898	0
6.59719	2.37996	0
7.03909	2.75308	0
7.17473	2.78397	0
6.68585	2.76557	0
7.06458	2.87386	0
6.65996	2.54328	0
7.12754	3.21715	0
7.10179	3.16299	0
7.11627	2.8494	0
6.85504	2.52446	0
7.01444	2.65002	0
7.22278	2.75529	0
7.15843	2.63523	0
7.16282	2.20008	0
6.27227	3.62918	0
6.53213	2.60177	0
7.00015	2.68365	0
7.22881	3.10556	0
7.57623	2.62342	0
6.40776	2.51662	0
6.48099	2.87232	0
6.93659	2.3535	0
6.817	2.68622	0
7.38543	3.09759	0
7.0302	2.25342	0
6.70627	2.82494	0
7.53063	3.0683	0
6.75521	2.36484	0
6.68538	3.04616	0
7.69211	3.23936	0
7.36997	2.71392	0
6.89374	3.12082	0
6.41992	2.74881	0
6.6376	2.69393	0
6.78217	3.77004	0
6.52398	3.24062	0
7.36499	2.41372	0
6.32556	3.26424	0
7.094	2.6382	0
7.4446	3.67019	0
7.00184	2.44138	0
6.77833	2.94036	0
7.21085	3.15563	0
6.04204	3.34871	0
6.66174	2.93164	0
6.41702	3.34433	0
7.686	3.15142	0
6.3629	3.1054	0
6.08739	2.47498	0
7.25209	2.58446	0
7.21024	2.46582	0
7.19115	3.07021	0
6.43127	3.05296	0
6.65512	2.95156	0
6.83443	3.49683	0
7.00312	3.32626	0
6.46645	2.73142	0
7.03981	3.07512	0
7.25568	2.73787	0
6.88616	3.16059	0
6.7757	3.09911	0
6.78725	3.41428	0
6.95436	2.54534	0
7.33472	3.09881	0
6.77396	2.99287	0
6.48197	2.89014	0
6.36928	3.48858	0
6.78737	3.60255	0
6.75505	2.71286	0
6.45367	3.12678	0
6.81727	3.12739	0
6.7524	2.28517	0
6.56782	3.04309	0
6.82043	4.05133	0
6.82524	4.1111	0
6.2624	3.21185	0
6.52927	2.93147	0
6.38899	3.11875	0
7.00855	3.28319	0
7.37549	3.82178	0
6.93731	3.92758	0
6.1579	2.61335	0
6.89074	3.59846	0
6.50605	3.12306	0
7.19335	3.71857	0
6.22059	2.87391	0
7.21928	3.95315	0
7.18283	3.24366	0
6.85197	3.18576	0
6.85083	3.69311	0
6.07702	2.85356	0
6.50126	3.36201	0
5.99754	3.75774	0
7.20339	4.08469	0
6.57459	3.10518	0
6.33051	3.82826	0
6.7576	3.78828	0
7.37683	3.71307	0
7.1001	2.04902	0
6.69867	3.3443	0
6.78089	3.10455	0
6.06637	3.54658	0
6.75506	3.40818	0
6.75188	3.00152	0
6.68708	4.1494	0
6.8266	3.77246	0
6.52939	3.97293	0
6.82824	3.23876	0
6.35701	4.05135	0
7.19721	3.62583	0
6.43655	3.05043	0
6.37586	3.56474	0
6.25027	3.8439	0
6.91787	3.79724	0
6.75772	4.26884	0
7.1543	3.97755	0
6.82104	3.5368	0
7.1119	3.87567	0
6.22184	4.23944	0
6.91784	3.65239	0
6.85143	3.32188	0
6.14344	4.07945	0
6.91986	3.41591	0
6.08993	4.04413	0
5.6971	3.9535	0
6.83188	3.42177	0
6.97574	3.82287	0
6.59827	3.67759	0
6.0566	3.87707	0
6.33051	4.2774	0
6.65587	4.1605	0
6.52929	4.11011	0
6.69107	3.25197	0
6.47186	3.6236	0
6.52632	3.68301	0
6.58576	3.64619	0
6.08962	4.04118	0
7.00058	3.76606	0
6.24316	4.37337	0
6.44754	4.18274	0
6.38562	3.92427	0
6.62094	3.7293	0
5.9403	4.05735	0
6.65772	4.25317	0
6.04643	3.71752	0
6.7677	3.66787	0
6.54472	4.1153	0
6.00663	3.76725	0
7.02307	3.81028	0
5.47924	3.83974	0
6.17092	3.29773	0
6.95855	4.08201	0
6.72743	4.49282	0
6.56849	4.06819	0
5.82476	3.65664	0
6.97614	3.69718	0
7.01283	4.48988	0
6.03445	3.96971	0
6.18975	4.25069	0
6.1546	4.27138	0
6.23525	3.8685	0
6.5796	4.33014	0
6.17296	4.02349	0
6.11346	4.30731	0
6.03128	3.85388	0
6.80523	4.37379	0
6.04614	3.85296	0
6.19408	3.82643	0
6.51656	4.27301	0
6.72861	4.29821	0
5.84955	3.66888	0
5.30475	3.63818	0
6.61964	4.53099	0
5.78504	4.01369	0
6.38539	4.64339	0
6.55401	4.21555	0
7.03152	4.72838	0
6.75752	4.35388	0
5.83754	4.66648	0
6.82717	4.13692	0
5.80872	3.8263	0
5.82374	4.97106	0
6.27651	4.34706	0
5.92843	4.25445	0
5.84954	3.97244	0
5.60007	3.77022	0
6.31032	4.1394	0
6.32501	3.76349	0
6.53429	4.06074	0
5.90479	3.94381	0
6.13911	4.68423	0
6.24625	4.55231	0
6.20285	4.04822	0
5.91094	3.87785	0
5.83559	4.04793	0
6.20255	4.66518	0
6.90626	4.23552	0
6.66802	4.10262	0
5.38352	4.25614	0
6.24277	3.99521	0
6.25984	4.06895	0
6.26169	3.92306	0
6.16338	3.67591	0
5.97337	3.91245	0
5.82424	3.79196	0
6.22869	4.32879	0
6.41192	4.77823	0
6.0005	4.38495	0
5.82533	4.49055	0
6.1271	4.84328	0
6.44006	4.90499	0
5.69995	4.2622	0
5.71064	4.68588	0
5.78996	5.20812	0
6.6607	3.95819	0
6.65117	4.59302	0
6.60208	4.46539	0
6.01304	4.99816	0
5.85591	4.20571	0
6.10165	4.2927	0
5.56863	4.36087	0
6.06186	5.05934	0
5.80647	4.14603	0
5.87431	4.97976	0
5.99066	4.05775	0
6.09777	4.46706	0
6.00549	4.49046	0
6.02851	4.22841	0
5.62991	4.64252	0
5.88986	4.56103	0
6.38696	4.69736	0
5.75596	4.59819	0
6.00297	4.60279	0
5.60301	4.57401	0
5.45741	5.02429	0
5.99085	4.94278	0
5.95172	4.71609	0
5.66461	4.85554	0
5.98518	4.51861	0
5.59967	4.47017	0
6.19161	4.96586	0
6.19546	3.87225	0
6.20366	4.74395	0
6.06813	4.3408	0
5.89912	4.47574	0
6.24996	4.55905	0
4.83869	4.06017	0
5.66088	4.91914	0
6.19915	5.13858	0
6.06459	5.17052	0
5.45348	4.58374	0
5.68227	4.84525	0
5.70547	5.0881	0
6.03462	5.07027	0
5.45293	4.68895	0
5.90838	5.28936	0
5.96113	5.03782	0
5.99404	4.62286	0
5.79253	5.24761	0
6.11897	4.48887	0
6.45485	5.09704	0
6.22961	5.31335	0
6.23218	4.41204	0
5.23639	4.35931	0
6.46105	5.01488	0
6.01336	5.16152	0
5.2377	5.41745	0
6.0567	5.17601	0
5.68938	5.23484	0
5.76386	5.2391	0
5.7211	4.90661	0
5.69103	4.70162	0
5.43845	5.02653	0
5.09641	4.80852	0
5.48207	4.8111	0
5.78559	4.71296	0
5.33355	5.02275	0
5.92837	5.42876	0
5.10425	5.63569	0
5.18551	5.21147	0
5.91167	4.94305	0
5.29942	4.46906	0
5.41915	5.40692	0
5.71917	4.89324	0
5.14944	5.32216	0
5.57731	4.63539	0
5.55817	4.65548	0
5.05162	5.20025	0
5.74471	4.14472	0
5.75263	4.33046	0
6.04499	5.50415	0
6.12035	5.30509	0
5.77711	5.05487	0
5.90002	5.02207	0
5.95572	5.33566	0
5.47981	5.0449	0
5.49364	4.89599	0
4.97691	4.76837	0
5.81129	5.06425	0
5.02998	4.76042	0
6.11555	4.57655	0
4.95078	5.4563	0
5.44839	5.09564	0
5.61969	4.97363	0
5.8531	5.44974	0
6.35584	5.32095	0
6.2601	5.48909	0
5.98445	5.22309	0
5.72069	5.69867	0
5.45566	4.84296	0
5.93474	5.25264	0
5.28111	5.23748	0
5.43868	4.35983	0
5.10048	6.03633	0
5.7137	4.75069	0
5.24075	5.00164	0
4.83465	4.83919	0
5.43593	5.00854	0
6.15878	5.18944	0
5.07225	5.32358	0
5.85033	5.37579	0
5.62029	4.66354	0
5.48344	5.22365	0
5.6785	5.32312	0
5.43956	4.83984	0
5.8387	5.30467	0
5.46905	5.66601	0
5.9163	4.58057	0
4.95075	6.02615	0
5.42262	5.78994	0
5.55216	5.51302	0
5.7364	5.86242	0
5.24987	4.36854	0
4.69922	5.85214	0
5.50755	6.24098	0
5.1025	4.88631	0
5.20218	5.28317	0
5.3909	5.23421	0
5.32293	5.26018	0
5.0389	5.01453	0
5.74671	4.64075	0
6.05396	5.61106	0
4.5069	5.47141	0
5.45249	5.77319	0
5.46459	5.67749	0
5.221	5.09773	0
5.55027	6.37193	0
5.28486	5.50858	0
5.44904	5.30911	0
4.98839	5.64177	0
5.79776	5.9195	0
4.51429	5.20609	0
5.4495	5.93419	0
4.84674	6.18875	0
5.2597	4.79292	0
5.18142	4.92302	0
5.04555	5.343	0
5.00115	5.38238	0
5.74231	5.42807	0
6.06519	5.08416	0
5.24898	5.15065	0
5.21314	4.67948	0
4.87927	4.83859	0
5.18522	5.67047	0
5.08791	5.0022	0
4.39738	5.49451	0
4.77416	5.41632	0
5.5017	5.57975	0
5.10328	5.74665	0
5.05876	6.09802	0
4.99405	6.4838	0
5.36381	5.51823	0
4.96415	6.26336	0
5.1548	4.80902	0
5.01107	5.78037	0
5.38867	5.83903	0
5.35964	4.8508	0
4.76523	5.52277	0
4.83495	6.24262	0
5.15297	5.49718	0
4.59338	5.59648	0
5.29504	5.73033	0
5.42979	5.50582	0
4.88325	5.43131	0
5.00561	5.06624	0
4.69531	5.01883	0
5.20145	5.77241	0
5.43913	4.90726	0
5.51489	5.90433	0
5.33227	4.62937	0
4.68101	6.17915	0
4.84371	5.42208	0
4.63271	5.80247	0
4.82764	5.85955	0
4.03534	5.37106	0
4.92582	6.18652	0
5.59993	5.01578	0
4.4981	5.3002	0
5.23849	5.35069	0
4.72223	5.56131	0
4.50343	5.50508	0
5.09134	5.05355	0
4.15108	6.56561	0
5.30386	5.14357	0
4.86043	5.62681	0
5.01583	5.58912	0
4.83581	6.40758	0
4.64443	5.26374	0
4.40842	5.7537	0
5.12392	5.36399	0
4.59034	5.83239	0
5.09083	5.61606	0
4.56307	5.90322	0
4.54762	5.92938	0
4.75993	5.46914	0
5.15182	5.51925	0
4.59231	6.00789	0
4.58703	5.68383	0
5.32696	5.8794	0
4.53112	4.73092	0
5.13564	5.61837	0
4.38958	5.6175	0
4.44464	6.05638	0
4.71396	5.12016	0
4.98107	6.63992	0
5.18795	5.60928	0
4.5054	5.69801	0
4.80263	5.95997	0
4.45408	5.85478	0
5.18075	6.16522	0
4.62389	5.46989	0
4.36586	5.70048	0
4.23343	6.91942	0
5.42002	5.7904	0
4.27147	5.57438	0
4.79965	5.3023	0
4.84329	6.769	0
4.55398	6.13942	0
4.18425	6.08672	0
3.81265	5.95314	0
4.67967	6.39903	0
3.9662	5.76062	0
4.26087	5.35899	0
5.22554	6.21766	0
4.68173	5.51643	0
4.56173	5.97037	0
4.41822	6.12213	0
4.51141	5.95947	0
4.04717	6.3857	0
3.89194	5.82701	0
4.11875	5.25052	0
4.20473	6.56172	0
4.66448	5.86153	0
4.30432	6.56961	0
4.24246	5.29324	0
3.53664	5.66407	0
4.04815	6.08943	0
4.58283	6.08513	0
5.02328	6.05619	0
4.83259	5.61762	0
3.75923	6.58611	0
5.21154	6.31204	0
4.57673	5.80299	0
4.27315	6.17048	0
4.57031	6.63838	0
3.9029	6.34093	0
4.55409	6.0389	0
4.56705	5.74502	0
5.02355	6.43717	0
4.33168	5.95716	0
4.41117	5.87218	0
4.51906	5.29193	0
4.44699	5.90927	0
3.66893	6.17245	0
4.04404	6.02752	0
4.07065	6.20533	0
4.54324	6.30785	0
3.28537	6.44866	0
4.59873	6.12727	0
4.42289	5.9259	0
4.75581	6.37149	0
3.83073	6.27121	0
4.57165	6.75977	0
3.77587	5.50567	0
4.03649	5.77754	0
4.70078	6.60258	0
4.75017	5.93637	0
3.93369	5.62508	0
4.61735	5.61841	0
4.27899	6.42211	0
4.10289	6.06531	0
3.87645	6.24337	0
4.20285	6.38232	0
3.97083	6.0053	0
4.4059	6.60735	0
3.94133	6.48347	0
3.47293	6.31396	0
4.5484	6.15663	0
3.57933	5.82619	0
4.06366	6.23162	0
4.38196	6.65786	0
4.01891	6.58656	0
3.74335	6.02872	0
3.67609	6.03938	0
4.08509	6.34124	0
4.63101	5.891	0
3.42245	6.43662	0
4.43554	6.51739	0
4.25075	6.50453	0
3.52113	6.08119	0
4.31028	6.70908	0
4.68756	6.32111	0
4.02599	6.45518	0
3.70201	6.62587	0
4.23022	6.63874	0
4.24303	6.52796	0
3.58356	6.36853	0
4.02418	6.5637	0
3.56574	6.18554	0
4.15905	6.84413	0
3.84825	6.26982	0
3.32608	7.14817	0
4.29421	6.1965	0
3.65525	6.30125	0
3.74215	6.50952	0
4.40297	6.35613	0
4.57991	6.10448	0
3.45913	6.17488	0
4.73196	6.62599	0
4.06466	6.54379	0
4.20189	6.62898	0
3.79207	6.6314	0
3.39966	6.75239	0
4.16554	6.19964	0
4.12555	6.62769	0
4.44058	5.86293	0
3.23518	6.74206	0
3.82889	6.21886	0
3.07321	6.58004	0
3.58309	7.17705	0
3.11512	6.65671	0
4.03172	7.04041	0
3.74817	6.81973	0
3.83729	6.90052	0
4.39687	6.26234	0
4.10138	6.21736	0
3.10161	6.73172	0
4.24085	6.4403	0
4.13524	5.8967	0
3.95634	6.0921	0
3.79184	6.21283	0
3.75757	6.65116	0
3.64834	6.84136	0
3.75403	6.67294	0
3.21838	6.81205	0
3.93028	6.30852	0
3.65891	6.75822	0
3.70688	6.48472	0
4.02354	6.84342	0
3.89145	6.57343	0
4.52413	6.92514	0
3.15607	6.20128	0
4.47196	6.23183	0
3.76754	5.9902	0
3.9225	6.74605	0
3.54917	7.11003	0
3.10259	7.11835	0
4.01602	6.73723	0
3.7541	6.77547	0
3.68575	6.113	0
3.72619	7.1571	0
3.94142	5.90173	0
3.04802	6.54263	0
3.47978	6.2957	0
3.66575	6.82653	0
3.5128	7.24932	0
3.66564	6.54524	0
3.92308	6.47365	0
3.10313	6.44673	0
3.17869	6.37343	0
3.67366	6.42358	0
3.65635	6.63451	0
3.58645	6.54619	0
3.69913	7.14918	0
3.66939	6.08001	0
2.61098	6.71622	0
3.09311	6.85791	0
3.3496	7.34445	0
2.87564	6.92637	0
2.95882	6.78884	0
2.83394	7.27805	0
3.24432	6.90312	0
4.24699	6.71591	0
3.24457	6.68301	0
3.73527	6.87284	0
3.46337	6.58745	0
2.85323	7.05726	0
2.7571	6.80303	0
2.90849	6.89902	0
4.10804	7.13435	0
3.15161	6.88087	0
2.81293	6.91859	0
3.21016	6.98365	0
3.17215	6.86751	0
3.45964	7.15764	0
3.50426	6.89478	0
2.7812	6.75811	0
3.85458	6.25245	0
3.46354	7.37803	0
2.96782	7.40506	0
3.86094	6.73805	0
2.85841	6.0253	0
2.84796	7.09799	0
2.87241	6.38135	0
2.9939	6.40636	0
3.36988	6.86462	0
3.50812	6.16528	0
2.9001	7.06831	0
3.41805	6.06077	0
3.04206	6.56071	0
2.86983	6.60833	0
2.84302	6.26889	0
3.15992	6.38144	0
2.49024	7.0219	0
2.87014	7.1848	0
2.72299	6.91512	0
2.76433	6.78092	0
3.512	6.65264	0
3.0573	6.66598	0
2.4456	6.94858	0
3.51311	7.02532	0
3.15416	6.6272	0
3.60625	7.18473	0
3.17657	6.51012	0
2.86739	6.23107	0
3.25847	6.89146	0
2.90255	6.75921	0
2.76928	6.82519	0
2.64631	7.19274	0
3.47268	6.24841	0
2.15398	7.40972	0
4.09029	6.97489	0
3.69194	6.98613	0
2.75014	7.46377	0
2.61944	7.16543	0
2.94904	7.22003	0
2.65439	7.02028	0
2.68505	6.23648	0
2.35849	6.92117	0
2.14957	6.95451	0
2.83906	6.80921	0
2.70572	7.00334	0
2.07974	7.00572	0
2.81731	6.7868	0
2.79973	7.45311	0
2.96258	6.54718	0
3.32214	6.94791	0
2.27709	7.33795	0
2.43418	6.73678	0
2.44615	7.0532	0
3.18244	6.95469	0
2.64291	6.39495	0
2.68998	7.48195	0
2.26521	7.01056	0
2.50495	7.30904	0
3.27363	6.72053	0
2.56012	7.25649	0
2.41447	6.59071	0
2.75705	6.98307	0
2.19642	7.40193	0
3.37788	6.96063	0
2.36702	7.26669	0
2.45081	6.18262	0
3.2935	6.86231	0
2.52056	7.0578	0
2.91906	6.4668	0
2.78035	7.20729	0
2.47846	7.47572	0
2.24428	6.70131	0
2.73992	7.17473	0
2.76404	6.7205	0
2.46424	7.44411	0
2.71107	7.02403	0
2.77841	6.71835	0
3.15811	7.42217	0
2.23375	6.96196	0
1.82207	6.67816	0
2.13728	7.02945	0
2.37901	7.19973	0
2.65306	7.29252	0
3.34055	7.26762	0
2.95752	6.89198	0
2.33478	6.92757	0
2.60367	6.413	0
2.1448	7.30164	0
2.33962	6.61414	0
2.28152	6.84245	0
2.7017	6.90323	0
2.71178	6.93899	0
2.49194	6.755	0
1.88574	6.84259	0
2.13263	6.29081	0
2.67381	6.87662	0
2.53085	6.87097	0
2.50272	7.49524	0
2.04856	7.7666	0
1.93259	7.43192	0
2.62454	7.16999	0
2.53316	7.26615	0
3.02985	7.43889	0
2.78821	7.31382	0
2.56082	7.2652	0
2.39571	6.82354	0
1.67256	7.53886	0
2.42834	7.26231	0
2.57755	6.53162	0
2.32862	7.34407	0
1.93697	7.15879	0
2.18066	6.77973	0
2.5262	7.62536	0
2.25562	7.31798	0
2.29968	7.78758	0
2.04753	6.87926	0
3.0136	7.46353	0
2.47268	7.32301	0
1.3896	6.90643	0
2.3369	7.03575	0
2.04395	6.64133	0
2.69998	7.27264	0
2.24101	7.31918	0
1.85872	7.40756	0
2.1025	8.06256	0
1.67215	7.42121	0
1.42139	7.11168	0
2.85669	6.61751	0
2.29959	6.77277	0
2.0379	7.66361	0
2.58548	6.67756	0
2.50563	7.73763	0
2.13785	6.91509	0
2.48863	7.04426	0
1.91736	7.31741	0
1.95861	7.38989	0
2.33314	6.70439	0
2.25422	6.94953	0
2.14997	6.78523	0
1.6744	6.57014	0
2.15069	7.09956	0
1.65013	7.70259	0
2.04646	7.51674	0
1.85085	7.37535	0
1.94261	7.05274	0
1.96407	7.56295	0
2.26728	7.56958	0
1.83427	6.68747	0
2.15825	7.63082	0
2.76281	6.34317	0
1.84084	7.40002	0
2.13941	7.28928	0
2.27787	6.93402	0
2.27553	7.02853	0
1.77316	7.02573	0
1.70196	7.04778	0
1.83013	7.86126	0
1.88033	7.19085	0
1.12016	7.44547	0
1.67473	7.09709	0
1.95205	6.72036	0
1.67267	6.97884	0
1.99704	8.03387	0
2.00267	7.30029	0
1.34179	6.6538	0
1.87912	7.17776	0
2.18141	6.65573	0
2.32322	7.27045	0
0.65205	7.12602	0
0.96122	7.66023	0
0.94819	7.49466	0
1.51831	7.93995	0
1.10598	7.24744	0
1.48741	7.41696	0
1.80211	7.37399	0
2.22927	7.03422	0
1.98465	7.48698	0
1.08968	7.26109	0
2.00926	7.12752	0
0.98401	6.52099	0
2.37592	7.64378	0
2.02339	7.56672	0
2.04774	7.66426	0
1.46143	7.05544	0
1.99691	7.51184	0
1.53425	7.24553	0
2.34926	7.60075	0
1.35767	7.63666	0
2.51069	7.32108	0
1.98961	7.90926	0
1.50074	7.88548	0
1.40822	7.16174	0
1.2529	7.73197	0
1.74061	7.46374	0
1.17537	6.82823	0
1.22672	6.8552	0
1.59911	7.42745	0
1.80825	7.57251	0
2.1453	8.34263	0
1.44788	7.52668	0
1.70458	7.44753	0
1.96233	7.50051	0
1.88057	6.91405	0
1.4374	7.71571	0
2.07004	7.66082	0
1.84482	7.02354	0
1.13753	7.0432	0
1.47229	8.03478	0
1.55316	7.39132	0
1.98374	7.06269	0
1.25558	6.52429	0
1.47404	7.15987	0
1.31319	6.7931	0
1.62574	7.74419	0
1.68087	7.60943	0
1.7674	7.15659	0
1.39171	7.9759	0
1.44127	7.20706	0
1.25972	7.121	0
1.75142	8.17866	0
0.81681	7.30448	0
1.52976	7.39934	0
0.85312	7.31771	0
1.16557	7.69161	0
0.4491	7.65492	0
2.31002	7.17508	0
1.16435	7.79151	0
1.61838	7.45587	0
1.03185	6.88351	0
1.01231	7.17831	0
1.51164	6.82507	0
2.03421	7.21705	0
1.15629	7.27147	0
1.51218	7.29194	0
0.41118	7.50528	0
0.83749	7.53489	0
1.77644	7.7083	0
1.32489	7.26109	0
2.01594	7.80847	0
0.99441	6.8381	0
0.94608	7.59318	0
1.87092	7.16347	0
0.68044	7.50771	0
0.94772	7.35048	0
1.11155	7.20897	0
1.04525	7.41294	0
1.41613	7.58027	0
1.42703	7.48533	0
1.05404	7.04037	0
0.61288	7.08401	0
1.57032	7.5777	0
1.66664	7.13193	0
0.773	7.12826	0
0.74293	7.53873	0
1.3703	6.70496	0
0.90408	7.82397	0
1.02462	7.20209	0
0.19012	7.64895	0
1.65252	7.69238	0
0.09161	7.14653	0
0.84275	7.02088	0
2.00172	6.63356	0
0.69863	7.58724	0
1.17963	7.20869	0
0.26432	7.57089	0
0.78942	7.43875	0
0.84184	7.68135	0
0.64068	7.33469	0
0.82432	7.60916	0
0.60515	7.28378	0
0.69063	7.29814	0
0.18376	7.39079	0
1.04461	7.48322	0
0.67666	7.75318	0
0.75886	7.48589	0
0.90357	7.32751	0
0.86257	7.89145	0
0.80452	7.4248	0
0.58266	6.8802	0
0.92077	7.67521	0
0.87516	7.46867	0
0.79328	7.48128	0
0.73493	7.73577	0
0.05732	7.45407	0
0.76043	7.74464	0
0.30546	7.55458	0
0.58714	7.64378	0
1.20809	7.22804	0
1.27872	6.9927	0
0.64877	8.0358	0
0.82422	7.09839	0
0.53903	6.96995	0
0.67001	7.61891	0
0.49803	7.46429	0
0.79159	7.22669	0
0.49399	7.21854	0
1.20984	7.84249	0
0.46786	7.80469	0
0.0842	7.59075	0
0.5193	7.7184	0
0.66248	7.49344	0
0.61089	7.20943	0
0.1651	7.58771	0
0.18235	7.00932	0
0.33082	6.67283	0
0.34852	7.59206	0
0.69244	6.89777	0
0.64365	7.06306	0
0.92888	7.52821	0
0.01355	8.11043	0
-0.02108	7.27924	0
0.31664	6.9222	0
0.11335	7.80977	0
0.46655	7.74234	0
-0.199	7.08309	0
0.86929	7.69925	0
-0.06727	7.4236	0
0.60906	7.60061	0
0.08147	7.375	0
0.11215	7.78449	0
0.30812	8.46135	0
-0.31917	7.78616	0
0.53513	7.51677	0
0.74132	7.29083	0
0.4923	8.14464	0
0.91151	6.9496	0
0.37037	7.29429	0
0.15108	7.6876	0
-0.65765	7.25519	0
0.30083	6.84941	0
0.40827	8.30027	0
0.36019	7.88946	0
-0.30924	7.34705	0
0.29952	7.81337	0
-0.16359	7.73076	0
0.05678	6.87985	0
0.54925	7.22972	0
0.05252	7.16121	0
-0.06074	7.72108	0
-0.74924	7.7766	0
0.35063	7.49511	0
0.14726	7.63893	0
0.17041	7.45344	0
-0.00198	8.10837	0
0.17361	7.00579	0
0.70801	7.71341	0
0.4804	7.62466	0
-0.02588	7.36566	0
0.07545	8.01177	0
0.1388	8.12737	0
-0.01837	7.56591	0
-0.52876	7.58651	0
0.50968	7.24773	0
-0.52078	7.52739	0
-0.21873	7.30735	0
0.2312	7.73002	0
0.09117	7.81262	0
0.69174	7.21603	0
0.01442	7.62433	0
0.08381	7.74298	0
-0.39392	7.13607	0
-0.34354	7.27347	0
-0.18014	6.95147	0
0.35311	7.42148	0
-0.37126	7.49163	0
-0.3077	7.41173	0
0.30857	7.14065	0
-0.51238	7.40927	0
-0.00239	7.23163	0
-0.33541	7.03973	0
-0.398	7.27379	0
-0.49226	7.41	0
0.12293	8.01199	0
-0.33058	7.90915	0
-0.0716	7.29242	0
0.69735	7.41016	0
0.23986	7.28617	0
-0.19978	7.42092	0
-0.40583	7.42294	0
-0.35476	7.42398	0
-0.4902	7.9267	0
0.16105	7.64069	0
-0.33288	7.16195	0
-0.50006	7.28743	0
-0.78897	6.96708	0
0.33828	6.90286	0
-0.74749	6.99656	0
0.07678	7.26474	0
-0.768	7.33739	0
0.05954	7.00745	0
0.47345	7.66224	0
-0.28177	7.6852	0
-0.52882	6.94815	0
-0.62474	8.14714	0
-0.39139	7.0869	0
-0.22562	7.09472	0
-0.86957	7.55775	0
-0.7784	6.9844	0
-0.52044	7.45063	0
0.13277	6.58699	0
0.04318	7.93144	0
-0.42369	7.49003	0
-0.94753	7.83923	0
-1.15969	7.92145	0
0.09016	7.46952	0
-1.14677	7.73443	0
-0.86713	8.17255	0
-0.67687	7.20455	0
-0.45007	7.99534	0
-0.79566	7.38045	0
-0.36185	7.55085	0
0.20706	7.30705	0
0.29025	7.5189	0
-1.08131	7.65793	0
-0.91632	6.94547	0
-0.34251	7.21026	0
-1.14506	7.77252	0
-0.59101	7.39963	0
-0.57572	7.25137	0
-0.24412	8.13819	0
-0.69847	7.56576	0
-0.38721	6.61699	0
-0.29217	7.27326	0
-0.36818	7.95773	0
-0.27097	7.8101	0
-0.0434	7.43513	0
-0.54157	7.58929	0
-0.57307	7.65574	0
-0.67474	7.55621	0
-0.34988	7.71882	0
-0.21631	8.11633	0
0.32716	7.68066	0
-0.51762	8.05205	0
-0.69381	7.23358	0
-0.36425	6.7485	0
-0.75689	7.77048	0
-1.1066	7.39777	0
-0.67456	6.77857	0
-0.50102	7.02898	0
-0.69458	6.86873	0
-1.15628	7.16856	0
-0.89163	7.29227	0
-0.88032	6.78083	0
-0.59438	7.37507	0
-1.38833	7.85612	0
-0.75305	6.55008	0
-0.91931	7.72597	0
-0.91242	6.99829	0
-0.81515	7.27053	0
-1.28597	7.33519	0
-0.73041	7.69924	0
-1.23674	8.2602	0
-1.06904	7.31645	0
-1.33314	7.61192	0
-1.13241	7.4869	0
-0.48092	7.64741	0
-1.02956	7.38471	0
-1.37167	7.63581	0
-1.62049	7.04138	0
-0.72771	7.56125	0
-1.42256	7.34893	0
-1.21605	7.72394	0
-0.39362	7.21915	0
-0.95815	8.45112	0
-0.84701	7.18919	0
-0.99632	7.74636	0
-0.94916	7.25672	0
-0.66632	7.89127	0
-1.32741	8.06992	0
-0.62692	7.0857	0
-0.35284	6.40056	0
-0.51867	7.65013	0
-0.87926	7.08186	0
-1.45004	6.79757	0
-0.67681	7.1618	0
-0.07357	7.29278	0
-1.07902	7.21309	0
-1.46237	6.92447	0
-1.19946	7.16798	0
-0.4874	7.49649	0
-0.38579	7.41259	0
-1.29109	7.55472	0
-0.76137	7.70135	0
-0.9444	7.45838	0
-0.84357	7.49144	0
-1.39344	7.26404	0
-0.56587	8.21079	0
-1.55108	7.17052	0
-0.61607	6.86007	0
-1.51111	6.95677	0
-1.36099	7.14762	0
-1.37971	7.56444	0
-1.11833	6.00545	0
-0.72211	7.84845	0
-1.45091	7.15337	0
-1.13906	7.41884	0
-1.3141	7.28836	0
-0.69535	7.747	0
-1.78551	7.15931	0
-1.54824	7.32894	0
-1.12212	7.1263	0
-1.66137	7.59759	0
-1.09348	7.45275	0
-0.96725	7.24222	0
-1.22969	7.40722	0
-1.69701	7.90839	0
-1.14733	7.25009	0
-1.40915	7.90083	0
-1.40055	7.80801	0
-1.78667	7.49842	0
-1.51458	7.19575	0
-1.74074	7.08706	0
-1.30429	6.86273	0
-1.93715	7.12643	0
-1.92331	7.48332	0
-1.188	7.5831	0
-1.36985	7.22879	0
-1.15828	6.89352	0
-1.27145	7.22675	0
-1.51714	7.29169	0
-1.41961	6.97322	0
-1.54788	7.45967	0
-1.93715	7.69877	0
-1.60528	7.16494	0
-1.65717	7.25733	0
-1.61568	7.42498	0
-1.70603	7.57636	0
-1.84923	6.91145	0
-1.35977	6.78913	0
-2.09185	7.57148	0
-2.24859	7.31149	0
-1.49617	7.61439	0
-1.49933	7.23951	0
-1.00276	7.13971	0
-1.7072	7.23459	0
-1.68325	7.35798	0
-1.17226	7.55472	0
-1.44743	7.66208	0
-2.1228	7.7943	0
-1.47321	7.84689	0
-1.72552	6.58737	0
-2.02206	7.34625	0
-2.31117	7.03501	0
-1.67321	7.48334	0
-1.51937	7.28701	0
-1.3905	7.41364	0
-1.78183	7.50311	0
-1.99711	6.66892	0
-1.81806	7.34913	0
-1.82484	6.73563	0
-1.74418	7.27814	0
-1.78967	7.09977	0
-1.50981	6.76695	0
-1.36907	7.10186	0
-1.81213	7.36877	0
-1.28964	6.90547	0
-1.92629	7.20843	0
-1.52624	7.11784	0
-2.16826	7.23766	0
-2.03029	7.51742	0
-1.43509	7.41325	0
-1.86747	7.44867	0
-2.45654	7.66898	0
-1.51658	7.38388	0
-2.35916	8.0917	0
-1.96113	7.45239	0
-2.16152	6.99215	0
-1.78421	6.72054	0
-2.3145	7.50479	0
-2.15143	6.9087	0
-1.01831	7.18569	0
-1.10492	7.37766	0
-1.3564	6.92915	0
-1.74263	6.92301	0
-1.28303	6.96201	0
-2.07935	7.54533	0
-2.12815	7.15535	0
-1.76882	6.85793	0
-1.78062	6.40513	0
-2.07557	6.69903	0
-2.17713	7.61684	0
-2.16433	7.56885	0
-1.6117	7.21621	0
-2.15683	6.23872	0
-1.81607	7.18398	0
-1.45699	7.51163	0
-1.86162	6.87956	0
-2.14881	7.95522	0
-2.01713	7.78785	0
-1.84475	7.48036	0
-1.83443	7.15254	0
-1.64412	7.59554	0
-2.09351	7.65527	0
-2.01806	7.25627	0
-2.08937	7.4794	0
-2.19105	7.22722	0
-2.46414	7.67561	0
-1.98399	7.5434	0
-2.57968	6.95938	0
-1.86539	7.80474	0
-2.43482	7.11107	0
-2.27472	6.6405	0
-2.1006	6.27722	0
-2.45182	6.66124	0
-1.70326	7.34409	0
-2.19237	6.8136	0
-2.16514	7.40834	0
-2.28315	7.33762	0
-2.27305	7.14428	0
-2.35591	6.33983	0
-2.56593	7.35487	0
-2.80126	7.10195	0
-2.63925	7.10351	0
-2.28452	6.60612	0
-2.10177	7.02971	0
-2.28507	7.20777	0
-2.26786	7.09483	0
-2.76198	6.40801	0
-2.08235	7.20205	0
-2.42357	7.22139	0
-2.42649	7.06147	0
-1.7091	7.22232	0
-2.72346	6.77163	0
-2.08705	7.01106	0
-2.34369	7.34147	0
-3.13182	7.53567	0
-2.41975	6.88963	0
-2.62837	6.51611	0
-2.1632	7.50903	0
-2.68133	6.68729	0
-2.32291	7.19752	0
-2.49686	6.73712	0
-2.75224	7.42954	0
-3.15637	6.83128	0
-2.76517	6.95943	0
-2.55089	6.84213	0
-2.35659	7.45216	0
-2.95687	7.57807	0
-2.8314	7.73614	0
-2.55832	7.26085	0
-3.01006	6.97582	0
-2.30383	7.42253	0
-2.83239	7.31627	0
-2.97085	6.83365	0
-2.43168	7.0098	0
-2.74051	6.33862	0
-2.69326	7.10216	0
-2.77203	7.12263	0
-2.26585	7.11808	0
-3.0759	6.99712	0
-3.52639	6.9816	0
-3.09805	6.88306	0
-2.98215	6.31455	0
-3.46076	6.63984	0
-2.40093	8.00125	0
-2.29902	6.92839	0
-3.3246	7.17767	0
-1.9942	6.70943	0
-2.28604	6.90089	0
-2.74047	7.03844	0
-2.50669	6.84594	0
-2.79248	6.78966	0
-2.58519	7.02429	0
-2.85772	6.60445	0
-2.31521	7.14476	0
-3.42426	6.25541	0
-2.66708	6.76541	0
-3.39621	6.84829	0
-3.52959	6.82414	0
-3.35211	6.7296	0
-2.82193	6.83468	0
-2.95655	6.76546	0
-3.99172	6.70666	0
-3.39084	7.02359	0
-3.36969	6.32241	0
-2.6356	7.68201	0
-2.51828	6.06274	0
-2.65889	6.58815	0
-2.78977	6.86814	0
-2.83825	6.53943	0
-2.41463	6.50301	0
-2.75136	6.50688	0
-3.4073	7.28368	0
-3.79009	6.78484	0
-3.36928	6.91831	0
-3.29689	6.8866	0
-3.05758	7.33152	0
-2.63691	7.17443	0
-2.96532	6.89788	0
-2.45062	7.06564	0
-3.50779	7.21104	0
-2.368	5.60133	0
-2.94818	6.27716	0
-3.71845	6.64819	0
-3.72637	6.44007	0
-3.37003	6.93807	0
-2.6268	6.84891	0
-2.74272	7.09901	0
-3.07225	7.11947	0
-3.19092	6.80814	0
-2.63213	6.64572	0
-3.37786	7.05269	0
-3.68469	7.06624	0
-2.93721	6.32163	0
-3.95512	6.73299	0
-2.86773	6.68041	0
-3.84686	7.11697	0
-3.19293	6.93142	0
-2.94674	6.73055	0
-3.24317	6.48615	0
-3.01413	6.67363	0
-3.11825	6.26694	0
-3.39146	6.8623	0
-2.98975	6.51856	0
-2.85262	7.03116	0
-3.21762	6.54803	0
-3.16381	6.9215	0
-3.0141	6.55081	0
-3.40437	7.21719	0
-3.13556	6.58365	0
-3.26357	7.17642	0
-3.24344	7.20143	0
-4.23821	6.31432	0
-3.19334	6.84855	0
-2.86982	6.61502	0
-3.82693	5.98399	0
-3.34226	6.3611	0
-3.17358	6.65788	0
-3.20631	6.51307	0
-4.27495	6.67767	0
-3.66918	6.98721	0
-4.23242	7.38616	0
-2.90581	6.74203	0
-3.36417	7.41578	0
-4.05081	6.5376	0
-3.63356	6.26071	0
-3.55859	6.65142	0
-3.10021	6.6896	0
-2.82368	6.39691	0
-3.22566	6.32693	0
-3.24745	6.52796	0
-4.12196	6.75852	0
-3.1492	6.45655	0
-3.55003	6.91021	0
-3.36097	6.97367	0
-4.23733	6.73003	0
-4.52935	6.41366	0
-3.44898	6.19916	0
-3.11476	6.52447	0
-3.35361	6.55037	0
-3.06827	7.48206	0
-3.14426	6.98887	0
-3.58325	6.91059	0
-3.49516	6.33211	0
-3.04681	7.15754	0
-3.14061	7.05644	0
-3.7475	6.11781	0
-3.15753	6.24587	0
-3.39028	6.84444	0
-3.11371	5.97365	0
-3.86527	7.06394	0
-3.81115	5.94093	0
-4.23696	6.41513	0
-4.15308	6.34968	0
-3.58626	6.65172	0
-4.30441	6.78669	0
-3.95661	6.44792	0
-3.58289	7.01253	0
-2.80961	6.44263	0
-3.44016	6.17099	0
-3.89668	6.44239	0
-4.02251	6.40097	0
-3.72468	6.72693	0
-4.37988	6.30419	0
-3.85858	6.26862	0
-2.97178	6.31244	0
-3.92944	6.34397	0
-3.71526	6.87706	0
-3.60955	5.89673	0
-4.33072	6.56381	0
-3.42404	6.62973	0
-3.90509	6.20853	0
-3.64063	6.40043	0
-3.61222	7.0715	0
-3.73196	6.47777	0
-3.58871	7.24746	0
-3.70892	6.34239	0
-3.32702	6.70642	0
-3.94325	6.42079	0
-4.53953	6.43822	0
-3.85375	6.46233	0
-3.41651	7.07889	0
-3.35046	7.44926	0
-3.29139	6.46876	0
-3.9481	6.9169	0
-4.01128	5.9591	0
-3.56059	6.75784	0
-4.07183	6.41371	0
-4.75292	6.54311	0
-3.69463	6.42266	0
-3.43927	6.85207	0
-4.71131	6.63904	0
-4.13153	6.51475	0
-4.021	6.45169	0
-3.52191	6.55747	0
-4.29002	5.70279	0
-4.62461	6.12829	0
-3.96912	6.51327	0
-4.3766	6.47625	0
-3.68052	6.99958	0
-3.96926	6.0473	0
-4.60357	6.21523	0
-4.35982	6.69877	0
-3.94246	5.48836	0
-4.21396	6.31602	0
-4.63109	7.01317	0
-3.75036	6.54473	0
-4.39394	6.05525	0
-3.96581	6.10669	0
-4.10212	5.52379	0
-3.74626	5.96274	0
-4.11931	5.82865	0
-4.51157	6.05788	0
-4.53907	6.24324	0
-4.4572	5.84138	0
-4.30379	6.18506	0
-4.74625	5.68481	0
-3.9739	6.3752	0
-3.99101	5.62412	0
-3.778	6.37022	0
-4.38137	6.05696	0
-3.83371	6.1301	0
-3.47646	6.01927	0
-4.10172	5.71145	0
-4.02609	6.32714	0
-3.76728	5.77671	0
-4.25666	6.44747	0
-4.35289	5.9858	0
-5.12118	5.67853	0
-4.21775	6.33886	0
-4.49006	6.19304	0
-4.13355	6.11875	0
-4.53271	6.45242	0
-5.09198	6.48778	0
-3.56855	5.72324	0
-4.22483	5.78466	0
-4.39837	5.95823	0
-4.56647	6.27838	0
-4.63447	6.22048	0
-4.12588	6.53326	0
-3.84699	6.01315	0
-4.0751	5.71687	0
-4.56146	6.21424	0
-4.25727	6.22779	0
-4.44203	5.93751	0
-4.87504	6.3553	0
-4.24261	6.13899	0
-4.93569	5.6506	0
-4.09357	6.54511	0
-3.5398	6.4415	0
-4.45263	5.94224	0
-4.37901	6.13258	0
-4.20083	6.85165	0
-5.19187	5.17169	0
-3.81706	5.45837	0
-3.93939	6.23728	0
-5.41071	6.91955	0
-4.64639	6.2391	0
-3.98372	6.68634	0
-4.28343	6.47705	0
-4.31089	5.59383	0
-4.403	5.80269	0
-4.29057	5.84268	0
-4.71967	5.7637	0
-3.99701	5.66529	0
-4.12352	6.06421	0
-4.58374	5.77689	0
-5.36068	6.20159	0
-4.27441	5.16891	0
-4.72406	5.19492	0
-4.88477	5.93915	0
-4.84166	5.62791	0
-4.28223	5.64312	0
-4.76	6.25041	0
-4.2274	5.56984	0
-4.79861	6.00682	0
-3.55134	6.1391	0
-4.27208	5.92164	0
-4.15676	5.79724	0
-4.4561	6.00856	0
-4.61265	6.40525	0
-4.3415	6.39707	0
-5.02919	5.51297	0
-4.58947	6.08314	0
-4.77224	5.72807	0
-4.45934	6.53508	0
-4.31059	5.50077	0
-4.38409	5.86593	0
-4.63645	5.55279	0
-4.89945	5.81423	0
-4.14641	5.8065	0
-3.94855	5.95816	0
-4.83689	5.08347	0
-4.2415	5.94882	0
-4.55419	6.37197	0
-4.61575	6.24824	0
-5.07804	5.20052	0
-4.52355	6.25574	0
-4.9884	5.81555	0
-5.25069	6.17727	0
-3.85678	5.45308	0
-4.41805	6.27394	0
-4.77344	5.30984	0
-5.21176	5.53541	0
-5.48491	5.60568	0
-4.52209	5.13885	0
-4.87459	6.41351	0
-4.7802	5.10207	0
-4.83077	5.84497	0
-5.02996	5.95604	0
-4.09849	6.21354	0
-5.21538	6.06775	0
-4.63184	6.11229	0
-5.03623	6.21029	0
-5.0353	4.90624	0
-5.07857	6.05663	0
-5.41396	5.31896	0
-5.09015	5.60294	0
-5.34902	5.0804	0
-4.93172	5.87922	0
-4.87857	5.55984	0
-4.51206	5.73709	0
-4.80721	6.19272	0
-5.15931	5.31841	0
-4.33943	5.91245	0
-4.88412	5.2582	0
-4.76071	5.62028	0
-5.13299	5.09427	0
-4.78211	5.24011	0
-5.11733	5.1468	0
-4.66151	6.44835	0
-5.09064	5.85774	0
-5.26594	5.44181	0
-4.53231	5.21409	0
-4.68398	5.77995	0
-4.96522	5.09621	0
-5.40562	5.41616	0
-4.71955	5.40088	0
-5.41428	5.79684	0
-5.8994	5.12252	0
-5.30053	5.57912	0
-5.4399	5.76697	0
-4.84953	5.44783	0
-4.9827	5.60784	0
-4.39501	5.75738	0
-4.57076	5.80701	0
-4.96679	5.45698	0
-4.68582	5.44233	0
-5.12533	5.88478	0
-6.21248	5.92656	0
-4.59954	5.50064	0
-5.27204	5.14569	0
-5.47483	5.63956	0
-5.52036	4.57241	0
-5.83914	5.56497	0
-5.202	5.04101	0
-4.96258	5.92438	0
-4.81619	6.00918	0
-5.54615	5.96065	0
-5.4342	5.92768	0
-4.78166	5.97065	0
-6.06039	5.52588	0
-4.65508	5.658	0
-5.41348	5.55334	0
-5.48833	5.01472	0
-5.21369	4.97187	0
-5.69815	4.36273	0
-5.28858	5.23554	0
-4.98097	5.797	0
-5.14634	5.07362	0
-5.48527	4.86918	0
-5.28989	5.0304	0
-5.29319	5.56039	0
-5.26059	5.27649	0
-5.62821	5.0846	0
-5.38908	4.91777	0
-5.87262	4.81479	0
-4.79199	5.46198	0
-5.61626	5.36443	0
-5.08127	5.22908	0
-5.11078	5.23795	0
-5.45013	4.43258	0
-5.20968	5.28065	0
-5.33803	5.01072	0
-5.45481	5.24698	0
-5.98824	5.07073	0
-5.42671	5.42	0
-5.9593	5.16974	0
-5.98915	4.78976	0
-5.74755	5.47105	0
-5.87455	4.93683	0
-5.73263	5.92126	0
-5.43285	5.08633	0
-5.78797	5.2142	0
-6.2744	5.3163	0
-6.15713	4.81588	0
-5.66042	5.31843	0
-5.69892	5.65983	0
-4.91398	5.37059	0
-5.79808	5.22878	0
-5.24744	4.66966	0
-5.55132	5.31903	0
-6.10719	5.2135	0
-5.28007	4.76449	0
-5.17338	5.51538	0
-5.50781	4.8219	0
-5.76385	4.73905	0
-6.46922	5.08838	0
-4.95491	5.45095	0
-5.09614	4.58635	0
-5.79902	5.18447	0
-5.01188	5.52939	0
-6.49667	5.5302	0
-5.22377	5.1617	0
-6.15986	5.32845	0
-6.48973	5.53921	0
-5.5438	5.09693	0
-5.7242	4.91613	0
-5.50804	5.06608	0
-5.7027	4.69396	0
-5.86109	5.1607	0
-5.7033	4.85622	0
-5.42993	5.40578	0
-5.64687	5.84158	0
-5.61875	4.88554	0
-5.86783	5.47377	0
-5.9193	4.01324	0
-5.4409	5.30848	0
-5.85781	4.46589	0
-5.6698	4.78641	0
-5.54885	5.65958	0
-6.23745	3.65679	0
-5.74809	4.61126	0
-5.40755	4.40226	0
-6.38282	5.42198	0
-5.39484	5.32082	0
-5.15186	4.67042	0
-5.86566	4.97025	0
-6.12909	5.04085	0
-5.33113	4.24796	0
-5.5423	5.19304	0
-6.05536	5.09035	0
-6.04336	4.75227	0
-5.34006	4.69722	0
-5.97366	4.40752	0
-6.21878	4.93109	0
-5.3703	4.72221	0
-6.01552	4.3364	0
-5.71279	4.76298	0
-5.98581	4.60626	0
-5.86914	4.68176	0
-5.6295	4.4939	0
-5.17377	4.61241	0
-5.60899	5.55144	0
-5.67135	4.46336	0
-6.01217	4.90512	0
-5.27905	4.8808	0
-4.98358	3.79321	0
-5.80805	4.73815	0
-5.47877	4.38073	0
-5.87426	3.98081	0
-6.61211	4.54531	0
-5.93524	4.54288	0
-6.02748	5.03169	0
-5.87588	4.70475	0
-6.5992	4.68305	0
-5.60046	4.81056	0
-6.04128	4.67687	0
-6.20107	4.35136	0
-6.0437	4.38904	0
-5.85893	4.57492	0
-6.05879	4.72834	0
-6.47804	4.68859	0
-6.34965	4.08371	0
-5.76226	4.34577	0
-6.33308	5.2961	0
-5.49245	4.00778	0
-6.26201	4.48545	0
-6.17135	4.31753	0
-5.87495	4.49188	0
-5.6263	4.4691	0
-5.5962	4.72702	0
-5.86327	5.21376	0
-5.8314	3.93715	0
-6.34218	5.03412	0
-6.08607	4.43475	0
-5.53447	4.93733	0
-5.99961	5.25257	0
-5.67529	5.15188	0
-5.88772	4.7008	0
-6.03518	4.63393	0
-5.49114	4.17856	0
-6.02632	4.53782	0
-5.29346	4.68298	0
-6.27025	4.37481	0
-5.97392	4.63074	0
-6.19587	4.18922	0
-5.73873	4.61612	0
-5.43471	3.96732	0
-5.69933	4.42272	0
-6.65488	4.23473	0
-6.51078	4.39451	0
-6.27302	4.39182	0
-6.10273	4.383	0
-5.56706	4.22958	0
-5.84324	3.64135	0
-5.68695	4.36319	0
-5.6544	4.28922	0
-6.30631	4.49196	0
-6.39429	3.31268	0
-6.10703	4.74842	0
-6.15927	4.57386	0
-6.59135	4.52853	0
-6.20073	4.37825	0
-6.42349	4.49609	0
-6.2961	3.58949	0
-5.97626	4.07829	0
-6.04273	4.20295	0
-6.4399	4.01305	0
-6.59542	4.30888	0
-6.43529	4.00757	0
-6.46967	4.62817	0
-5.90806	4.39888	0
-5.81007	4.44325	0
-6.73314	4.4072	0
-6.605	4.11685	0
-6.10442	4.58473	0
-6.47804	4.39541	0
-5.96534	4.92012	0
-5.7728	4.6708	0
-6.99724	4.29157	0
-6.32195	5.19685	0
-5.7968	4.3979	0
-6.38204	3.71586	0
-6.54831	4.56094	0
-6.53708	3.88334	0
-5.99487	4.43808	0
-6.30083	4.29582	0
-6.4978	3.49688	0
-6.33183	4.24647	0
-6.49505	4.01951	0
-5.91947	3.93237	0
-6.48538	4.37814	0
-6.38699	3.54736	0
-5.96912	4.57209	0
-6.82974	3.49289	0
-6.50807	4.42948	0
-6.14723	3.82966	0
-6.08232	4.09904	0
-6.84538	4.26834	0
-6.2328	3.83249	0
-5.9269	4.18081	0
-6.41365	3.12828	0
-6.49441	3.89853	0
-6.62557	3.77332	0
-6.74026	4.08771	0
-6.29133	3.66796	0
-6.41936	3.62301	0
-6.64034	4.46706	0
-5.9967	4.03556	0
-6.24728	3.56832	0
-6.82711	4.24518	0
-5.6561	3.59945	0
-5.88742	4.35039	0
-7.22506	3.65528	0
-6.10271	3.22756	0
-6.91768	4.03925	0
-5.96654	3.9408	0
-6.57941	4.2721	0
-5.75007	3.6154	0
-6.21273	3.59071	0
-6.88169	3.85437	0
-6.17433	3.61407	0
-6.74477	3.49411	0
-6.81825	3.82013	0
-6.41391	4.21914	0
-6.73903	3.77784	0
-7.03149	3.62839	0
-6.4049	3.74455	0
-6.54453	3.50152	0
-6.49935	3.93045	0
-7.06338	4.54861	0
-6.34206	4.04526	0
-6.90289	3.77926	0
-6.08461	4.21663	0
-6.11557	4.40297	0
-6.54531	2.85789	0
-6.47346	3.79506	0
-6.34226	2.33288	0
-6.25583	4.21571	0
-6.66738	3.78869	0
-6.11134	3.80936	0
-7.14834	3.6122	0
-6.72906	3.6971	0
-7.64154	3.82908	0
-6.86452	3.50632	0
-6.44235	3.62357	0
-6.41407	3.70393	0
-6.26843	3.33382	0
-6.23547	3.32324	0
-7.33434	3.55646	0
-6.38998	3.63039	0
-7.25633	3.28712	0
-6.94148	2.90212	0
-6.41455	3.44074	0
-6.76955	3.36691	0
-6.98171	3.69212	0
-6.92988	3.37517	0
-6.48514	3.61304	0
-6.18477	3.64748	0
-7.1842	3.49082	0
-6.45305	3.25949	0
-7.12297	3.98432	0
-6.45793	2.87819	0
-7.25641	3.86204	0
-6.91636	3.57643	0
-7.21257	4.41433	0
-6.21422	3.40044	0
-6.77904	3.95186	0
-7.00267	3.4798	0
-6.64176	3.43987	0
-6.80271	3.80231	0
-7.11949	3.45284	0
-6.3362	3.43196	0
-6.46918	2.97129	0
-6.56851	3.45513	0
-6.4814	3.57744	0
-6.48365	3.27386	0
-6.60122	3.08655	0
-6.96421	3.69587	0
-6.82526	3.19873	0
-6.58977	3.47824	0
-7.2215	3.554	0
-6.68312	2.98224	0
-6.4051	2.93523	0
-6.31252	3.79253	0
-6.72715	3.44254	0
-6.75476	2.86672	0
-6.93573	3.5641	0
-6.42011	3.62603	0
-7.30823	2.86638	0
-6.55988	3.3589	0
-6.96067	3.07332	0
-6.74006	3.4244	0
-6.3866	3.51341	0
-7.06892	3.56773	0
-6.90454	3.05567	0
-7.16554	3.11593	0
-6.20783	3.58752	0
-6.1143	4.0769	0
-6.44375	3.02071	0
-6.48862	3.0159	0
-6.96545	3.20504	0
-6.53651	3.3025	0
-6.24352	3.12461	0
-7.14733	3.05152	0
-7.09993	2.9681	0
-5.95051	3.21532	0
-7.59745	3.31305	0
-7.53839	3.80315	0
-6.89255	3.16909	0
-6.53328	3.43544	0
-6.45808	2.9705	0
-6.9214	2.8582	0
-7.18904	3.37274	0
-7.34145	3.55571	0
-6.52931	3.12032	0
-6.89582	3.31782	0
-7.01337	3.50371	0
-7.12686	3.33812	0
-6.96515	3.23458	0
-6.54796	2.27022	0
-6.46945	2.65195	0
-6.53244	3.06419	0
-6.85658	3.38819	0
-7.13707	2.44323	0
-7.36985	2.52615	0
-7.19184	2.61252	0
-6.2096	2.53711	0
-5.84381	2.70101	0
-7.37476	3.53665	0
-6.86249	3.10648	0
-7.57097	2.70663	0
-7.03958	3.17802	0
-7.04266	2.31003	0
-6.64058	3.27811	0
-7.44002	3.32185	0
-6.71992	2.36863	0
-6.61419	2.47807	0
-7.00552	2.91861	0
-7.19985	3.55853	0
-7.26076	2.64977	0
-6.74536	2.08888	0
-6.79775	3.30426	0
-6.54614	2.82705	0
-6.247	2.04356	0
-7.09901	2.51636	0
-6.49686	2.70658	0
-6.92788	2.77976	0
-6.66375	2.40287	0
-6.93846	2.62193	0
-6.80684	2.3992	0
-6.95713	2.5594	0
-6.43722	2.78826	0
-6.91974	3.03413	0
-6.92904	3.48652	0
-7.64891	2.48085	0
-6.72345	2.54175	0
-6.81701	2.66367	0
-6.61074	2.8227	0
-6.8737	2.61701	0
-7.0282	2.76174	0
-7.51602	2.71481	0
-7.15234	2.21852	0
-6.81085	2.78344	0
-6.89844	2.4581	0
-6.90942	2.69864	0
-6.91669	2.23767	0
-7.73596	2.81336	0
-6.9557	2.77375	0
-7.50639	2.89509	0
-6.89401	2.20526	0
-7.1334	2.11982	0
-6.82695	2.20323	0
-7.13881	2.54142	0
-6.60641	2.8441	0
-7.25337	3.36434	0
-7.12054	2.36984	0
-7.2475	2.13261	0
-6.72727	2.00352	0
-7.73415	2.77433	0
-6.78778	2.57598	0
-6.71618	2.47824	0
-6.91367	2.4291	0
-6.98967	2.47167	0
-7.36176	2.04995	0
-7.00839	3.07006	0
-6.73774	2.12407	0
-7.41931	2.33634	0
-6.77977	2.35769	0
-7.29435	2.23635	0
-7.69142	1.97762	0
-7.06853	2.36677	0
-6.98371	2.18953	0
-7.52186	2.21015	0
-6.74528	2.02599	0
-7.73745	2.69345	0
-7.66411	2.02701	0
-7.07363	2.47544	0
-6.68689	1.7033	0
-6.72642	2.08984	0
-6.73649	1.91023	0
-7.3421	2.19459	0
-7.01321	2.2212	0
-7.01528	2.20766	0
-6.81591	2.31258	0
-6.62693	1.64398	0
-6.89592	2.22503	0
-6.45591	2.57729	0
-7.37489	1.5904	0
-6.55415	2.13772	0
-6.97772	2.78857	0
-7.67009	1.91715	0
-7.24622	1.89578	0
-7.05348	1.48163	0
-7.43916	2.5429	0
-7.41393	2.27727	0
-7.13249	1.24377	0
-7.54012	1.22861	0
-7.30324	2.53388	0
-6.95954	2.57921	0
-7.30005	2.1666	0
-7.26345	1.90803	0
-6.84591	1.70893	0
-6.50432	1.89334	0
-7.54437	1.78935	0
-6.49502	1.61126	0
-7.18704	1.93528	0
-7.2881	2.14155	0
-7.61942	1.43342	0
-7.1751	2.46347	0
-7.62116	2.093	0
-6.58521	2.78203	0
-6.78456	1.8142	0
-6.7217	2.05215	0
-7.48759	2.20089	0
-7.24828	1.75706	0
-7.58788	2.13487	0
-7.04862	1.81018	0
-7.40517	1.82155	0
-7.15049	1.32315	0
-7.43056	2.31637	0
-7.32431	2.47117	0
-7.66039	2.00234	0
-7.01622	2.0484	0
-7.19413	2.07896	0
-7.50712	2.27179	0
-7.54472	2.45568	0
-7.08396	2.23148	0
-7.36767	2.24687	0
-7.41643	2.09265	0
-7.49896	1.75369	0
-7.45423	1.73945	0
-7.41175	2.13238	0
-7.25505	1.78017	0
-6.47259	2.18078	0
-6.61743	2.12266	0
-7.02872	1.74891	0
-7.71633	1.81831	0
-6.93634	1.54241	0
-6.7008	2.04556	0
-7.19423	0.9507	0
-7.25214	2.03052	0
-6.34915	1.9694	0
-7.11053	1.2141	0
-7.41007	2.17536	0
-7.04523	1.6942	0
-7.75016	1.286	0
-7.21565	1.43346	0
-7.64831	0.99082	0
-7.51031	1.58941	0
-6.85592	1.41198	0
-7.78898	1.66245	0
-6.78684	1.61991	0
-7.15813	2.05768	0
-6.70235	1.97245	0
-7.27334	1.8075	0
-7.50824	2.18262	0
-7.18251	1.05433	0
-7.48356	1.49851	0
-7.34123	1.44461	0
-6.38493	1.19631	0
-6.62219	1.63249	0
-7.44246	1.75158	0
-7.56252	2.15472	0
-7.75708	1.61144	0
-7.18719	1.45805	0
-7.20309	1.96955	0
-7.559	1.38094	0
-7.89593	1.7341	0
-7.49296	1.84705	0
-7.7885	0.33886	0
-6.9862	1.88184	0
-7.47486	1.15734	0
-7.57498	1.53533	0
-7.07341	1.33574	0
-7.19445	1.56247	0
-8.01574	1.19164	0
-7.34067	1.25432	0
-7.44035	1.58799	0
-7.12269	0.61723	0
-7.24627	1.25986	0
-7.29193	2.12773	0
-7.51961	1.76453	0
-6.83402	1.60442	0
-7.99772	1.86512	0
-7.85844	1.10671	0
-7.76011	1.2875	0
-7.05405	1.29996	0
-7.23802	1.64053	0
-7.88908	1.26511	0
-7.16729	1.45331	0
-7.35458	1.34172	0
-7.24053	1.35672	0
-7.65372	1.13977	0
-7.32549	2.13578	0
-7.02469	1.22364	0
-7.30234	0.79012	0
-7.65736	0.79968	0
-7.65359	1.22256	0
-8.00095	1.1841	0
-7.71915	1.25812	0
-7.12668	0.93866	0
-7.57398	1.46339	0
-7.21822	1.21468	0
-7.38146	1.05186	0
-7.74218	1.29675	0
-7.46093	1.94975	0
-7.13817	1.27488	0
-7.15091	1.52285	0
-7.33983	0.64983	0
-7.44943	1.32719	0
-7.64387	0.90068	0
-7.04594	0.84341	0
-7.15151	1.29629	0
-7.65303	1.30514	0
-7.86756	0.86411	0
-7.94205	1.64007	0
-7.44221	1.38033	0
-7.50056	1.00047	0
-7.64867	1.2118	0
-7.05308	1.08738	0
-6.965	0.43023	0
-7.52757	1.36081	0
-7.3028	1.70775	0
-7.63163	1.51734	0
-7.01333	1.24931	0
-7.84683	0.7872	0
-7.30925	0.35491	0
-7.58928	1.43261	0
-7.15133	0.92561	0
-7.62609	1.22448	0
-7.71013	0.7406	0
-6.34364	1.63028	0
-7.91287	-0.13671	0
-7.61562	0.86143	0
-7.85761	1.73543	0
-7.9577	0.95217	0
-7.57341	1.14931	0
-7.87322	0.91948	0
-7.55205	0.95284	0
-7.44509	1.07198	0
-6.89293	0.57269	0
-7.82601	1.14777	0
-7.28118	0.83962	0
-6.62247	0.5912	0
-7.26824	1.11255	0
-6.94061	1.22864	0
-7.7873	0.37586	0
-7.13741	0.61123	0
-7.49827	1.3684	0
-7.05684	0.45572	0
-6.84109	1.46347	0
-7.63534	0.36376	0
-7.1674	0.88571	0
-6.96836	1.35623	0
-7.18314	0.39706	0
-7.37369	0.64472	0
-7.8022	0.81736	0
-6.78316	0.66281	0
-8.07196	1.10643	0
-7.79815	0.25197	0
-6.44091	0.80055	0
-7.16981	0.2649	0
-7.64811	0.61886	0
-7.14964	0.7107	0
-7.08921	0.43735	0
-7.40065	1.32426	0
-7.05253	0.24136	0
-6.94163	-0.08349	0
-7.31997	0.47313	0
-7.94791	0.60759	0
-7.76329	-0.29195	0
-7.20517	0.31074	0
-7.78607	-0.01262	0
-7.83834	0.082	0
-7.424	0.44275	0
-7.6559	-0.25806	0
-7.89486	0.30135	0
-7.28884	0.52914	0
-7.68623	0.2545	0
-7.47933	0.8209	0
-8.41637	0.22262	0
-7.68645	0.01615	0
-8.60203	1.19278	0
-7.66519	0.08366	0
-7.14219	0.52446	0
-7.45813	-0.26435	0
-7.9502	0.68129	0
-7.7495	0.52789	0
-7.96427	0.80537	0
-7.66085	-0.17735	0
-7.50232	0.54495	0
-7.47242	-0.15881	0
-7.91203	0.27213	0
-7.50178	0.2049	0
-7.1457	0.64547	0
-7.88617	0.29933	0
-7.28018	0.41093	0
-7.85316	0.26255	0
-7.70133	-0.04465	0
-7.06084	0.14243	0
-7.73988	0.32053	0
-7.49578	0.20078	0
-7.50801	-0.07943	0
-7.63405	-0.0293	0
-7.48146	0.13712	0
-6.45624	-0.00689	0
-6.7043	0.74646	0
-7.6644	0.14774	0
-7.69428	0.56037	0
-7.34003	0.24605	0
-7.58265	-0.21042	0
-7.68019	-0.00225	0
-7.4988	0.44518	0
-7.8893	0.0272	0
-7.40325	-0.22581	0
-7.87577	0.02278	0
-7.57113	0.30229	0
-7.91168	0.54389	0
-7.22887	-0.69652	0
-7.58022	-0.03102	0
-7.01488	0.33943	0
-7.68565	-0.20135	0
-7.55661	0.66087	0
-7.81041	0.16309	0
-7.96797	-0.05859	0
-8.00802	0.6738	0
0.3391	4.13657	1
-0.49113	4.04892	1
-0.13256	3.5799	1
0.13632	3.66711	1
-0.26373	3.54732	1
-0.07637	3.46851	1
-0.08734	3.78402	1
0.13169	3.41732	1
-0.40819	3.31893	1
0.48687	3.2761	1
0.33634	3.50394	1
-0.06702	3.72937	1
-0.02792	4.10473	1
-0.08907	3.85383	1
-0.15544	3.35537	1
0.39768	3.42499	1
0.1756	3.92522	1
0.81825	3.75267	1
-0.13749	3.68852	1
-0.23548	3.21759	1
0.14579	3.66483	1
-0.10927	3.34753	1
1.08139	4.16501	1
-0.48562	3.48719	1
0.08561	3.2888	1
-0.44594	4.22281	1
-0.43848	3.25118	1
-0.29868	3.86472	1
-0.2089	3.50478	1
-0.18022	3.33568	1
-0.06157	3.54186	1
0.21881	3.60332	1
1.2029	3.55146	1
-0.17127	3.29589	1
0.15378	3.02653	1
0.0714	4.25694	1
-0.77729	3.20951	1
0.37497	3.65089	1
-0.43969	3.96884	1
0.51316	3.78527	1
0.13492	3.81022	1
0.09184	2.54362	1
0.04915	3.30864	1
-0.4861	3.1382	1
0.51537	3.27716	1
-0.53894	3.17509	1
-0.11368	3.54542	1
-0.26478	3.6532	1
0.50753	3.18887	1
0.02691	2.7016	1
0.3189	2.65458	1
-0.16975	2.86392	1
0.19586	3.40783	1
-0.17917	2.95308	1
-0.17985	3.08002	1
0.5911	3.67856	1
0.29036	2.74734	1
0.04295	3.35444	1
-0.02275	3.11936	1
0.1053	3.23818	1
-0.06078	3.3188	1
0.52817	2.91786	1
0.00507	2.66274	1
0.0961	3.0306	1
-0.52688	3.47209	1
-0.2857	3.00598	1
0.41724	2.97783	1
0.40826	3.73412	1
0.01532	3.37889	1
0.08198	2.9487	1
-0.34068	2.98454	1
-0.64603	3.00215	1
-0.07746	3.47388	1
-0.91014	2.86161	1
-0.26975	2.95069	1
-0.02186	3.45311	1
-0.47113	2.38286	1
0.69766	2.6931	1
0.80095	3.11416	1
-0.23159	3.16616	1
0.23784	2.91544	1
-0.02512	3.13694	1
0.65839	2.87379	1
0.76228	3.1423	1
-0.67453	3.80122	1
-0.66694	3.08359	1
0.0692	3.11556	1
0.33423	3.76327	1
0.72251	3.43552	1
0.06565	3.17195	1
0.93203	2.65197	1
0.12906	3.18973	1
0.25164	2.81645	1
-0.01268	2.93206	1
0.25386	2.65391	1
0.41197	3.1112	1
-0.27052	2.87862	1
-0.1137	2.27924	1
0.58965	3.56288	1
-0.39547	3.58675	1
-0.74666	2.94225	1
0.65281	2.62214	1
0.50603	2.80418	1
0.67941	2.54482	1
0.39976	2.92962	1
0.16513	2.32968	1
0.75506	2.52412	1
0.88915	2.71649	1
-0.26469	2.31851	1
0.34594	3.02996	1
0.27963	2.53485	1
0.35275	2.71882	1
0.02249	2.70423	1
0.92508	2.72427	1
0.23977	2.65103	1
0.59237	2.79643	1
0.4789	2.37532	1
0.63188	1.95234	1
0.25441	2.89308	1
-0.26046	2.99859	1
-0.02634	2.7611	1
-0.03517	2.80354	1
-0.17511	2.81278	1
0.39889	2.19568	1
0.04787	2.84096	1
0.11007	2.92084	1
0.43033	3.09063	1
0.28864	2.55818	1
-0.24061	2.93143	1
0.2931	1.76342	1
0.01929	3.31427	1
0.38817	3.16792	1
0.14691	2.81199	1
0.41589	2.65448	1
0.32513	2.88477	1
0.10606	2.64746	1
-0.03423	2.73941	1
-0.45207	2.28233	1
0.28698	2.23794	1
-0.40099	2.35107	1
0.03636	2.72	1
-0.00043	2.56188	1
1.06071	1.8732	1
-0.26989	2.8214	1
0.46528	2.66782	1
0.04874	1.63307	1
-0.05317	1.92021	1
-0.67144	2.33364	1
-0.59525	3.41785	1
0.96323	2.11926	1
0.0692	2.22362	1
0.23002	1.79244	1
-0.48562	2.25296	1
-0.7347	2.88364	1
0.04371	2.351	1
0.36664	1.55479	1
0.75913	2.95765	1
0.19421	2.96458	1
0.39818	2.17763	1
-0.19853	2.21322	1
0.08507	2.10843	1
-0.26931	2.30087	1
0.02267	1.6434	1
0.12731	2.46982	1
0.23434	1.80003	1
-0.00274	2.02506	1
0.21889	2.14643	1
0.49367	1.68775	1
0.19553	2.10257	1
-0.20807	2.65254	1
-0.57545	2.49453	1
0.47068	2.20122	1
0.03581	2.41395	1
0.20668	1.86211	1
0.47702	2.54218	1
0.25729	2.56753	1
0.06362	1.94709	1
0.22924	1.8451	1
0.10953	1.46544	1
-0.00546	2.07448	1
-0.568	2.86793	1
-0.01316	1.97949	1
0.11763	2.43471	1
0.14649	1.91942	1
-0.33161	1.68387	1
0.69827	2.35257	1
0.27416	2.47523	1
0.73441	2.17458	1
-0.14713	1.39943	1
-0.20108	1.66737	1
0.72049	1.32297	1
-0.15976	2.74812	1
0.22182	2.54349	1
0.40632	2.31539	1
0.36026	2.03686	1
0.41925	2.53711	1
0.09234	2.79671	1
-0.20138	1.6143	1
-0.27225	1.80053	1
-0.06407	2.43469	1
0.1598	1.76158	1
-0.17172	2.21546	1
0.84932	1.99837	1
-0.11832	2.37833	1
-0.19218	1.78111	1
-0.40164	1.45516	1
0.56206	1.94133	1
0.79431	2.04147	1
-0.2032	1.66574	1
0.51552	1.79209	1
0.51231	1.70788	1
0.66191	1.47167	1
0.80403	1.90344	1
0.28937	2.3661	1
0.32796	1.54047	1
-0.01423	1.64827	1
-0.07111	1.27912	1
0.24515	1.9942	1
0.02548	2.33709	1
0.34148	1.53954	1
-0.67647	1.92677	1
0.12305	2.04291	1
0.29871	2.12736	1
0.46878	1.55663	1
0.71753	1.80011	1
0.14138	1.23335	1
0.30756	2.01813	1
0.87296	1.5823	1
-0.07449	1.53129	1
0.37069	1.62837	1
0.61892	1.13248	1
0.73639	2.06174	1
-0.53263	1.22424	1
0.41682	1.98813	1
0.51336	0.97133	1
0.42988	1.46542	1
0.58633	1.05339	1
0.1194	1.81069	1
-0.03061	1.3963	1
-0.20211	1.53271	1
0.35667	1.409	1
0.79838	1.82588	1
-0.2454	1.70791	1
0.46339	1.80885	1
0.18496	1.72455	1
-0.44242	0.75793	1
-0.01627	2.14428	1
0.23287	1.11721	1
0.43031	1.28555	1
0.24709	1.59884	1
0.55397	2.08835	1
-0.08553	1.53535	1
0.06632	1.54507	1
-0.6206	1.56455	1
-0.00757	1.71383	1
0.54318	1.15941	1
0.13812	1.45903	1
1.14456	1.05408	1
0.6872	1.5574	1
-0.01953	1.72996	1
-0.25139	1.1047	1
0.87883	1.77491	1
0.94427	1.85891	1
0.74279	0.93618	1
0.8767	1.59231	1
0.64537	1.6024	1
-0.01833	1.19135	1
-0.00804	1.55348	1
0.18483	1.29724	1
-0.25142	1.20332	1
0.41661	1.63046	1
0.01913	0.76047	1
-0.07858	1.542	1
-0.46595	1.19547	1
0.36454	1.36898	1
0.56016	1.68553	1
0.42135	1.65126	1
-0.17837	1.51829	1
0.25975	1.96304	1
0.86658	0.60449	1
0.4793	1.59412	1
1.19297	1.40444	1
0.32589	0.84741	1
0.4039	0.53925	1
0.13244	1.39872	1
0.84433	1.56685	1
0.14224	0.91241	1
0.25755	1.05919	1
1.01312	0.90395	1
-0.12451	0.92183	1
0.99943	0.66681	1
0.34462	1.06059	1
0.96133	1.18858	1
-0.05731	0.93278	1
0.61739	-0.14356	1
-0.04944	0.80384	1
0.72546	0.8166	1
1.3849	0.85736	1
0.76724	0.78317	1
0.84978	1.05849	1
0.32644	0.89407	1
-0.14499	0.94952	1
0.68457	1.44278	1
0.13763	0.26023	1
0.40466	0.78637	1
1.1249	1.07308	1
0.8179	1.45659	1
0.76261	1.01126	1
0.65115	0.88988	1
0.38876	1.19553	1
0.90863	0.31305	1
0.7595	0.3093	1
-0.02481	1.42701	1
0.0973	1.15658	1
0.27568	0.68487	1
0.50381	1.00957	1
0.25805	0.40318	1
1.67174	0.84205	1
0.68094	1.28772	1
0.60717	-0.09605	1
0.61675	0.79229	1
1.14785	1.33986	1
0.30958	0.42873	1
0.58477	1.31975	1
1.54736	0.1818	1
0.8545	1.10012	1
0.44804	0.78153	1
1.23182	0.89284	1
1.29361	0.86117	1
0.81329	0.28502	1
0.65502	1.11588	1
0.00882	1.27354	1
0.70943	0.2697	1
0.60152	0.92695	1
0.36135	0.17414	1
0.85028	0.73154	1
0.52708	0.94047	1
1.09752	0.70588	1
0.36881	1.00053	1
1.01905	0.36919	1
1.06098	0.30618	1
0.21629	0.36792	1
0.65316	0.26109	1
0.41883	0.87031	1
0.47204	0.37821	1
1.19152	0.14073	1
1.05523	0.68594	1
0.35441	0.62511	1
1.70198	0.32508	1
-0.08366	1.05195	1
0.56067	-0.29152	1
0.62528	0.59492	1
0.1085	-0.03196	1
0.28896	0.24278	1
0.84588	0.52835	1
0.26577	0.70165	1
1.17814	0.8971	1
0.47971	-0.01079	1
0.48308	-0.05222	1
1.16458	0.33466	1
1.3726	0.30765	1
1.22959	0.28837	1
0.71088	-0.10328	1
0.28216	0.7228	1
1.33336	0.86144	1
1.55111	0.4949	1
0.88543	0.65551	1
0.15892	0.26838	1
1.31206	0.69541	1
0.80634	1.07299	1
0.60812	0.93315	1
0.89134	0.58925	1
0.41309	0.09795	1
0.56223	0.56172	1
0.18281	1.04552	1
0.72999	-0.01731	1
1.61067	-0.18477	1
0.84136	0.93684	1
0.73096	0.33743	1
0.97062	0.62682	1
0.9443	0.3877	1
0.79025	0.34052	1
1.00916	0.36759	1
1.52523	0.17373	1
0.43936	0.26483	1
0.80014	0.35478	1
0.57513	0.03741	1
0.52653	-0.33382	1
0.06973	0.30663	1
0.80952	0.63773	1
1.19077	0.33385	1
0.41904	-0.20025	1
0.41575	0.44247	1
0.718	0.55097	1
1.35167	0.38421	1
1.03711	-0.27692	1
0.81105	0.26902	1
1.17426	-0.28223	1
0.86507	0.00301	1
0.93762	0.55565	1
0.80038	0.70524	1
0.73019	0.08405	1
1.57008	0.27673	1
1.29365	-0.24539	1
0.91712	-0.15139	1
0.96901	0.25454	1
0.9867	0.314	1
1.50899	-0.01847	1
1.12763	-0.68753	1
0.78284	0.17149	1
1.79389	-0.20744	1
0.82276	0.27239	1
1.08218	-0.1758	1
1.06463	-0.58761	1
1.44009	0.14271	1
1.13939	0.31936	1
1.27509	-0.17055	1
1.07017	0.30742	1
1.19469	0.05172	1
0.96403	-0.48451	1
1.47115	0.08213	1
0.72122	0.11074	1
0.76773	-0.22748	1
1.18126	-0.2959	1
1.4875	0.18214	1
0.709	0.08396	1
1.49465	-0.49344	1
0.80733	-0.72894	1
1.22014	-0.41965	1
0.66146	-0.52755	1
1.06232	0.34553	1
0.89213	0.49201	1
0.85644	-0.13694	1
1.25845	-0.44515	1
1.71528	0.24303	1
1.01031	-0.46734	1
0.78434	0.62091	1
1.11019	-1.09256	1
1.10834	-0.24806	1
1.44573	-0.414	1
1.30172	0.1183	1
1.42156	0.09087	1
1.09221	-0.25012	1
0.88201	-0.83037	1
1.55873	-0.17958	1
1.14924	-0.4018	1
1.02529	-0.54777	1
0.79497	-0.46893	1
1.09601	-0.02302	1
1.37662	-0.01768	1
0.63313	-0.45586	1
1.01648	-0.31678	1
0.80405	-0.25838	1
0.643	-0.11396	1
0.89322	-0.28541	1
1.08945	-0.53038	1
0.91583	-0.48659	1
0.90901	-0.29535	1
0.88608	0.38649	1
1.16766	0.47147	1
1.15307	-0.06808	1
1.49467	-0.13176	1
1.46111	-0.26728	1
0.8252	-0.48327	1
0.85744	0.01929	1
0.55212	-0.67074	1
1.49979	-0.83222	1
0.93238	-0.78921	1
1.65401	-0.45163	1
1.94042	-0.5077	1
0.99091	-0.08323	1
2.24755	-0.34521	1
1.25569	0.16843	1
1.06031	-0.55228	1
1.73537	-0.00057	1
0.93745	-0.67421	1
1.32788	-0.71856	1
1.41627	-0.5161	1
1.2286	0.08091	1
0.96744	-0.60843	1
1.75522	-0.35987	1
1.29228	0.17243	1
1.57867	-0.49121	1
0.66146	-0.18772	1
1.58451	-0.62032	1
1.23279	-0.55467	1
1.0498	-0.31364	1
1.11716	-1.01893	1
2.01741	-0.53822	1
1.86436	-0.90061	1
1.38828	0.56586	1
0.95713	-0.5343	1
1.3376	-1.43442	1
1.58229	-0.04207	1
1.25272	-0.57985	1
1.2118	-0.43315	1
1.15951	-0.25855	1
1.58034	-0.9321	1
0.95308	-0.44167	1
1.14242	-0.8755	1
1.16203	0.13126	1
1.17556	-1.07659	1
1.91605	-0.6362	1
1.51161	-0.71458	1
1.00227	-1.02598	1
1.55056	-0.76582	1
1.63934	-0.93274	1
1.64276	-0.14014	1
0.4853	-1.2959	1
1.86524	-0.07186	1
1.82542	-1.11406	1
1.53328	-1.52766	1
1.60168	-0.11312	1
1.06554	-0.44611	1
2.02237	-0.51496	1
1.75855	-1.0939	1
1.49219	-1.00234	1
0.92006	-0.64349	1
1.65306	-1.02462	1
1.70312	-0.74934	1
1.48626	-1.17273	1
1.29256	-0.39284	1
1.93402	-0.67923	1
1.87821	-0.85558	1
1.79912	-0.61982	1
1.14323	-0.72366	1
2.23734	-0.76953	1
1.9367	-0.5286	1
0.97778	-1.21478	1
1.78202	-0.35345	1
1.48187	-0.43329	1
1.97107	-1.14437	1
1.53166	-0.04091	1
1.6198	-0.77293	1
1.38527	-1.14764	1
1.7659	-0.9515	1
2.34138	-1.07634	1
1.77265	-1.04684	1
1.60441	-1.42654	1
2.03729	-0.54476	1
1.35837	-0.47735	1
1.5954	-0.6945	1
1.28699	-1.15672	1
2.01034	-1.15319	1
2.09241	-1.52014	1
1.56122	-0.94981	1
1.99774	-0.9164	1
1.3116	-1.69359	1
1.90932	-0.72109	1
1.63364	-0.71654	1
1.26548	-1.15424	1
2.04602	-1.70692	1
1.08022	-0.58866	1
1.40604	-1.00814	1
2.62094	-0.81797	1
1.92432	-1.03136	1
1.76627	-0.98816	1
2.31038	-1.25775	1
2.14848	-1.48619	1
2.54925	-1.59951	1
1.74317	-1.29783	1
1.97693	-1.46077	1
1.98344	-0.68404	1
2.11156	-1.52578	1
1.44651	-0.96144	1
1.73675	-1.27327	1
2.28171	-0.84088	1
2.08106	-1.70625	1
1.48058	-0.57411	1
2.1524	-1.19197	1
1.812	-0.69784	1
2.21677	-1.2554	1
1.86758	-1.54374	1
1.56952	-1.54938	1
2.18254	-0.54309	1
1.89787	-1.33454	1
1.84333	-1.06233	1
1.93766	-1.36955	1
1.63969	-0.6694	1
2.51801	-1.04522	1
2.11827	-1.74349	1
2.34843	-1.8448	1
2.42713	-1.49383	1
1.74875	-1.90173	1
1.8054	-1.44936	1
1.49287	-1.43013	1
1.89871	-1.22351	1
1.58303	-1.26853	1
1.33694	0.14179	1
1.40298	-1.36198	1
1.74	-1.44337	1
2.19574	-1.36438	1
1.46893	-0.5241	1
1.44106	-1.03711	1
1.97408	-1.39704	1
1.65344	-1.98351	1
2.53018	-1.17882	1
2.20056	-1.45553	1
2.48342	-1.16996	1
1.90903	-0.91754	1
2.03207	-1.5241	1
2.24779	-1.38851	1
2.58417	-1.48975	1
2.07189	-1.62558	1
1.78354	-0.87411	1
2.48039	-0.8593	1
2.52755	-1.38519	1
2.68879	-1.49111	1
1.32396	-1.41206	1
2.43804	-1.91704	1
2.26155	-1.4542	1
2.66679	-1.67393	1
1.97924	-1.5747	1
1.95362	-1.00653	1
2.0635	-1.45842	1
2.3734	-1.15663	1
2.55945	-1.7289	1
1.94733	-1.61768	1
2.23428	-2.01801	1
2.01057	-1.05627	1
1.83677	-1.78199	1
2.10157	-1.34304	1
2.38418	-0.40516	1
2.87283	-2.1224	1
1.72386	-2.34823	1
2.31456	-1.45746	1
2.28526	-1.73802	1
1.22223	-1.30631	1
1.71161	-2.0542	1
2.13787	-1.77649	1
2.69192	-1.38877	1
1.82737	-1.2501	1
2.3443	-1.35792	1
2.72487	-1.36152	1
2.68257	-1.64535	1
2.32441	-1.51203	1
2.13852	-1.55506	1
2.48874	-2.02512	1
2.09843	-1.42892	1
2.5962	-1.40649	1
2.06303	-1.72527	1
2.32736	-2.16833	1
2.04476	-1.19499	1
2.28498	-1.89655	1
1.90119	-1.48432	1
2.03978	-2.2623	1
3.01799	-1.76697	1
2.42499	-1.46758	1
2.6607	-2.23893	1
2.47135	-1.82713	1
1.63012	-1.60609	1
2.85043	-1.16557	1
2.57601	-2.09298	1
2.62569	-2.30824	1
2.7185	-2.00122	1
2.774	-1.28237	1
2.77534	-1.56175	1
1.99541	-1.34605	1
2.779	-1.41894	1
2.28942	-1.23615	1
2.46011	-2.11674	1
2.26911	-1.74995	1
2.95165	-1.80117	1
1.93879	-1.72518	1
2.38026	-1.63503	1
2.26632	-2.19306	1
2.09189	-1.15935	1
1.95114	-2.2064	1
3.14867	-1.47412	1
2.75672	-1.68082	1
2.14481	-2.00458	1
2.30668	-2.13033	1
2.64112	-1.59461	1
2.51645	-2.36015	1
2.26893	-2.46295	1
2.0224	-1.63072	1
2.54136	-2.48651	1
2.61287	-1.69954	1
3.0109	-1.20871	1
2.69414	-2.18838	1
2.3166	-1.8892	1
3.04526	-2.35408	1
2.83318	-3.04155	1
2.51814	-1.99272	1
2.83768	-1.08436	1
2.83447	-1.61516	1
3.24993	-1.77876	1
2.74692	-2.08265	1
2.73784	-2.48225	1
2.60539	-2.18962	1
2.59115	-1.65873	1
3.15207	-1.60136	1
2.2737	-2.49603	1
2.88531	-1.87776	1
2.66536	-2.25172	1
2.89122	-1.54799	1
2.85359	-1.32711	1
2.9207	-2.14852	1
2.56012	-1.64641	1
3.34389	-1.70627	1
2.55647	-1.88318	1
2.74757	-2.31255	1
3.30246	-2.31833	1
2.7673	-1.47592	1
2.60802	-1.91789	1
2.36523	-2.1255	1
2.91118	-1.59053	1
2.97505	-1.9873	1
2.32858	-1.45266	1
2.43686	-1.60539	1
2.84375	-1.99603	1
2.55046	-2.03412	1
2.18826	-1.88363	1
2.62985	-1.68065	1
3.03628	-1.84677	1
2.56106	-2.02286	1
2.57772	-2.23212	1
2.57149	-2.26635	1
2.69792	-2.31273	1
3.15174	-2.05551	1
3.19099	-2.62086	1
2.75605	-2.1928	1
2.66372	-2.03702	1
2.60469	-2.26354	1
3.53114	-1.84088	1
3.17123	-1.72887	1
2.81214	-2.72338	1
2.39882	-2.18309	1
3.18278	-0.87187	1
2.54957	-2.18051	1
2.95315	-2.16114	1
3.31075	-2.67917	1
3.14494	-2.51938	1
3.90363	-2.34442	1
3.26206	-2.49127	1
3.65093	-1.51999	1
2.95591	-2.10898	1
2.84092	-1.81237	1
3.13852	-1.75956	1
3.02813	-2.433	1
2.79168	-1.70843	1
3.30191	-1.59115	1
2.95503	-2.22012	1
3.85066	-2.14379	1
2.17974	-1.83785	1
2.8398	-1.62347	1
3.09333	-2.47449	1
3.17399	-2.62467	1
3.18654	-1.81723	1
2.96867	-2.34275	1
2.77763	-2.65032	1
3.51582	-2.42862	1
3.41741	-2.14335	1
3.017	-2.68403	1
3.21639	-2.70698	1
2.79259	-2.7349	1
3.47917	-2.37813	1
3.72239	-1.81467	1
3.07959	-2.22515	1
3.42608	-2.40694	1
3.41816	-2.44023	1
2.59782	-3.55292	1
3.50607	-2.16708	1
3.48168	-2.11026	1
3.42053	-2.17121	1
3.52653	-2.15646	1
3.56222	-2.79337	1
3.06798	-2.73679	1
3.07993	-2.44647	1
2.57925	-2.87294	1
3.4052	-2.5749	1
3.97219	-2.64381	1
3.37055	-2.45296	1
3.19652	-2.29547	1
2.61173	-2.30187	1
3.4826	-2.1391	1
3.56524	-2.94209	1
3.39638	-1.80403	1
3.14843	-2.7445	1
3.24499	-2.45626	1
3.80989	-2.70016	1
3.38032	-3.2422	1
3.27018	-3.02074	1
3.53343	-2.23679	1
3.37435	-2.71778	1
2.92747	-2.83851	1
3.45216	-2.40568	1
3.31269	-2.4953	1
3.0749	-2.34953	1
3.54494	-2.22722	1
3.20482	-2.8501	1
2.60694	-2.54388	1
3.70678	-2.66194	1
3.70971	-2.00694	1
2.89389	-2.6181	1
3.61085	-1.71283	1
3.12695	-2.80375	1
3.30589	-2.52877	1
3.57483	-2.6357	1
3.26082	-2.68823	1
3.75204	-1.88164	1
3.63157	-2.65308	1
3.18832	-2.79318	1
3.64656	-2.24282	1
3.78959	-2.57155	1
3.74399	-2.79882	1
3.52286	-3.00908	1
3.52857	-2.93279	1
4.06246	-2.99458	1
4.04183	-2.59502	1
3.29306	-2.10247	1
3.09578	-2.58399	1
3.80183	-2.72619	1
3.13179	-2.77585	1
3.93998	-2.74393	1
4.25405	-2.81655	1
3.80421	-3.32359	1
4.08231	-2.87482	1
3.63877	-2.83372	1
3.40014	-3.16138	1
3.71124	-2.57523	1
3.54853	-3.30148	1
3.96452	-2.79714	1
4.2044	-3.38376	1
3.29243	-2.79525	1
3.59046	-2.92152	1
3.5952	-2.41984	1
3.56298	-1.83997	1
3.37426	-2.64566	1
3.39558	-2.72822	1
3.29984	-2.52813	1
3.67024	-2.81096	1
3.07114	-2.6789	1
3.97522	-3.25517	1
3.73461	-2.90521	1
3.47226	-2.73212	1
3.91278	-2.59843	1
3.51895	-1.99466	1
3.84141	-2.88927	1
3.32069	-3.01051	1
3.07198	-2.40517	1
3.52013	-2.63128	1
3.99232	-2.44768	1
4.31967	-2.56394	1
3.94962	-2.91304	1
3.49408	-2.42798	1
3.68399	-2.67852	1
4.70853	-2.56555	1
3.11162	-2.7025	1
3.51774	-2.40356	1
3.9043	-3.32743	1
3.65748	-2.81473	1
3.80181	-2.81341	1
4.05972	-2.73748	1
3.94397	-2.64303	1
4.31576	-2.61225	1
4.41194	-2.99581	1
4.27706	-3.27035	1
3.02893	-3.25779	1
3.3719	-3.00457	1
4.25158	-2.78707	1
3.885	-2.85068	1
3.89186	-2.36303	1
4.37795	-2.23764	1
3.72273	-2.76415	1
4.3242	-3.49299	1
4.18796	-3.45683	1
4.03326	-2.70432	1
4.00995	-3.42218	1
3.67413	-2.7976	1
4.7196	-3.54812	1
3.59603	-2.46579	1
4.51855	-2.86958	1
4.06994	-2.75235	1
4.14993	-3.53355	1
4.37716	-3.35153	1
3.84363	-2.87917	1
4.70801	-2.4359	1
3.90218	-2.87942	1
3.82547	-2.2483	1
4.10674	-3.27429	1
4.36893	-2.78664	1
4.10295	-2.37141	1
4.03796	-2.68473	1
4.46821	-3.29609	1
2.95702	-3.46076	1
4.54232	-2.51087	1
4.57902	-2.82687	1
4.47968	-3.19147	1
4.55508	-3.11646	1
5.09086	-2.98149	1
4.36333	-3.50787	1
4.62941	-3.1524	1
4.24681	-3.08693	1
4.25748	-2.53721	1
3.91585	-3.18165	1
3.9205	-3.33023	1
4.44566	-3.33313	1
4.09458	-2.40607	1
4.66343	-3.21126	1
4.50242	-2.77573	1
4.20142	-3.12049	1
4.32689	-3.52629	1
3.63269	-2.94354	1
4.83913	-3.19061	1
4.58695	-2.95811	1
4.11182	-2.47193	1
4.4206	-2.67261	1
4.50048	-3.33304	1
4.0209	-2.95427	1
4.20292	-3.19257	1
3.9179	-3.50922	1
4.65592	-3.0304	1
4.30582	-2.98378	1
5.04269	-3.10986	1
4.44476	-3.50332	1
4.61296	-3.04253	1
4.93085	-3.94845	1
4.33847	-3.02751	1
4.81682	-2.74948	1
4.34212	-3.39598	1
4.70745	-2.95296	1
4.60085	-2.60715	1
4.22707	-3.28545	1
3.84789	-3.16797	1
4.79284	-2.75251	1
4.35797	-3.5327	1
4.91116	-3.53922	1
4.32186	-3.06771	1
4.14979	-3.48714	1
4.57353	-2.98076	1
4.65551	-3.16095	1
4.39935	-3.22989	1
4.70944	-3.2854	1
4.51893	-3.38994	1
4.35343	-3.15032	1
4.67936	-3.14451	1
4.3041	-2.69864	1
4.46853	-2.69417	1
4.71825	-2.99762	1
4.48217	-3.37815	1
5.21006	-2.95447	1
4.83293	-3.23663	1
4.95992	-3.14183	1
4.53736	-2.6425	1
4.78101	-3.53086	1
5.42768	-2.86101	1
4.92239	-2.76497	1
4.9597	-3.10493	1
4.79509	-2.93807	1
4.38036	-3.04694	1
4.70611	-3.17158	1
3.92914	-3.87403	1
4.07208	-3.23132	1
4.40872	-3.5583	1
5.09197	-3.05745	1
4.49498	-2.86268	1
5.45201	-3.0212	1
4.87777	-3.15334	1
4.79568	-3.06772	1
4.98961	-3.01325	1
5.43382	-2.89712	1
3.66356	-2.72759	1
5.01736	-3.58707	1
5.10017	-3.4187	1
4.26611	-3.79035	1
5.53729	-3.296	1
5.15857	-3.05347	1
4.98593	-3.09661	1
4.81052	-3.31424	1
4.74229	-3.98178	1
4.98869	-2.35221	1
5.31154	-3.13843	1
5.18294	-3.84546	1
4.83439	-2.97147	1
5.65571	-3.8028	1
5.25487	-2.86571	1
5.16592	-2.82238	1
4.60387	-2.81763	1
4.56655	-3.62872	1
4.55069	-3.31207	1
5.69287	-3.08512	1
4.4345	-3.79964	1
4.69002	-2.85896	1
4.85802	-3.44335	1
5.17022	-3.32151	1
4.1481	-3.66905	1
5.18677	-3.91096	1
5.96832	-3.14057	1
4.7639	-3.7668	1
5.32004	-4.03643	1
4.95134	-3.02688	1
5.24947	-3.16202	1
4.97805	-3.31488	1
5.40322	-3.44271	1
4.88154	-3.46352	1
4.95958	-3.26221	1
4.97992	-3.90578	1
4.92057	-3.94933	1
5.49933	-3.46671	1
5.32676	-3.27421	1
5.50315	-2.62623	1
5.27129	-3.42998	1
5.27177	-3.36236	1
5.24018	-2.82807	1
5.64556	-3.84934	1
5.63631	-3.36498	1
4.48589	-2.86163	1
4.8492	-3.2048	1
5.19814	-4.14408	1
5.26222	-4.28055	1
6.18505	-3.70478	1
5.27746	-3.50396	1
5.07366	-3.33135	1
5.13328	-3.03664	1
5.37987	-3.05872	1
5.36096	-3.26761	1
5.32051	-3.83745	1
4.93584	-2.85498	1
5.83299	-3.64827	1
5.09179	-3.39045	1
5.37494	-3.29921	1
5.38634	-3.30453	1
5.47572	-3.23389	1
5.00589	-3.17447	1
5.43847	-3.42846	1
5.60928	-3.06121	1
5.26005	-3.24362	1
5.50446	-3.76039	1
5.53763	-3.6671	1
5.68524	-3.01591	1
5.1465	-3.10769	1
6.0425	-3.02006	1
5.67973	-3.44844	1
5.67943	-2.98814	1
5.58538	-3.46891	1
5.69227	-3.4699	1
5.40088	-3.54762	1
5.87182	-2.91898	1
6.06449	-3.49808	1
5.37077	-3.69072	1
5.70106	-3.47144	1
6.12943	-3.37564	1
4.53095	-3.18589	1
5.54706	-3.78102	1
4.49152	-3.09466	1
5.82276	-3.77218	1
5.59581	-4.00197	1
5.6148	-3.58457	1
5.2605	-3.23092	1
5.58345	-3.26563	1
5.0834	-2.99612	1
5.55156	-3.73522	1
5.65498	-3.56645	1
5.95582	-3.16658	1
5.51657	-3.51274	1
5.13157	-2.78232	1
5.89439	-3.88542	1
5.30776	-4.02282	1
7.05936	-2.88321	1
5.65704	-3.5922	1
5.3164	-3.29638	1
5.77183	-3.15062	1
5.77895	-4.07866	1
5.72131	-2.88926	1
5.41273	-3.70842	1
5.69969	-3.62887	1
5.46642	-3.85497	1
6.07013	-3.20988	1
5.7053	-3.1598	1
5.30552	-3.69752	1
6.1338	-3.19224	1
6.20766	-3.92961	1
5.73852	-3.27776	1
5.63814	-3.51419	1
4.83315	-3.54421	1
5.82488	-4.2109	1
5.97052	-3.38963	1
5.46691	-3.85035	1
5.94715	-3.21508	1
5.59024	-3.44034	1
6.47868	-3.60571	1
6.09789	-3.66396	1
6.59331	-4.24477	1
6.89545	-4.33826	1
5.18457	-3.41521	1
5.89474	-3.06818	1
5.87516	-4.24888	1
5.45796	-3.23885	1
5.99908	-3.48867	1
5.58125	-3.16987	1
5.5413	-4.30121	1
6.91376	-3.50954	1
6.54689	-3.19871	1
5.73896	-3.15497	1
5.52381	-3.24803	1
5.33974	-3.27694	1
6.4701	-3.5236	1
6.09057	-3.72534	1
6.43656	-3.11778	1
6.48888	-3.88319	1
5.21786	-3.42208	1
5.97039	-3.41204	1
6.11889	-3.82167	1
6.19915	-3.65834	1
5.96944	-3.75752	1
6.19802	-3.97876	1
6.21777	-3.29225	1
5.94989	-3.50489	1
6.42595	-3.59895	1
6.74796	-4.2766	1
6.87205	-4.09718	1
7.1077	-3.45476	1
6.55589	-3.4078	1
6.35159	-3.56798	1
7.02532	-3.81609	1
5.82166	-4.0484	1
6.17155	-3.40244	1
6.70186	-3.9953	1
6.42128	-3.61763	1
6.31058	-4.21782	1
6.12272	-4.59578	1
6.89679	-3.99085	1
5.99871	-4.09185	1
5.89047	-3.65441	1
6.68168	-3.6813	1
5.54992	-3.34888	1
6.66159	-3.90697	1
6.68978	-4.15624	1
7.32044	-3.52584	1
6.482	-3.84792	1
5.97214	-3.29581	1
6.55676	-3.4459	1
6.68998	-3.26779	1
6.00455	-3.3135	1
6.63789	-3.75889	1
6.62162	-3.71957	1
6.52379	-3.85357	1
7.23999	-3.62562	1
6.38571	-3.84027	1
5.97435	-3.80462	1
6.819	-3.75905	1
7.07043	-3.92881	1
6.70589	-3.91375	1
6.39124	-3.87929	1
6.54956	-3.57864	1
6.1296	-3.48799	1
7.02484	-3.04004	1
6.03047	-4.07003	1
6.33884	-3.99278	1
6.03921	-3.42006	1
6.57208	-2.96454	1
6.32819	-3.68249	1
6.47661	-3.08855	1
6.39933	-4.03749	1
6.34837	-3.25439	1
6.18333	-4.7695	1
6.62841	-3.34676	1
5.98534	-4.50637	1
6.93838	-3.74132	1
6.8478	-3.43057	1
6.34853	-3.69247	1
6.96821	-3.75149	1
7.35232	-3.96199	1
7.1187	-3.10492	1
6.79079	-3.34599	1
7.25603	-3.88449	1
6.84131	-4.08468	1
7.05881	-3.54254	1
6.60246	-3.8035	1
6.80475	-3.61608	1
6.7926	-3.60741	1
6.37816	-4.29212	1
6.93844	-3.60596	1
7.03072	-3.55281	1
6.28672	-3.43401	1
5.89865	-4.13133	1
6.44431	-3.7858	1
6.73468	-3.48989	1
7.05329	-3.81803	1
7.26852	-3.79925	1
6.65526	-3.07153	1
6.62063	-3.75661	1
6.79501	-3.13595	1
6.68852	-3.6193	1
6.49403	-3.34783	1
6.71798	-3.84053	1
7.36839	-3.65111	1
6.69845	-4.25522	1
6.8121	-3.76241	1
7.67998	-3.68583	1
7.24026	-3.99441	1
7.01217	-3.3734	1
7.20162	-3.73912	1
6.70439	-3.76741	1
7.54398	-3.91821	1
7.26567	-3.66969	1
7.29154	-3.88819	1
7.56046	-3.81652	1
6.69901	-3.53767	1
6.96057	-3.70371	1
7.83237	-3.79702	1
7.54224	-3.72603	1
6.18564	-4.20878	1
6.54925	-3.26574	1
7.0542	-3.79332	1
6.51245	-3.26489	1
7.41964	-3.46704	1
6.63998	-3.44532	1
7.37191	-4.04564	1
7.51095	-4.20267	1
7.50629	-3.89187	1
7.33479	-3.6755	1
6.85434	-4.52789	1
7.19376	-3.2465	1
6.42903	-3.54463	1
6.62589	-4.23325	1
7.23696	-3.80234	1
7.64998	-4.5779	1
7.12787	-3.36828	1
7.43223	-3.96964	1
7.08502	-3.79048	1
7.37112	-3.79679	1
7.16085	-3.68962	1
7.35447	-3.49954	1
7.37379	-3.52518	1
7.47909	-3.61733	1
6.80998	-2.52753	1
7.54823	-3.55581	1
7.15197	-3.35261	1
7.48513	-4.0416	1
7.43286	-3.6734	1
7.01773	-3.07871	1
7.25889	-3.77934	1
7.26685	-3.98844	1
7.47272	-4.00718	1
6.52732	-3.36862	1
7.44423	-4.21146	1
7.0581	-3.37601	1
7.83011	-3.94501	1
7.70505	-3.5552	1
7.98907	-3.97797	1
7.40941	-3.39295	1
7.20743	-3.57325	1
7.9639	-3.61764	1
7.60994	-3.57212	1
7.52987	-3.64615	1
7.37779	-4.06469	1
7.58643	-3.22412	1
7.54719	-4.2953	1
6.77741	-3.87787	1
7.17609	-3.78487	1
8.53972	-3.25192	1
7.16104	-3.79909	1
8.37933	-3.22352	1
6.7316	-2.54902	1
7.46589	-3.32016	1
7.97656	-4.3597	1
7.14978	-3.66547	1
7.85466	-3.10387	1
7.27023	-3.39559	1
7.59686	-3.34157	1
8.0341	-3.75771	1
6.55524	-4.2291	1
8.72991	-3.10854	1
8.06247	-3.827	1
7.72467	-3.95778	1
7.84244	-3.98945	1
7.69153	-4.40409	1
8.20088	-3.54072	1
8.2874	-4.23058	1
7.53854	-3.91236	1
7.70113	-4.20542	1
8.04502	-4.42865	1
8.17473	-3.67746	1
7.84829	-3.51929	1
7.23312	-3.71454	1
7.70149	-3.70105	1
8.44288	-3.11833	1
8.01487	-3.912	1
7.4735	-3.62396	1
8.3338	-3.69514	1
7.56064	-3.42708	1
7.67188	-4.15503	1
8.69966	-3.63999	1
7.33953	-3.31659	1
8.07515	-3.8312	1
7.89761	-3.63301	1
7.69675	-3.87122	1
8.22517	-4.43724	1
7.76449	-4.03801	1
7.3245	-3.6831	1
8.10684	-3.56279	1
7.9838	-3.5573	1
7.86186	-2.91795	1
7.73106	-3.34166	1
7.97385	-3.30924	1
8.30022	-3.67887	1
8.09215	-3.71977	1
7.64594	-3.59493	1
7.56887	-3.98938	1
8.55137	-3.88072	1
7.79605	-3.93051	1
7.87072	-3.40549	1
7.62979	-4.07156	1
8.18431	-3.6062	1
8.52443	-3.47489	1
8.50687	-4.30036	1
7.38769	-3.2873	1
8.47824	-4.38529	1
7.58707	-3.43213	1
8.11501	-3.55241	1
7.9048	-4.07827	1
8.0105	-3.63396	1
8.75365	-3.21899	1
7.99124	-3.7179	1
8.18052	-3.63571	1
8.24165	-3.23449	1
8.61635	-3.79758	1
8.11024	-2.93655	1
8.03244	-4.32858	1
8.2776	-4.14355	1
7.99831	-3.5925	1
7.10802	-3.0388	1
8.56262	-3.52047	1
8.45921	-3.74266	1
8.31563	-3.76178	1
7.4395	-3.54016	1
8.31216	-4.31431	1
7.27292	-3.13539	1
8.97787	-3.8238	1
8.74959	-3.31611	1
8.46227	-3.52826	1
8.82729	-3.17088	1
8.41487	-3.57559	1
7.77442	-3.32903	1
8.54064	-3.63106	1
8.35651	-3.42683	1
8.06051	-4.08249	1
8.39033	-3.58821	1
8.66345	-4.2781	1
8.11955	-3.87635	1
8.8064	-4.02478	1
8.6585	-3.91892	1
8.07004	-4.00665	1
8.73346	-3.36774	1
8.17811	-3.40425	1
8.09259	-3.57517	1
8.89445	-3.58158	1
8.31823	-3.75142	1
8.60262	-3.87784	1
8.78855	-3.22428	1
8.4914	-3.41157	1
8.15563	-3.35073	1
8.26309	-3.85678	1
8.39252	-3.75942	1
8.22391	-3.86767	1
8.39167	-3.88096	1
8.21933	-3.3859	1
8.12625	-3.40638	1
7.96164	-3.91464	1
7.9421	-3.22899	1
7.98378	-4.01704	1
8.69129	-3.90342	1
8.90258	-3.14093	1
8.4961	-3.88047	1
8.35386	-3.76478	1
8.50387	-4.20211	1
8.17364	-3.6444	1
8.93942	-3.4562	1
8.75493	-3.13668	1
8.66266	-3.38853	1
8.8022	-3.97771	1
8.09492	-3.828	1
9.14457	-3.74066	1
8.74539	-4.04546	1
8.84084	-4.45198	1
8.75432	-3.26402	1
8.95691	-3.61171	1
8.41379	-2.79873	1
8.82189	-3.44048	1
7.69885	-3.83281	1
8.98412	-3.28341	1
9.04617	-3.61661	1
8.62415	-4.01487	1
8.89272	-4.05918	1
8.35389	-3.98908	1
8.55013	-3.32017	1
8.80915	-3.93529	1
8.57095	-3.57115	1
8.4526	-3.71401	1
8.62081	-3.3674	1
9.20335	-3.84749	1
8.23445	-3.59243	1
9.77278	-3.23122	1
8.95708	-3.82639	1
9.73269	-4.11688	1
8.73707	-3.63611	1
8.21384	-3.71893	1
9.31222	-4.19446	1
8.62014	-3.21913	1
8.41724	-3.10732	1
8.93181	-4.73994	1
9.27504	-3.60916	1
8.97585	-3.692	1
9.05437	-3.60459	1
9.45272	-3.93787	1
9.43032	-4.04116	1
8.94504	-3.85053	1
8.82958	-3.81351	1
8.54504	-4.1124	1
9.18074	-3.48718	1
9.08529	-4.56569	1
9.25766	-4.34529	1
9.32109	-3.8292	1
9.0174	-3.22423	1
8.49344	-3.64153	1
8.4496	-3.8948	1
9.25993	-3.08143	1
9.15601	-3.86803	1
8.95795	-4.02347	1
9.62106	-3.79093	1
8.73973	-4.0367	1
9.0356	-3.10165	1
9.7521	-3.3308	1
9.34762	-3.78961	1
8.68695	-3.45407	1
9.4584	-3.53556	1
9.20957	-3.83093	1
9.36087	-2.97558	1
9.81949	-3.51766	1
9.01155	-3.1508	1
8.94996	-3.62729	1
8.97263	-3.4091	1
8.80368	-3.55568	1
9.20778	-3.76788	1
9.33942	-4.3593	1
9.39517	-3.39138	1
8.23232	-3.76156	1
9.34206	-2.80505	1
9.65784	-4.20737	1
9.93202	-3.56776	1
9.76038	-3.48692	1
9.34254	-3.31554	1
9.04966	-3.32258	1
9.85577	-3.32606	1
9.50706	-3.44645	1
9.20536	-3.28721	1
9.30233	-3.54232	1
9.20788	-3.31274	1
9.55102	-3.6766	1
9.75527	-3.16732	1
10.56209	-3.51382	1
9.413	-3.21073	1
9.12925	-3.78885	1
9.57763	-3.71892	1
9.07566	-4.07605	1
8.80882	-3.83391	1
8.9243	-3.70552	1
9.26397	-3.88768	1
9.36333	-3.85141	1
9.2946	-3.10525	1
8.98809	-3.81404	1
9.68629	-3.79856	1
9.81262	-3.02671	1
9.44114	-3.34362	1
9.08536	-3.66754	1
9.67594	-3.02695	1
9.19295	-3.51696	1
9.56371	-3.41819	1
9.77229	-3.61433	1
9.79125	-3.82833	1
9.53381	-3.53222	1
9.64004	-3.04032	1
9.40243	-3.77851	1
10.16135	-3.83697	1
9.4991	-3.50739	1
9.76974	-3.64235	1
9.21987	-3.95173	1
9.71418	-2.84379	1
9.65389	-3.71746	1
9.8688	-3.75934	1
9.58897	-3.17435	1
9.84116	-3.49677	1
9.63422	-3.49959	1
9.38359	-3.6228	1
8.75578	-3.42233	1
9.73732	-3.11708	1
9.56439	-3.37824	1
10.38151	-2.53516	1
9.16234	-3.50552	1
10.34519	-3.29272	1
9.66864	-3.03188	1
9.60564	-3.32028	1
9.35381	-3.8741	1
10.27917	-4.01092	1
10.01399	-3.54068	1
10.22365	-3.16451	1
9.79108	-3.80819	1
9.62874	-3.14641	1
9.42003	-3.42955	1
10.12616	-3.25428	1
9.84237	-3.84081	1
10.06979	-4.2097	1
9.85827	-3.59197	1
9.91588	-3.58728	1
9.59929	-3.58317	1
10.71462	-4.06734	1
10.43925	-2.79117	1
9.96403	-3.24648	1
10.9522	-3.06932	1
9.64358	-4.09153	1
9.86236	-3.18633	1
9.96467	-2.64611	1
9.76664	-4.16157	1
10.0092	-3.43146	1
10.22663	-3.00982	1
9.31485	-3.12154	1
9.73505	-3.35898	1
10.32175	-2.88063	1
9.61774	-2.9167	1
10.19184	-3.21819	1
9.51318	-3.48344	1
9.64994	-3.12288	1
9.92864	-3.19645	1
9.61336	-3.34586	1
9.44852	-3.87855	1
10.1134	-3.36659	1
10.62497	-3.21672	1
10.40321	-2.69121	1
10.42371	-3.30142	1
10.08472	-3.49715	1
9.67143	-3.58961	1
9.58533	-3.46941	1
9.41219	-3.11743	1
10.0584	-3.11083	1
10.32252	-3.65101	1
9.97991	-3.38646	1
10.43796	-2.88773	1
10.5708	-3.34715	1
10.69194	-2.88423	1
10.02524	-3.14409	1
10.38438	-3.3802	1
9.95338	-3.07658	1
9.80729	-3.04634	1
10.18185	-3.51893	1
9.82754	-3.62436	1
10.17001	-2.79793	1
9.49528	-2.97035	1
10.47286	-3.34383	1
10.22433	-3.20094	1
9.9443	-3.28943	1
10.12912	-2.53727	1
11.14878	-2.75179	1
10.85494	-3.24978	1
9.93207	-3.01388	1
9.89884	-3.51089	1
10.0558	-3.5999	1
10.20138	-3.52255	1
9.46246	-3.21119	1
10.61151	-2.97796	1
11.00944	-3.49514	1
10.58529	-3.4694	1
10.827	-2.90771	1
10.55639	-2.8048	1
10.27662	-3.43166	1
10.40329	-3.47176	1
10.32134	-3.17414	1
10.18573	-3.06319	1
10.85323	-2.97921	1
9.83047	-2.57234	1
10.52728	-2.09713	1
10.11031	-3.63982	1
11.27421	-3.24554	1
10.18697	-2.43908	1
10.23066	-3.81141	1
10.73492	-3.31387	1
10.30519	-3.43289	1
10.26968	-2.72431	1
11.21399	-3.12802	1
10.58894	-3.13974	1
10.21065	-3.02983	1
10.59087	-2.94192	1
10.66852	-2.83732	1
10.40583	-3.2021	1
10.35975	-3.23454	1
11.03802	-2.962	1
10.63841	-3.15522	1
11.52219	-3.46853	1
10.74103	-3.63163	1
11.05896	-3.03502	1
10.82063	-2.36995	1
10.40629	-2.9425	1
10.68755	-3.19052	1
11.04757	-2.95926	1
11.38949	-2.5212	1
11.04587	-2.83685	1
10.73954	-2.78431	1
10.98594	-3.14343	1
10.50101	-2.66802	1
10.29878	-2.79848	1
10.98613	-3.68611	1
11.10661	-2.73684	1
10.2492	-3.48112	1
10.96969	-2.86941	1
10.77001	-2.41733	1
11.08489	-2.49511	1
10.96688	-3.34425	1
11.18584	-3.55111	1
10.92671	-2.60148	1
11.18003	-3.09345	1
11.0599	-2.98757	1
11.07666	-2.84672	1
10.93059	-2.65192	1
10.69931	-2.9658	1
11.15177	-2.67447	1
11.10435	-2.77005	1
10.18063	-3.33838	1
11.51937	-3.06812	1
10.64326	-3.80956	1
10.43414	-3.19723	1
10.40963	-2.58329	1
10.58298	-3.43069	1
10.79058	-2.87367	1
10.90899	-3.36227	1
11.23086	-2.11442	1
10.44949	-3.04917	1
10.5663	-2.57321	1
11.51025	-3.10508	1
10.74452	-2.91822	1
11.08738	-2.84491	1
10.86953	-2.99466	1
11.40749	-3.02833	1
11.06042	-3.06939	1
10.68887	-3.06551	1
10.64549	-3.39559	1
10.96448	-2.95255	1
10.89608	-2.49845	1
10.52651	-2.84309	1
10.61277	-3.21204	1
10.22108	-2.92839	1
11.52125	-2.60811	1
11.53517	-2.84812	1
9.81676	-2.78025	1
10.49694	-3.00264	1
10.42681	-2.76739	1
11.42296	-2.91652	1
11.18535	-2.81232	1
10.22501	-2.43141	1
11.01846	-2.81238	1
11.54319	-3.95213	1
11.20211	-2.50673	1
11.37513	-2.76533	1
11.28651	-2.42919	1
11.09154	-2.49706	1
11.46977	-3.00444	1
10.82186	-2.82451	1
11.26694	-3.29099	1
11.57271	-3.33232	1
11.21465	-3.17376	1
10.93254	-2.81365	1
11.3605	-3.04587	1
11.30922	-2.44313	1
11.01739	-2.12719	1
11.02876	-3.05641	1
11.87358	-2.95351	1
11.16973	-3.11725	1
11.65844	-2.37437	1
11.10924	-3.66975	1
11.53401	-2.46252	1
11.15633	-2.81497	1
11.16252	-2.2065	1
11.27008	-2.59276	1
11.39785	-2.3669	1
11.59856	-3.08649	1
11.09775	-2.41182	1
10.97257	-2.81028	1
11.31415	-2.85436	1
11.311	-3.07591	1
10.94114	-2.3216	1
10.63155	-2.17468	1
10.70375	-2.89681	1
10.59309	-3.00982	1
10.73286	-2.30992	1
11.36755	-2.65214	1
11.34484	-2.66366	1
11.53095	-1.90837	1
11.67732	-2.27805	1
11.34958	-2.87822	1
11.23526	-2.42697	1
10.79862	-2.50476	1
11.06195	-2.68125	1
11.58436	-2.61743	1
11.57272	-2.61146	1
11.65538	-3.21693	1
11.25305	-2.7362	1
11.80661	-2.76733	1
11.88036	-2.54222	1
11.41635	-3.00951	1
11.43326	-3.06088	1
11.04411	-1.95485	1
11.12079	-2.62495	1
11.92634	-2.27073	1
11.46769	-3.34607	1
11.41011	-2.35371	1
11.67805	-3.08937	1
11.2401	-1.39867	1
10.97266	-2.29551	1
11.57262	-3.371	1
11.36609	-2.04376	1
11.52697	-2.89598	1
11.864	-2.90714	1
12.03335	-3.19028	1
12.20814	-2.2696	1
11.86133	-2.73468	1
12.13106	-2.60619	1
11.46246	-2.5686	1
11.85442	-3.21144	1
11.50224	-1.83677	1
11.50384	-1.87904	1
11.27257	-2.57399	1
12.46325	-2.49272	1
11.5113	-1.81552	1
11.53441	-2.09707	1
11.45395	-2.555	1
11.9319	-2.78699	1
12.06153	-2.14476	1
11.13292	-2.90912	1
11.42926	-2.51781	1
12.38823	-2.84403	1
12.14403	-2.78465	1
11.62517	-1.99582	1
11.76387	-2.06641	1
11.97792	-2.10661	1
11.46306	-2.68146	1
12.17895	-2.66138	1
12.34693	-2.20433	1
11.50012	-2.35339	1
12.37369	-2.08642	1
11.18145	-2.05666	1
12.01931	-3.45126	1
12.02295	-2.57003	1
11.68423	-2.31984	1
12.08545	-1.82354	1
12.07167	-1.93443	1
12.22282	-2.02703	1
11.51024	-2.6465	1
11.74802	-2.59514	1
11.08004	-2.35175	1
12.28554	-1.74471	1
11.56846	-2.48668	1
11.84363	-2.26869	1
11.94676	-2.35187	1
11.19131	-2.86883	1
11.85176	-2.80263	1
11.6752	-2.23751	1
11.18219	-2.8135	1
12.10643	-2.12142	1
12.21618	-2.24638	1
11.50448	-1.54676	1
11.96063	-2.08584	1
11.9859	-2.64376	1
12.35496	-2.60582	1
11.77035	-1.93581	1
11.83648	-2.29794	1
11.76249	-1.68266	1
11.32122	-2.20632	1
11.31394	-2.6271	1
11.99967	-1.73236	1
11.82067	-2.16518	1
11.87978	-1.79616	1
12.1906	-1.899	1
11.85075	-2.20954	1
12.01095	-1.97683	1
12.45564	-2.50253	1
12.18537	-2.61626	1
12.50019	-2.36577	1
11.74411	-2.21735	1
12.51131	-1.91324	1
11.6209	-1.98525	1
12.16285	-2.54512	1
12.15563	-1.71073	1
11.91554	-1.72722	1
11.36002	-1.42297	1
11.95562	-2.02355	1
12.43052	-1.34606	1
11.80551	-1.79737	1
11.60289	-2.14014	1
11.44121	-2.18332	1
12.41326	-2.85242	1
12.14087	-1.53173	1
11.99078	-2.71259	1
12.90164	-2.10857	1
12.02404	-2.06507	1
11.60621	-2.36586	1
12.2087	-1.74614	1
11.88016	-1.95173	1
11.87438	-1.95987	1
11.75613	-1.73509	1
11.88669	-2.35027	1
11.93846	-1.26558	1
12.33791	-2.52841	1
12.3976	-1.34545	1
12.79008	-2.01922	1
11.77621	-2.09213	1
11.9954	-2.28947	1
12.27188	-1.96938	1
11.87748	-2.08323	1
12.87352	-2.86725	1
11.86985	-1.93598	1
12.6012	-1.84138	1
12.46714	-2.02116	1
12.70077	-1.83705	1
12.20091	-2.22245	1
12.72739	-2.71428	1
12.75227	-1.88805	1
13.40399	-1.46192	1
12.5194	-2.06607	1
12.15081	-1.77763	1
12.1118	-1.36658	1
13.01198	-1.8539	1
12.44549	-2.19201	1
11.75318	-1.63138	1
12.8482	-2.075	1
12.2327	-1.99936	1
12.07774	-1.73809	1
12.50595	-2.26972	1
12.61139	-2.48208	1
13.07535	-2.06569	1
12.60732	-1.74386	1
12.97506	-1.90779	1
12.75236	-1.62412	1
13.06942	-1.58091	1
13.35697	-1.82149	1
12.77321	-2.22188	1
12.43453	-1.30133	1
12.21393	-2.36253	1
12.7579	-1.53197	1
12.40475	-1.09893	1
13.22031	-2.34766	1
12.33335	-1.50765	1
12.54484	-0.79111	1
12.75963	-1.6838	1
12.69352	-1.49104	1
12.81902	-1.9043	1
12.40989	-2.39339	1
12.51595	-1.49796	1
12.86051	-1.89936	1
12.44533	-1.03668	1
13.07292	-2.5239	1
12.41249	-1.69515	1
13.08787	-0.72174	1
12.42685	-1.84175	1
12.37989	-1.27807	1
12.21786	-1.95225	1
13.01152	-1.42092	1
12.57862	-1.72702	1
12.31221	-1.80665	1
12.65747	-1.79847	1
12.64584	-1.24529	1
13.22425	-1.12482	1
12.95578	-1.00229	1
12.17806	-1.74955	1
12.31742	-1.68212	1
12.19638	-1.68314	1
12.96626	-1.95585	1
12.99807	-1.99243	1
12.1659	-1.28964	1
13.54997	-1.78973	1
13.32539	-1.78274	1
12.1796	-1.69956	1
13.41105	-1.97385	1
12.78292	-1.69687	1
12.56646	-1.45519	1
13.16379	-1.4752	1
13.2333	-0.98492	1
12.19535	-1.81459	1
13.38475	-1.51717	1
12.94489	-2.15697	1
12.40019	-2.12221	1
11.97245	-1.51229	1
13.03783	-1.5626	1
12.49799	-1.81948	1
12.93859	-1.00984	1
12.15068	-1.41533	1
12.35069	-1.02806	1
13.12443	-1.54685	1
12.78278	-1.45665	1
12.51811	-2.03866	1
12.79647	-1.68318	1
12.86314	-1.17984	1
12.95068	-1.46314	1
13.24125	-1.70896	1
13.21122	-1.61057	1
12.60421	-0.92644	1
12.65213	-1.55957	1
12.70845	-1.61661	1
12.61902	-1.50626	1
12.61824	-1.23609	1
13.41609	-1.86206	1
12.51326	-1.27878	1
13.17528	-1.3148	1
13.17662	-0.72593	1
13.45183	-1.65455	1
13.0335	-1.59703	1
13.39305	-1.63022	1
12.8039	-0.80627	1
12.76655	-1.17083	1
12.89305	-1.60526	1
13.26356	-1.5518	1
13.17598	-1.78653	1
13.42859	-1.10933	1
13.02573	-1.70295	1
12.76126	-1.03752	1
12.72122	-1.87934	1
13.00502	-0.62045	1
12.32345	-1.16626	1
12.45239	-1.19953	1
13.74937	-1.54724	1
13.17885	-1.03188	1
12.87633	-1.7297	1
12.97394	-0.51013	1
12.5259	-1.89981	1
13.37446	-0.94096	1
12.91923	-0.58446	1
13.26158	-0.98337	1
13.2013	-1.2111	1
12.4503	-1.42021	1
13.35942	-1.09029	1
13.74582	-0.53337	1
12.82553	-1.60278	1
12.93734	-1.16383	1
14.09511	-1.2124	1
12.80485	-1.39862	1
12.57492	-0.50136	1
13.39198	-0.83322	1
13.05426	-0.76356	1
13.8416	-0.6379	1
12.93558	-1.41685	1
13.78494	-1.28575	1
13.34722	-1.08202	1
12.9337	-1.1354	1
12.92365	-0.86443	1
13.16555	-1.91312	1
12.68681	-1.17423	1
13.27762	-0.85823	1
13.58128	-1.54893	1
13.16108	-1.27278	1
13.70245	-1.2235	1
13.00829	-1.09494	1
13.91649	-0.84469	1
13.93631	-0.82718	1
13.12711	-0.7817	1
13.49828	-0.89855	1
13.26333	-0.79126	1
13.04909	-0.9804	1
12.66934	-0.93349	1
12.97019	-1.23953	1
13.90234	-0.56499	1
14.30706	-0.99309	1
13.96739	-1.61677	1
13.56655	-0.52679	1
12.61972	-1.02408	1
13.17123	-0.46774	1
12.88574	-1.2576	1
12.6947	-1.24758	1
13.20766	-0.21847	1
13.16068	-1.08088	1
13.19094	-0.87401	1
13.67556	-0.77408	1
13.29696	-1.59629	1
13.11435	-1.18365	1
13.52091	-0.54142	1
13.07403	-1.6617	1
13.85357	-0.98331	1
12.97051	-0.39894	1
13.56726	-0.97066	1
13.2454	-0.07228	1
13.30516	-1.06203	1
13.15369	-1.4319	1
12.94649	-0.80243	1
12.99957	-0.42274	1
14.42461	-0.33558	1
13.73237	-0.80259	1
14.05644	-1.62273	1
13.45953	-0.89772	1
13.06269	-0.57657	1
13.66056	-0.80361	1
13.35359	-0.45538	1
13.04255	-0.46767	1
13.56457	-0.51758	1
14.11546	-0.67971	1
13.54602	-0.94897	1
13.40807	-0.83364	1
13.81153	-0.53798	1
13.77766	-0.75938	1
13.65176	-0.99827	1
12.99369	-0.95634	1
13.5477	-0.79647	1
13.91089	-0.35961	1
12.7557	-0.45806	1
13.74891	-1.46068	1
13.53962	-0.21239	1
13.43897	-0.77179	1
13.81141	-0.69075	1
14.72767	0.00459	1
13.93207	-0.31537	1
13.07243	-0.60525	1
13.82824	-0.43125	1
13.59518	-0.23543	1
13.37283	0.157	1
13.03413	-0.62846	1
13.36182	-0.35995	1
14.2252	-0.74995	1
13.89442	-0.03142	1
13.73301	-0.33717	1
13.60625	-0.18217	1
13.47553	-0.56649	1
14.03072	0.26527	1
13.38685	-0.34502	1
13.83131	-0.79424	1
13.41942	-0.69864	1
13.91182	-1.07638	1
13.85785	-0.01504	1
13.41368	-0.45895	1
14.18749	-0.30463	1
13.44948	-0.41662	1
13.64026	-0.55088	1
14.33933	-0.86356	1
14.0928	0.79817	1
14.19197	-0.14259	1
13.5219	-0.22677	1
14.38584	-0.77996	1
13.5209	-0.66677	1
13.81625	-0.36006	1
13.74166	-0.2433	1
13.90452	-0.06356	1
13.85405	-0.7723	1
13.19049	-0.07306	1
13.49424	-0.46728	1
13.67987	-0.66839	1
13.35888	-0.21854	1
13.16509	-0.00112	1
13.67288	-0.8319	1
13.82996	-0.54176	1
13.16245	-0.28091	1
13.93983	-0.74401	1
13.48512	-1.02062	1
13.82098	-0.56743	1
13.39124	-0.25599	1
14.03427	-0.14778	1
13.64478	-0.05566	1
14.21479	-0.2928	1
14.00976	-0.46123	1
13.30364	0.33465	1
13.59696	0.11317	1
13.81032	-0.30893	1
13.24683	-0.09355	1
13.54074	0.29256	1
13.31589	-0.11685	1
13.80441	-0.13241	1
14.23151	-0.18156	1
13.61915	-0.44357	1
14.36852	-0.55759	1
13.83841	-0.08488	1
14.03265	-0.0916	1
13.57726	-0.48111	1
14.19259	-0.23589	1
13.64019	-0.44775	1
14.73035	0.31793	1
13.69338	-0.62377	1
14.35005	-0.7467	1
13.91722	0.22725	1
13.9631	-0.56295	1
13.69595	0.08508	1
13.80011	0.0404	1
13.90189	-0.01813	1
13.54763	0.14725	1
14.40587	0.09803	1
13.6654	0.07034	1
14.7512	-0.41789	1
13.91526	-0.01841	1
14.62026	-0.05629	1
14.61897	-0.79235	1
14.12674	-0.02858	1
14.01186	0.68554	1
14.38425	0.67083	1
14.54649	0.23194	1
13.74028	0.27433	1
13.98972	0.12536	1
13.9297	0.41157	1
13.73086	-0.12211	1
13.91064	-0.23503	1
14.24104	0.57057	1
14.03746	0.49768	1
13.93713	0.23702	1
13.70806	-0.06318	1
13.9054	0.10121	1
13.58734	-0.20602	1
13.96906	0.52222	1
14.34048	0.35398	1
14.1789	0.29996	1
13.85371	0.34547	1
14.09613	-0.69247	1
14.01864	0.59648	1
14.51178	-0.02336	1
14.69964	0.01883	1
14.01151	0.0595	1
14.3279	-0.08835	1
13.82431	0.07072	1
14.18087	0.47953	1
13.84196	0.52089	1
14.43113	0.38885	1
14.12359	0.24635	1
15.02547	0.30401	1
13.96227	0.68517	1
14.12676	0.31825	1
14.56511	0.49132	1
13.98206	0.54403	1
13.97673	0.02968	1
14.23873	0.09367	1
13.53765	-0.10472	1
13.595	-0.40832	1
14.14053	0.999	1
14.58392	0.12786	1
14.11617	0.31064	1
14.21179	0.17053	1
14.19686	0.84435	1
14.05808	0.28725	1
14.12079	0.20687	1
13.27383	0.59864	1
14.08999	0.60543	1
14.53937	0.91503	1
13.87833	0.35177	1
13.39438	0.2956	1
14.3588	0.57166	1
14.00648	0.42461	1
13.79778	-0.45981	1
14.83881	0.51485	1
14.61792	0.68074	1
14.22779	0.52588	1
14.14836	0.74946	1
14.51137	0.81587	1
14.44375	0.83027	1
14.34204	0.38635	1
14.10264	0.9695	1
14.46224	0.16009	1
14.08557	1.04293	1
14.10748	0.97411	1
14.1913	0.99756	1
13.95515	0.43341	1
14.71516	0.21426	1
14.09731	0.14627	1
14.46627	0.56441	1
14.11149	1.33054	1
14.35048	0.02284	1
14.6865	0.55398	1
14.45174	0.55543	1
15.08966	0.32714	1
13.81858	1.31288	1
14.88048	0.89642	1
14.05664	0.18996	1
14.48606	1.65937	1
14.48065	0.4042	1
14.59926	0.25559	1
14.84565	0.88891	1
14.19922	0.49365	1
14.37798	0.68838	1
14.13656	0.13938	1
13.68765	0.13795	1
13.93505	0.42152	1
14.42934	0.09873	1
14.59397	1.31543	1
14.95089	0.4589	1
14.50332	0.41713	1
14.67315	0.82622	1
14.76102	1.11535	1
14.75445	1.18808	1
14.79883	1.13273	1
13.8312	0.54723	1
14.54653	0.90637	1
14.18235	0.56172	1
13.77668	0.38414	1
14.11253	1.0838	1
13.66592	0.5036	1
14.59353	0.95712	1
13.91638	0.89555	1
14.58944	0.71102	1
14.5578	1.17032	1
13.70588	0.61809	1
14.60826	1.66076	1
14.62597	1.9877	1
13.96816	0.43047	1
14.80474	0.93819	1
14.42996	1.22423	1
14.17545	0.77895	1
14.11929	0.9598	1
14.14757	0.94077	1
14.51072	1.14241	1
14.56659	1.1535	1
14.15226	1.04064	1
14.05549	1.18483	1
14.57588	1.06573	1
14.58504	1.51971	1
14.00974	1.76416	1
14.52532	1.37924	1
14.57997	0.93394	1
14.73486	1.57599	1
14.23567	1.12602	1
14.22527	1.22331	1
14.25193	1.66852	1
14.86117	0.94167	1
14.65697	1.61701	1
14.05683	1.74474	1
15.06946	0.18462	1
13.75284	0.62098	1
14.20015	0.94015	1
15.01097	1.60232	1
14.59667	0.98946	1
14.81568	0.67477	1
14.79423	1.29143	1
14.19747	1.35633	1
14.3702	1.71047	1
14.77241	0.54409	1
14.6048	1.06087	1
14.63173	1.25769	1
15.44353	1.47244	1
14.59271	2.13863	1
13.96171	0.84356	1
14.75743	1.00376	1
14.18743	0.55735	1
14.96538	1.31269	1
14.73316	0.66457	1
14.80422	1.44585	1
14.36631	0.68348	1
14.14354	1.00495	1
14.14762	0.82929	1
14.8	1.37454	1
14.63227	1.01024	1
14.94567	0.87327	1
14.6893	1.17287	1
14.74453	1.21119	1
14.52574	1.48173	1
14.62224	1.08948	1
14.76413	1.71986	1
13.94631	1.06896	1
14.83243	1.56811	1
14.81586	1.73535	1
14.47529	1.45021	1
14.85736	1.44315	1
14.61322	1.32889	1
15.35961	0.90831	1
14.16183	1.49606	1
15.13112	1.39804	1
14.5406	1.99804	1
15.13526	1.8855	1
14.47397	1.64717	1
14.2333	1.86888	1
14.31631	0.67696	1
13.7836	1.0163	1
15.53095	1.42339	1
14.94052	1.86059	1
14.41732	1.57072	1
14.65061	1.52832	1
14.41705	1.3818	1
14.9166	1.9219	1
15.28969	1.68774	1
14.52227	1.28824	1
14.54666	2.28319	1
14.92884	2.07123	1
14.59191	1.94476	1
15.03605	1.14072	1
15.47867	1.97851	1
14.76337	1.71375	1
14.5467	1.80323	1
14.85079	2.26314	1
14.63411	1.87218	1
15.1253	1.75239	1
14.56948	1.48284	1
14.26591	2.17448	1
14.4891	1.73343	1
14.92578	1.56114	1
15.49441	1.73515	1
14.81833	1.69043	1
14.17982	1.63014	1
14.97012	1.57099	1
15.0658	1.95236	1
14.78259	2.60169	1
15.17983	1.2475	1
14.77657	2.30515	1
15.29474	2.16657	1
15.08071	2.16847	1
14.26094	1.19484	1
15.22867	1.6374	1
14.23888	1.90774	1
14.65544	0.98436	1
15.06629	1.76407	1
15.20241	1.90011	1
14.86651	2.04412	1
15.24256	1.90607	1
14.59907	2.18952	1
15.31273	1.62525	1
14.82686	1.87081	1
15.11599	1.82141	1
14.72377	1.89165	1
14.3178	2.59793	1
14.94665	2.03668	1
15.17555	1.61384	1
14.34238	2.54741	1
15.11118	2.42424	1
15.11915	2.32753	1
14.96363	2.30575	1
15.02565	1.74307	1
15.07725	2.2492	1
14.68804	2.10219	1
14.06516	1.66399	1
14.65604	1.94421	1
14.57444	2.02941	1
14.77979	2.75472	1
14.81889	2.68216	1
15.10773	2.06517	1
14.57155	2.05092	1
14.79039	2.43424	1
14.37841	1.6426	1
14.58868	2.41059	1
13.93009	2.20935	1
14.65301	1.92057	1
14.92126	2.35663	1
14.77959	1.62566	1
15.08956	1.99786	1
15.08897	1.99361	1
14.67853	2.36697	1
15.16723	2.06919	1
14.98691	2.60535	1
15.03204	1.47451	1
15.02347	2.19339	1
14.72845	2.29712	1
14.87444	1.36109	1
14.71108	2.60933	1
15.25924	2.49155	1
15.20065	2.55985	1
15.15135	2.77396	1
14.52152	2.33231	1
15.28807	1.83493	1
14.67059	2.28902	1
14.78076	2.56433	1
15.57666	2.20615	1
15.0104	2.262	1
14.44468	2.18908	1
14.80986	2.05587	1
14.6602	2.5857	1
15.41163	1.9636	1
15.33008	2.85041	1
15.20972	2.81427	1
14.93442	2.77458	1
15.29815	1.86489	1
14.97384	1.91366	1
15.14018	3.14438	1
15.29799	2.26846	1
14.16463	2.00478	1
14.96165	2.23025	1
15.11394	2.69992	1
15.46272	2.89255	1
15.06222	2.12136	1
14.6786	2.51754	1
15.05839	3.24383	1
13.89149	2.83556	1
14.84767	2.97641	1
15.0531	2.80456	1
14.92794	2.37658	1
15.30126	3.04164	1
15.12602	2.09477	1
15.27794	3.1446	1
14.86429	1.92337	1
15.53332	2.06621	1
14.598	2.52552	1
15.50542	2.24052	1
14.57848	2.34858	1
15.12484	2.64165	1
15.41809	2.69823	1
14.83548	2.94071	1
14.8495	2.79049	1
15.08945	2.76907	1
14.93188	2.30789	1
15.48513	2.45955	1
14.74837	2.55278	1
14.9972	2.86696	1
14.36253	2.49067	1
14.87292	2.97031	1
15.42219	3.05319	1
14.83716	2.79727	1
14.71663	2.64069	1
15.61018	2.01146	1
14.7807	2.37107	1
15.4036	2.80546	1
14.21746	2.93266	1
14.6509	2.72091	1
14.63058	2.93728	1
14.67969	2.52886	1
14.8179	2.1081	1
14.81299	2.61839	1
15.3917	2.56973	1
14.60846	2.51733	1
14.96527	2.48622	1
14.03113	2.64237	1
14.97548	3.03166	1
14.53045	2.91081	1
14.2985	3.27633	1
15.13346	2.8807	1
14.67758	3.09565	1
14.60276	2.89087	1
14.82392	2.47977	1
14.87672	2.5647	1
14.80408	3.38175	1
15.87024	3.03141	1
15.03533	2.75841	1
15.45636	3.81359	1
14.30011	2.96027	1
14.78742	3.22877	1
15.14896	3.3625	1
14.37559	3.18586	1
15.13033	2.47846	1
15.32106	3.52099	1
14.86675	3.19756	1
15.38198	3.24662	1
15.28111	2.44188	1
14.6403	2.47542	1
14.74121	2.70496	1
15.11214	3.13607	1
14.31846	2.26059	1
14.33233	3.11663	1
14.96767	3.52355	1
15.45969	3.23895	1
15.14817	2.91151	1
15.3291	3.58526	1
15.1914	2.79429	1
15.01287	3.20904	1
14.98793	3.39499	1
15.16678	2.71117	1
14.53744	2.98637	1
15.02837	2.83052	1
14.62687	3.09401	1
15.36785	3.0499	1
15.19196	2.63866	1
14.88439	3.12084	1
15.70386	2.74731	1
14.56674	3.8309	1
15.5151	3.32064	1
13.98442	3.7944	1
14.71235	3.51619	1
14.2949	3.28684	1
14.99251	3.49682	1
15.19164	3.44324	1
15.15225	3.69292	1
14.97698	3.63116	1
14.78239	2.71351	1
15.19232	3.05085	1
15.43322	2.76021	1
14.63864	3.56001	1
14.6725	2.82686	1
14.5563	3.13173	1
14.91939	2.83396	1
14.86954	3.66914	1
14.93298	3.65271	1
14.71823	3.71065	1
14.96869	3.06559	1
15.05649	3.31186	1
14.94865	2.86251	1
14.50265	3.06378	1
15.12018	4.00117	1
15.62005	3.46625	1
14.4298	3.99517	1
15.27426	3.98675	1
14.71146	3.69282	1
15.2121	3.2714	1
14.67095	2.95029	1
14.8405	3.66188	1
15.00675	3.25333	1
14.77579	3.18085	1
15.14617	3.17117	1
15.58357	3.60535	1
15.73988	3.55116	1
15.01127	3.90786	1
14.63841	4.11778	1
15.09188	3.07487	1
14.66806	3.6309	1
15.02716	3.56078	1
15.22663	3.44587	1
14.46015	3.41358	1
15.38357	3.92923	1
15.29758	3.86045	1
15.16306	4.23823	1
14.37155	4.44481	1
14.57683	3.80085	1
15.16599	3.54822	1
15.23436	3.83987	1
15.31497	3.75421	1
14.24412	3.72644	1
14.81666	4.45263	1
13.8148	2.78913	1
