7.30119	-0.07756	0
7.68817	0.76039	0
7.49512	-0.71448	0
7.31659	0.04928	0
7.91694	-0.4382	0
7.86089	0.86329	0
7.95942	0.02735	0
7.05658	-0.35087	0
7.6279	-0.73048	0
6.91515	0.2653	0
7.91133	0.08433	0
7.66098	-0.0891	0
7.45263	0.5064	0
7.84987	0.42984	0
7.92422	0.67101	0
7.28853	0.15075	0
7.94159	0.95381	0
7.79659	0.08549	0
7.21774	0.51655	0
7.20138	0.5655	0
7.78768	0.29578	0
7.44835	-0.39278	0
7.54059	0.29115	0
7.45326	0.25339	0
7.34915	0.85564	0
7.91381	0.35839	0
7.54451	0.60656	0
7.37651	0.79469	0
7.12612	0.5221	0
7.64975	0.36452	0
7.36554	0.84621	0
7.3516	0.18793	0
7.42932	0.48426	0
7.95373	0.92824	0
6.98285	0.42703	0
7.52508	0.74489	0
7.00076	0.7627	0
7.47477	0.38265	0
7.35399	0.84468	0
8.03165	0.87055	0
7.98743	1.66582	0
7.69245	1.83693	0
7.64095	0.75616	0
7.67765	1.04809	0
6.75787	1.49736	0
7.25785	1.01853	0
7.58039	0.98737	0
7.34778	0.2788	0
7.34244	0.84124	0
7.30472	0.77015	0
7.59755	0.96706	0
7.0251	1.25196	0
7.17656	0.99262	0
8.39524	1.4307	0
7.29486	1.61313	0
7.40208	1.26426	0
7.00415	1.0042	0
7.61769	1.01208	0
7.50676	1.72883	0
7.03071	1.59494	0
7.05639	1.26811	0
6.86595	1.28632	0
7.31587	1.6739	0
7.12996	1.29089	0
7.73925	1.73548	0
7.33311	1.32034	0
7.58299	1.57767	0
8.2624	1.87281	0
7.23517	1.3856	0
6.65711	1.66028	0
7.20379	1.67946	0
7.27275	2.67341	0
7.35223	1.71795	0
7.31725	1.37131	0
8.11984	1.46952	0
7.56938	1.78939	0
7.40603	1.60212	0
7.33657	1.45539	0
7.27081	1.29783	0
7.40203	2.04244	0
7.87579	1.09964	0
6.99911	1.38656	0
7.4713	1.87822	0
8.04495	1.87254	0
6.80339	1.85616	0
7.26298	2.34096	0
7.29995	1.6504	0
7.34213	1.90919	0
7.03931	1.87556	0
7.21943	2.01574	0
7.66051	2.41735	0
7.29276	1.67325	0
7.3056	2.86447	0
7.13703	2.11043	0
7.57461	1.64829	0
6.60289	2.30527	0
7.29325	2.15664	0
6.26063	2.21221	0
6.47724	2.34444	0
7.50155	3.06814	0
7.55866	2.73083	0
7.19308	2.92562	0
7.22553	2.20992	0
6.89678	2.27279	0
7.58478	2.29965	0
7.09889	2.25003	0
6.93073	2.93586	0
7.41056	1.71176	0
7.13566	2.57086	0
7.33484	2.49889	0
7.29014	2.53293	0
6.70241	2.56638	0
7.0163	2.48425	0
7.38417	2.31677	0
7.23281	2.52532	0
6.67464	3.01173	0
6.79552	3.76214	0
7.00089	2.6793	0
6.60887	2.55835	0
6.73237	2.5039	0
7.13415	3.19159	0
6.92261	2.78628	0
6.59007	2.77236	0
6.95308	3.27688	0
7.25195	2.71729	0
6.29727	3.18349	0
7.14758	3.18252	0
7.02911	2.43118	0
7.37919	2.66974	0
6.59415	3.17857	0
6.56915	2.63208	0
6.47826	3.3885	0
6.54831	3.76397	0
6.93566	2.51449	0
6.37595	3.17735	0
6.62582	3.16469	0
6.87077	3.26561	0
7.09469	2.57924	0
7.0182	2.97991	0
6.92808	3.7036	0
6.51709	4.36061	0
6.13571	3.22322	0
7.4858	3.86889	0
7.14132	3.90095	0
6.36223	3.50836	0
7.07424	3.08661	0
7.73287	3.40891	0
7.56964	4.12314	0
7.47048	3.75697	0
6.54252	3.48202	0
6.29515	2.79215	0
6.84537	3.95312	0
7.12498	3.46972	0
7.25487	3.97227	0
6.69634	3.15184	0
7.4121	3.82473	0
6.309	3.07403	0
6.48739	3.59037	0
6.37327	3.92859	0
6.18923	3.4619	0
6.67433	3.03569	0
6.54811	2.69361	0
6.24078	3.62582	0
6.46789	4.10152	0
6.11232	3.82022	0
6.83136	3.46155	0
5.77069	3.73251	0
5.81337	3.58762	0
5.94599	3.77757	0
6.02531	4.76162	0
6.93063	4.26826	0
6.69434	4.20031	0
6.76032	3.69316	0
6.86178	3.79725	0
6.60232	4.02443	0
6.93049	3.42555	0
7.04083	3.23668	0
6.4669	4.85743	0
6.22358	3.8749	0
6.20229	4.22989	0
6.02071	4.03176	0
6.29157	3.89514	0
6.00923	3.85554	0
6.44268	3.94038	0
6.28894	4.02909	0
6.22434	3.80476	0
6.19534	4.88512	0
6.24915	4.30008	0
6.74399	3.84442	0
6.33273	4.25342	0
6.26763	4.53876	0
6.0531	4.42693	0
6.14584	4.17795	0
6.49012	5.04522	0
6.21621	4.24636	0
6.14988	4.68761	0
6.22914	4.51555	0
6.59121	4.43637	0
6.1861	4.84199	0
5.95048	4.38589	0
6.44141	4.40752	0
5.68472	4.64831	0
6.07625	4.18078	0
6.50331	5.36618	0
4.95372	4.53493	0
5.51452	4.59403	0
5.99492	4.93206	0
5.3604	5.11072	0
6.43818	5.31656	0
5.35948	4.55727	0
5.78609	3.85089	0
6.01159	3.88048	0
6.83552	5.09419	0
5.74996	4.96899	0
6.17334	4.22854	0
5.73937	5.00408	0
6.61182	5.21563	0
5.15656	4.91982	0
6.46486	4.7359	0
5.88348	4.70181	0
6.21118	4.38345	0
5.45859	4.83368	0
6.00669	4.31964	0
5.88692	4.52783	0
6.27483	4.56062	0
5.76073	4.99081	0
5.37663	5.23916	0
5.85987	5.49347	0
5.45472	5.29993	0
6.11481	5.39598	0
5.43088	5.12221	0
5.20446	4.94041	0
5.32463	5.32161	0
5.63408	5.07423	0
5.3529	5.32076	0
5.20508	4.79483	0
5.82331	5.28378	0
5.34348	4.33884	0
5.56866	5.38645	0
5.56159	5.68426	0
5.30868	5.17552	0
5.84698	4.76656	0
5.44245	5.27361	0
5.44755	4.93084	0
5.68145	5.56607	0
5.20164	5.02394	0
5.28489	5.66781	0
5.54413	5.17943	0
5.21954	5.13835	0
4.32317	5.72777	0
5.52348	5.32093	0
5.12983	5.58426	0
5.86519	5.65744	0
5.00729	5.2473	0
5.31301	5.53297	0
4.83175	5.98127	0
5.36849	5.11602	0
5.55045	5.70983	0
5.13872	6.13166	0
5.02571	5.47743	0
5.04839	5.36195	0
5.34698	5.13443	0
5.09802	5.52012	0
4.93049	5.04058	0
5.58346	5.39708	0
5.78383	5.33361	0
5.2665	5.64307	0
4.79506	5.40306	0
4.87556	5.79136	0
5.41563	5.93965	0
5.40443	6.06491	0
4.96007	5.02153	0
5.03503	5.60875	0
4.89078	5.71182	0
4.8035	6.0594	0
4.61484	5.50496	0
4.78866	6.17349	0
4.92872	5.51372	0
4.71307	5.76716	0
4.36585	5.89777	0
5.6277	5.12943	0
4.70717	5.19541	0
5.09653	5.52298	0
4.66402	5.84855	0
4.53839	5.58336	0
4.36713	5.67288	0
4.59841	5.48788	0
4.53718	6.14166	0
4.5115	5.45379	0
4.9851	5.54871	0
4.4875	5.9005	0
4.79691	5.76356	0
4.28024	5.60262	0
4.95397	6.20758	0
4.82916	6.29002	0
3.63451	6.89937	0
4.90032	6.15079	0
4.05079	6.31165	0
4.44342	6.72694	0
4.16239	5.66537	0
4.1522	6.09516	0
5.73854	5.88547	0
3.90215	6.3446	0
3.73287	5.92964	0
4.45677	5.72615	0
4.41123	5.7217	0
4.475	5.93269	0
4.29618	6.40816	0
4.24188	6.4642	0
4.85651	6.07801	0
4.23095	6.04096	0
3.95224	5.75186	0
4.15501	5.82186	0
4.42325	5.84159	0
4.04414	6.81736	0
4.11533	6.65661	0
4.11475	6.02219	0
4.45304	6.04103	0
4.46496	6.30037	0
4.24994	6.85307	0
4.30229	6.85939	0
3.9465	5.51703	0
4.24323	6.43121	0
4.58037	6.35996	0
4.91833	6.38487	0
4.26995	6.37501	0
3.64359	6.78303	0
3.56367	6.41566	0
3.05784	6.49023	0
3.33823	6.63505	0
3.38271	6.08041	0
3.72991	6.28259	0
3.58585	6.57185	0
3.61574	7.07805	0
3.84482	6.60343	0
4.23671	6.83486	0
4.21432	6.3647	0
3.73633	6.64678	0
2.88669	6.60217	0
3.40117	6.09406	0
3.42196	6.91244	0
3.75328	6.79231	0
3.60138	7.22137	0
3.97528	6.90227	0
3.92088	6.07431	0
3.78033	6.88865	0
3.35035	6.21819	0
3.64298	7.04354	0
3.55385	6.48099	0
3.49796	6.99405	0
3.33957	6.33083	0
3.68678	6.37896	0
3.47744	7.31941	0
3.70437	6.97784	0
3.09118	6.63879	0
3.59479	6.928	0
3.30264	6.37343	0
2.99785	5.93322	0
3.21013	7.35033	0
3.19188	7.26517	0
2.96163	7.36272	0
3.84452	7.62488	0
2.96716	6.36043	0
2.78052	6.98708	0
2.80914	6.6571	0
2.75743	7.28165	0
3.11074	7.39949	0
3.64133	7.0327	0
2.87283	7.16413	0
3.30764	7.09446	0
2.32414	6.90536	0
2.97531	7.16801	0
2.41401	7.29947	0
2.0999	7.02244	0
2.70712	6.59899	0
2.72749	6.84927	0
2.84137	6.73663	0
2.86827	6.89484	0
1.94	6.32446	0
2.79945	6.78127	0
2.25002	7.82685	0
2.5893	6.74895	0
2.95416	6.83346	0
2.18154	7.00834	0
2.7399	6.83489	0
2.40704	7.06682	0
2.73067	6.7561	0
2.7112	6.71197	0
2.10105	7.1022	0
2.71582	6.93235	0
2.32485	6.84185	0
3.27366	7.41593	0
2.59252	7.60623	0
2.22218	7.34792	0
2.80295	6.49215	0
1.82793	6.83122	0
3.38524	7.38903	0
2.52482	6.48837	0
2.62918	7.2929	0
2.61966	7.34862	0
2.97968	7.52276	0
2.00916	8.08956	0
2.28148	7.5006	0
2.07008	7.63189	0
1.93674	6.34558	0
2.1211	7.23478	0
1.69685	7.1891	0
2.00536	6.89793	0
1.66027	6.97519	0
1.29282	7.54295	0
1.69864	6.75238	0
2.20133	7.31379	0
1.88424	7.2682	0
1.94915	7.15066	0
1.23012	7.23842	0
2.05385	7.27611	0
2.05506	7.31669	0
2.49603	7.39772	0
2.22849	6.9413	0
1.69133	6.88005	0
2.65021	7.7865	0
1.57074	7.05615	0
1.67618	7.78484	0
1.35195	6.77144	0
1.32376	7.70647	0
1.39705	6.85001	0
1.59467	7.48718	0
1.92559	7.581	0
1.73059	7.23843	0
1.75869	7.17493	0
1.31814	6.8658	0
0.75235	7.47439	0
1.29362	7.41651	0
1.46201	7.65492	0
1.78314	7.98857	0
2.03116	7.28077	0
1.59106	7.90384	0
1.7747	7.34506	0
1.19249	7.28265	0
1.89362	7.60783	0
1.02211	7.94986	0
1.95241	7.17225	0
1.37048	6.78094	0
1.4457	7.05433	0
0.94399	7.23878	0
1.43436	7.09653	0
1.53809	7.2345	0
0.97465	7.70754	0
0.837	6.68386	0
1.41876	7.32981	0
1.05995	7.1656	0
1.2396	7.22044	0
0.76469	7.27223	0
0.79275	8.19297	0
1.46809	6.58943	0
1.83582	7.47283	0
1.37128	7.60129	0
1.40717	7.62672	0
1.58979	7.34707	0
0.90278	7.4742	0
0.85082	6.73564	0
1.09332	7.91423	0
1.00591	7.55035	0
0.48337	7.76541	0
1.12752	7.37041	0
0.48555	7.62605	0
0.50635	7.63916	0
0.88121	7.25076	0
0.50523	7.48926	0
1.22986	8.01813	0
0.8615	7.08481	0
0.2334	7.10801	0
-0.02202	7.30268	0
0.72208	7.66619	0
0.87199	7.61197	0
0.3407	7.35754	0
0.22657	6.86514	0
1.27572	7.55285	0
0.96967	7.04171	0
-0.2131	7.58418	0
0.46709	7.47029	0
0.08546	7.40356	0
0.21517	7.60171	0
-0.09549	8.2303	0
-0.51262	7.69052	0
0.49814	7.58373	0
0.56714	7.07333	0
0.77842	7.06123	0
0.26873	7.66732	0
0.3101	8.09613	0
-0.0146	7.26448	0
-0.14545	7.30293	0
0.41062	7.21755	0
-0.62199	7.04474	0
0.20248	7.4648	0
0.37325	7.80159	0
0.85049	7.41919	0
-0.32325	7.65041	0
0.3851	7.37978	0
0.61114	7.30016	0
-0.13044	7.68037	0
-0.14101	8.3115	0
0.15336	7.39507	0
0.26757	7.03825	0
0.75947	7.69272	0
0.10285	7.67718	0
0.46402	7.16276	0
0.4863	7.76767	0
-0.02925	7.57703	0
0.16718	7.6607	0
0.03435	7.54692	0
-0.31283	7.63516	0
-0.2214	7.1783	0
-0.54717	7.80329	0
-0.21373	7.48886	0
-0.71594	7.16366	0
-0.16132	7.62172	0
-0.51816	7.74834	0
0.00468	7.38261	0
-0.50246	7.59564	0
0.08932	7.34626	0
-0.34264	7.36492	0
-0.73539	8.15257	0
-0.80143	7.03708	0
-0.45502	7.12702	0
-0.54923	7.79013	0
-0.88559	7.23426	0
-1.1506	7.77271	0
-0.58442	7.59343	0
-0.7073	7.06238	0
-0.95072	6.88956	0
-0.94008	7.11221	0
-0.25824	7.20989	0
-0.49804	6.7992	0
-2.04905	7.23353	0
-0.7778	7.37498	0
-0.98207	7.47761	0
-0.2775	7.46178	0
-0.98211	7.46365	0
-0.68472	7.79889	0
-0.52553	7.58616	0
-1.06794	8.1016	0
-1.0279	7.60155	0
-1.21106	6.88234	0
-1.51722	7.23064	0
-1.79409	7.44194	0
-0.77726	7.56312	0
-1.50085	7.51601	0
-0.87805	6.9429	0
-1.79785	7.67946	0
-0.85929	7.51709	0
-1.06633	7.20192	0
-1.1795	6.84188	0
-0.90656	7.40878	0
-1.92862	7.62123	0
-1.85161	8.07084	0
-1.78936	6.68338	0
-1.4232	6.59468	0
-1.44671	6.96601	0
-1.57204	7.5307	0
-1.22796	7.67653	0
-1.50222	7.16069	0
-1.78375	7.60127	0
-1.32307	7.13877	0
-1.16907	7.41389	0
-1.69611	7.27852	0
-1.65953	7.90592	0
-1.17874	6.85617	0
-1.94777	6.95956	0
-1.88492	7.45468	0
-1.27496	6.55772	0
-1.65365	6.80032	0
-2.22797	6.67384	0
-1.88086	7.35557	0
-0.99668	7.87683	0
-1.76855	6.94878	0
-1.7869	7.0761	0
-1.59922	7.23754	0
-1.54682	7.14456	0
-2.17863	7.19535	0
-1.89669	7.35895	0
-1.74189	6.50972	0
-1.5715	7.04317	0
-1.9364	7.1854	0
-1.8737	7.13372	0
-2.22336	7.85358	0
-1.83535	7.58358	0
-1.83036	7.7471	0
-1.75321	7.17971	0
-1.77185	7.17989	0
-1.84033	7.04852	0
-2.20349	7.51357	0
-1.87655	6.83587	0
-1.97676	6.94787	0
-2.16048	6.7996	0
-1.86969	6.87698	0
-2.80785	7.07683	0
-2.30701	6.94829	0
-2.14015	7.19025	0
-2.57832	7.79701	0
-2.62715	6.60908	0
-1.93569	7.77113	0
-2.36157	6.82753	0
-2.15466	6.31114	0
-3.08664	7.53545	0
-2.61872	6.78254	0
-2.65946	6.7234	0
-2.59546	6.91543	0
-2.35571	6.9958	0
-2.46964	6.69686	0
-2.68563	7.47255	0
-1.988	7.83014	0
-2.10904	7.17939	0
-2.3786	7.77946	0
-2.33023	7.13014	0
-2.64233	7.40424	0
-2.77009	6.79504	0
-2.86648	7.06964	0
-2.35806	6.52779	0
-3.10629	6.3364	0
-2.12133	6.90265	0
-2.97946	6.90234	0
-2.653	7.42901	0
-2.69204	7.12645	0
-2.17595	7.6222	0
-2.60149	7.24486	0
-2.69155	6.79877	0
-2.49229	6.70326	0
-3.32399	6.557	0
-3.31953	6.89669	0
-3.23701	6.89383	0
-3.49152	7.09138	0
-3.12025	7.20784	0
-2.99415	6.74681	0
-3.2501	7.35979	0
-3.18221	6.70489	0
-2.98788	6.60543	0
-3.08659	6.24916	0
-2.88239	7.22001	0
-2.72396	6.38302	0
-3.12233	6.48089	0
-3.01527	7.01525	0
-3.16637	6.51249	0
-3.53489	7.32922	0
-3.30909	7.30813	0
-3.81279	6.93706	0
-3.23022	6.10681	0
-4.06394	6.68339	0
-3.77661	7.28342	0
-3.73864	7.70719	0
-3.86707	6.94161	0
-3.61159	6.65584	0
-4.23842	7.37905	0
-2.9159	6.28988	0
-2.96645	6.96409	0
-3.8645	7.14926	0
-3.62063	7.30351	0
-3.89247	6.54939	0
-3.43685	6.83129	0
-3.98992	7.04884	0
-3.93658	7.03603	0
-3.80224	6.26302	0
-3.9514	6.35825	0
-4.02101	5.86899	0
-4.26463	6.57126	0
-4.18644	6.66978	0
-3.05311	7.29272	0
-3.71967	5.89274	0
-4.17826	6.26405	0
-3.2327	6.34711	0
-3.50137	6.4958	0
-3.34489	5.93121	0
-3.90782	6.31892	0
-3.59965	6.90287	0
-3.83027	6.62804	0
-3.20055	6.045	0
-4.30299	6.66774	0
-3.63253	6.46625	0
-3.88882	6.20438	0
-4.15349	6.50165	0
-4.29445	6.0676	0
-4.30134	6.99123	0
-4.18624	6.13216	0
-4.48952	6.06862	0
-4.11308	6.05447	0
-3.74099	5.61066	0
-3.92764	6.51993	0
-3.9504	6.65924	0
-4.48129	6.96536	0
-4.10788	5.95303	0
-5.40398	5.96978	0
-4.84013	6.80264	0
-4.53504	5.7874	0
-4.24307	6.05739	0
-4.50113	6.16737	0
-4.09008	5.97012	0
-3.78664	6.31175	0
-4.11206	6.27985	0
-4.43226	6.11854	0
-4.32905	5.94832	0
-4.50415	5.73195	0
-4.64526	5.96711	0
-4.59682	6.57204	0
-4.54971	5.62725	0
-4.85028	6.07911	0
-4.06754	5.94762	0
-4.49203	5.35694	0
-3.81716	5.55874	0
-5.03355	5.74483	0
-4.45259	5.77438	0
-3.93248	5.81437	0
-4.6903	5.86637	0
-5.04015	6.13959	0
-5.14792	5.90263	0
-4.73603	5.66424	0
-5.10971	5.79939	0
-4.53137	5.8338	0
-5.23911	6.08564	0
-4.06359	6.41216	0
-5.38939	6.00733	0
-4.84041	5.99676	0
-5.0437	5.36474	0
-5.73298	5.09069	0
-4.62981	5.49636	0
-4.66551	6.17066	0
-4.3465	6.04798	0
-5.39092	5.55158	0
-4.51985	5.58716	0
-5.15005	5.4371	0
-5.03114	5.7305	0
-5.37523	5.34594	0
-4.92101	5.73205	0
-5.31585	5.36887	0
-4.77608	6.83532	0
-5.02204	5.21243	0
-4.88412	5.65982	0
-4.91636	5.90919	0
-5.69415	5.69428	0
-5.60583	5.27138	0
-5.14703	5.76081	0
-5.40928	5.66623	0
-5.3019	5.94974	0
-5.15126	5.66688	0
-5.19166	6.13368	0
-4.29587	5.57054	0
-6.06264	5.82504	0
-5.40081	5.03594	0
-5.04843	5.63544	0
-5.77264	4.79292	0
-6.02853	5.41939	0
-5.30908	5.734	0
-4.90152	5.49041	0
-4.96493	5.95444	0
-5.35961	5.52797	0
-5.17523	4.77924	0
-5.31078	5.6149	0
-5.48078	5.05181	0
-5.29137	5.39072	0
-6.07301	5.6525	0
-5.52536	5.75168	0
-4.70157	4.96605	0
-4.6686	5.54937	0
-5.08955	4.70164	0
-4.86514	4.42789	0
-5.41261	4.50069	0
-5.42971	4.53088	0
-5.36618	5.72793	0
-5.52044	5.09814	0
-5.33116	5.06035	0
-5.1278	5.66623	0
-6.01658	5.18083	0
-5.58481	3.98417	0
-5.59678	4.90491	0
-5.21362	5.10713	0
-5.70414	5.44909	0
-5.71647	4.72285	0
-5.29234	4.86079	0
-5.45181	4.82673	0
-5.6843	4.29967	0
-5.92479	4.55238	0
-5.46816	4.67037	0
-5.91083	4.84575	0
-6.17669	4.54923	0
-5.65063	5.13078	0
-6.06575	4.40245	0
-5.65412	4.17999	0
-6.55879	4.04619	0
-6.09558	4.59689	0
-5.81493	3.8889	0
-5.6061	4.52075	0
-6.13215	3.65185	0
-5.70386	4.55446	0
-5.59277	5.61619	0
-5.554	4.63363	0
-5.257	4.32167	0
-5.74103	4.85498	0
-6.1655	5.12895	0
-6.64253	3.91197	0
-6.27233	3.98582	0
-6.31149	4.41196	0
-6.52641	4.46769	0
-5.6173	4.61032	0
-6.01193	4.29786	0
-5.78882	4.74719	0
-6.12766	3.95687	0
-5.77988	4.89693	0
-6.14041	4.50281	0
-5.98132	3.99621	0
-6.48957	4.70857	0
-5.92842	4.09626	0
-6.39007	4.08471	0
-5.80818	4.3763	0
-6.36747	4.07955	0
-6.51287	4.65622	0
-7.27094	3.94638	0
-5.87761	3.68907	0
-5.71309	4.25115	0
-6.16265	4.09922	0
-5.95552	4.51075	0
-6.60216	3.99281	0
-6.71676	4.28191	0
-6.51931	3.4253	0
-6.36234	3.95807	0
-6.63294	3.95996	0
-6.40769	3.87164	0
-6.10003	4.25745	0
-7.19472	2.89567	0
-6.8476	3.66679	0
-6.80241	3.73169	0
-6.3139	4.07331	0
-6.54583	3.61439	0
-5.81224	4.43716	0
-5.70459	4.08809	0
-6.23723	3.53258	0
-6.34373	3.84601	0
-6.80238	2.89443	0
-6.35861	3.77337	0
-6.84411	3.35822	0
-6.663	3.99119	0
-6.73842	3.23044	0
-6.75057	4.22083	0
-6.21152	4.72441	0
-7.45509	4.09471	0
-6.7229	3.41098	0
-6.46664	3.63921	0
-7.13778	2.76947	0
-6.61165	3.75063	0
-6.53068	3.79915	0
-6.85979	3.64919	0
-6.76025	3.68914	0
-6.32724	4.14999	0
-6.70162	2.84585	0
-7.07771	3.80671	0
-7.50129	3.28597	0
-6.44112	3.44715	0
-7.03733	3.22651	0
-7.12863	3.32612	0
-6.96776	3.52614	0
-6.89355	2.73321	0
-6.53051	3.27763	0
-6.87307	3.34779	0
-7.09278	3.09645	0
-6.44235	2.68915	0
-6.11845	3.53849	0
-6.69979	3.16959	0
-6.60198	3.90175	0
-6.99087	3.65491	0
-6.92572	2.57716	0
-6.00785	3.01739	0
-7.26915	2.91209	0
-6.315	3.56358	0
-6.98944	2.81119	0
-6.8635	2.24209	0
-6.86955	3.30096	0
-7.38277	3.094	0
-6.36967	2.95838	0
-7.11399	2.75716	0
-5.69389	3.04951	0
-7.34863	3.08127	0
-7.06608	2.96272	0
-7.24275	2.34433	0
-6.98179	2.55616	0
-7.10819	2.65484	0
-6.94791	2.33089	0
-6.72487	3.1102	0
-6.64829	2.40135	0
-6.89596	2.5642	0
-6.44157	2.62279	0
-7.00064	2.4595	0
-7.45703	2.76626	0
-7.28279	2.13504	0
-6.89086	2.553	0
-7.02458	1.39947	0
-6.88633	2.1773	0
-7.89353	1.99227	0
-6.31562	1.42229	0
-6.78384	2.17643	0
-7.27795	2.69907	0
-7.77531	2.26812	0
-7.90536	2.25836	0
-6.73893	1.95253	0
-7.6122	3.06006	0
-7.90603	2.00583	0
-6.10181	2.28468	0
-7.30597	1.75966	0
-7.25532	2.42106	0
-6.67574	2.39204	0
-6.48663	2.35672	0
-7.10384	2.15254	0
-7.42742	2.00901	0
-6.84278	1.68563	0
-7.06393	2.11457	0
-7.24289	1.95504	0
-7.11437	1.61022	0
-7.61884	2.01698	0
-7.16002	2.00966	0
-8.10525	1.83382	0
-7.82135	1.94312	0
-6.84569	1.94763	0
-7.32438	2.05288	0
-7.07918	1.54443	0
-7.99293	1.56347	0
-7.16403	2.14795	0
-7.50167	2.00896	0
-7.39847	1.56652	0
-7.50271	1.83799	0
-7.8963	1.23521	0
-8.25945	1.95022	0
-6.75088	0.91295	0
-7.3136	1.3426	0
-7.47897	1.48669	0
-7.51645	1.14484	0
-7.2303	1.53974	0
-7.17684	1.4906	0
-7.05063	1.58504	0
-8.00746	1.53126	0
-7.21465	1.60036	0
-7.63262	2.31703	0
-7.88519	1.05494	0
-7.60059	1.1936	0
-7.61683	1.82364	0
-7.14341	2.22428	0
-7.15879	0.62438	0
-7.36605	0.94076	0
-7.77774	1.11666	0
-7.78127	1.28204	0
-8.16529	0.97646	0
-8.25503	1.1862	0
-8.05621	1.24459	0
-7.48837	1.28859	0
-7.32462	1.10749	0
-7.92452	1.71571	0
-7.69339	0.8833	0
-7.5454	1.3751	0
-7.21237	0.96088	0
-7.19661	1.10896	0
-7.00695	0.93189	0
-7.04298	0.85653	0
-7.42448	0.94327	0
-7.73802	0.45483	0
-7.51595	0.82414	0
-7.57812	1.49593	0
-7.25744	0.87609	0
-7.04966	0.93151	0
-7.49714	0.70754	0
-6.96536	0.95595	0
-7.68498	0.94285	0
-7.50317	0.69742	0
-7.28343	-0.08222	0
-7.33463	1.06031	0
-7.69065	0.84128	0
-7.11443	0.60495	0
-6.8724	1.04941	0
-6.97359	0.18122	0
-7.41636	0.5075	0
-7.41513	0.75699	0
-6.84621	0.75188	0
-8.04502	0.92766	0
-7.48588	0.55074	0
-7.74244	0.29975	0
-7.88952	0.54662	0
-7.66816	0.63192	0
-7.58282	0.9757	0
-8.0887	-0.05523	0
-6.74458	0.41195	0
-7.20208	0.33908	0
-7.94064	0.22324	0
-7.25053	0.64477	0
-7.66491	-0.56875	0
-7.99631	0.86989	0
-7.69812	0.30269	0
-7.15156	0.05806	0
-7.07954	-0.1408	0
-8.36539	0.45727	0
-7.59238	-0.10512	0
-7.06649	-0.37601	0
-6.90456	-0.67927	0
-7.27743	0.14313	0
-7.31024	-0.60037	0
-8.02112	-0.16837	0
-0.36914	4.46421	1
-0.50016	3.90611	1
0.40144	3.74874	1
-0.28318	4.47829	1
-0.00927	3.75199	1
0.56823	3.90238	1
0.06526	3.57875	1
-0.12367	3.6897	1
0.14373	3.6833	1
-0.36377	3.14679	1
0.19682	3.7449	1
-0.26584	3.65747	1
0.48905	3.64132	1
-0.05032	3.33374	1
0.0003	3.7798	1
0.41847	3.42969	1
-0.1736	3.443	1
0.5666	2.72343	1
-0.27866	3.58711	1
0.30073	3.13937	1
0.28981	3.44028	1
0.44848	3.13032	1
-0.2697	2.86143	1
-0.0305	2.7669	1
-0.09929	2.80814	1
0.23528	3.65128	1
0.55184	3.6628	1
0.63519	3.70015	1
0.47183	3.51899	1
-0.36745	2.61429	1
-0.35685	3.08129	1
0.57815	2.87659	1
-0.05462	3.33715	1
0.79154	3.1562	1
0.67589	3.21285	1
-0.92813	3.85035	1
-0.30811	2.84567	1
0.20991	3.16673	1
0.02962	2.59681	1
0.05092	2.63052	1
0.42666	3.15012	1
0.3755	2.76063	1
0.1332	3.75302	1
0.45285	1.97604	1
-0.34865	2.89621	1
-0.15946	2.55363	1
0.12875	3.15696	1
-0.10489	2.98862	1
0.02593	2.44056	1
-0.10903	2.888	1
0.91079	2.42424	1
-0.73518	2.32529	1
0.24677	2.01502	1
-0.36945	2.88043	1
0.17826	2.9279	1
0.32988	2.50698	1
0.03885	2.43447	1
-0.44051	2.23242	1
0.30186	2.57865	1
0.57434	3.12523	1
-0.01581	2.71123	1
0.92877	2.15955	1
0.35836	2.68414	1
-0.00978	1.94624	1
0.24442	2.03543	1
-0.08057	2.28522	1
0.66288	2.6499	1
-0.13371	2.33309	1
-0.13005	1.79953	1
-0.26357	1.92891	1
-0.37899	2.0488	1
-0.71776	3.40715	1
0.434	1.74349	1
0.43735	2.33336	1
0.67384	2.03105	1
0.26214	1.7929	1
0.59014	1.65879	1
0.23953	1.39087	1
0.18663	1.77888	1
0.1851	1.67707	1
-0.69149	1.56074	1
0.46374	2.17098	1
1.20831	1.75005	1
0.6803	1.6483	1
0.63064	2.08881	1
-0.29401	1.38374	1
0.43071	1.44764	1
0.53484	1.70973	1
0.3157	1.19939	1
-0.10505	1.68992	1
0.6756	1.54327	1
0.09428	1.75735	1
0.39374	1.91578	1
0.02672	1.44043	1
0.70962	1.06076	1
0.3531	1.80652	1
0.25166	1.1643	1
0.30625	1.6167	1
0.8525	1.52895	1
0.68334	1.87135	1
0.40122	1.47275	1
-0.01635	1.56056	1
1.09337	1.56911	1
0.57188	1.91092	1
-0.40795	1.64142	1
0.69697	1.15307	1
0.10584	1.6236	1
0.75398	0.97456	1
-0.00079	1.34881	1
0.45911	1.1657	1
-0.07248	1.08947	1
0.43818	1.60055	1
1.41582	1.10131	1
0.74985	1.03439	1
0.62343	0.62095	1
-0.10928	0.70549	1
0.53611	0.2768	1
0.43796	1.37123	1
0.41932	0.91027	1
0.87037	0.62205	1
0.87096	0.35646	1
1.03644	0.88417	1
0.60961	0.61259	1
0.28474	0.89084	1
0.06495	1.20787	1
1.16844	0.62473	1
0.93174	1.07623	1
0.78196	0.48424	1
0.84691	0.90488	1
0.5471	0.84425	1
-0.02733	1.07864	1
-0.00307	0.32501	1
0.8276	0.49317	1
1.88515	0.41496	1
0.6081	0.28569	1
0.8186	1.07675	1
0.72842	1.41267	1
0.67183	0.90341	1
0.67947	0.11953	1
0.8052	1.3556	1
0.83846	1.30383	1
0.76436	0.65241	1
0.37916	0.4522	1
0.56905	-0.32576	1
0.65779	0.44377	1
2.24345	0.57413	1
0.8752	1.49569	1
0.60345	0.64803	1
0.36914	0.13488	1
0.48601	1.12873	1
-0.27152	0.47056	1
0.33269	0.48868	1
0.42615	-0.22787	1
1.24888	0.43094	1
0.94711	-0.03412	1
1.15581	-0.03232	1
1.77285	0.44775	1
1.30409	0.39347	1
0.44307	-0.08581	1
0.63656	-0.59642	1
0.68742	0.06762	1
1.22409	-0.09485	1
0.93923	-0.81413	1
1.84805	-0.2363	1
1.52677	1.18956	1
1.06199	0.20693	1
1.23764	0.2486	1
1.0712	-0.20141	1
0.39185	-0.42658	1
1.19286	-0.21865	1
1.71387	-0.00472	1
0.96623	-0.50353	1
1.18542	0.09783	1
1.60514	0.58774	1
1.08802	-0.21294	1
1.27813	-0.03988	1
1.61919	0.34757	1
1.67026	-0.06205	1
1.20994	-0.59079	1
1.50321	-0.11352	1
1.52959	-0.77207	1
0.58369	-0.46774	1
1.01432	0.15428	1
1.34686	-0.47985	1
0.87791	0.2568	1
0.58522	-0.28509	1
1.5092	-0.1621	1
1.53741	-0.44429	1
1.0958	-0.14251	1
0.5412	-0.15609	1
1.84296	-0.66939	1
1.70211	-0.92893	1
1.76423	-0.15334	1
1.33839	-0.40873	1
1.61731	-0.58683	1
0.96124	-0.34062	1
1.4166	-0.57503	1
1.35018	-1.28344	1
1.5681	-0.53705	1
1.53547	-0.64642	1
1.81587	-0.7943	1
1.31525	-0.48448	1
1.41957	-0.34153	1
1.66439	-0.88359	1
1.36145	-0.90234	1
1.31868	-0.69958	1
2.70531	-0.43562	1
1.47444	-1.02327	1
1.81233	-0.2302	1
1.47426	-1.19425	1
1.81735	-0.97035	1
2.24126	-1.48583	1
1.75634	-0.2489	1
1.70026	-0.63409	1
1.28125	-0.82043	1
1.65057	-0.78421	1
1.44182	-0.85663	1
2.14719	-1.03901	1
1.70127	-1.05969	1
1.8653	-1.33171	1
2.02127	-0.67313	1
2.04981	-1.91939	1
0.96707	-0.73132	1
0.95073	-0.50589	1
2.10775	-1.26639	1
1.71648	-1.05386	1
1.68481	-1.09848	1
2.57939	-0.62186	1
2.33943	-1.13932	1
1.9223	-1.54912	1
1.70879	-1.91569	1
2.65347	-1.38982	1
1.88103	-1.53322	1
1.58923	-1.61133	1
1.78889	-0.87543	1
2.48194	-1.1823	1
1.93939	-1.28963	1
1.99432	-1.26533	1
2.37649	-0.63819	1
2.45855	-1.45258	1
2.12747	-0.74427	1
1.81295	-0.96146	1
2.2453	-1.77701	1
1.41441	-0.96087	1
2.99056	-1.93545	1
2.20361	-0.90925	1
2.60324	-0.95181	1
2.36175	-1.13482	1
2.55699	-1.32074	1
2.44088	-1.47314	1
2.90872	-1.62159	1
1.95495	-1.63969	1
1.18837	-1.83681	1
2.74331	-1.58835	1
2.1534	-1.40967	1
2.6064	-1.646	1
2.26591	-1.14098	1
1.30469	-2.10813	1
2.46984	-1.75776	1
2.59385	-2.26918	1
2.00082	-2.13763	1
2.91002	-2.19135	1
2.01226	-1.41803	1
1.71443	-2.17722	1
1.8434	-1.78851	1
3.26759	-1.65837	1
2.99086	-1.47871	1
1.97418	-1.23122	1
2.76402	-1.45412	1
2.28222	-1.84986	1
2.83624	-1.85228	1
2.70945	-2.31159	1
2.6657	-1.85925	1
2.5992	-1.73954	1
2.51027	-1.77186	1
2.80388	-1.63227	1
2.45395	-2.12255	1
2.21497	-1.88172	1
2.27207	-1.62666	1
2.73041	-1.82417	1
2.57627	-2.25263	1
2.35455	-2.32451	1
2.2123	-2.00982	1
2.73464	-1.46482	1
2.48799	-2.36701	1
3.03152	-2.48527	1
2.97135	-2.06144	1
2.38407	-2.54556	1
3.35127	-2.03964	1
3.06559	-2.60091	1
2.38017	-2.31924	1
3.54839	-2.14993	1
3.5142	-2.40515	1
2.91389	-1.80133	1
2.63118	-2.40618	1
3.29103	-2.58133	1
3.21002	-2.16524	1
3.0638	-2.01882	1
2.54569	-1.81785	1
3.48714	-2.3445	1
3.28517	-1.90685	1
2.81794	-2.79202	1
3.74243	-3.34042	1
2.81842	-2.07247	1
3.30334	-2.65985	1
3.51471	-2.27569	1
3.16675	-2.45811	1
3.19581	-2.88158	1
3.13105	-2.71472	1
3.38491	-2.22399	1
3.0653	-1.89418	1
2.57934	-2.46088	1
3.76684	-2.80506	1
3.62715	-2.15091	1
3.36284	-2.64465	1
3.54103	-2.44432	1
4.41429	-2.39346	1
3.51081	-2.71963	1
3.38334	-2.00893	1
3.32382	-2.498	1
3.46961	-3.08006	1
3.7898	-2.86369	1
3.70082	-1.83434	1
3.51143	-2.84814	1
3.34886	-2.05202	1
3.99541	-3.06537	1
4.05261	-2.53504	1
3.41382	-2.30465	1
4.08131	-3.04476	1
3.8411	-3.12677	1
3.7832	-3.48396	1
3.65208	-2.05328	1
4.07993	-3.11145	1
3.76115	-2.90154	1
4.68758	-2.87471	1
4.07845	-2.92952	1
3.62861	-2.73958	1
4.18791	-2.80732	1
3.99885	-2.75227	1
4.28654	-3.04106	1
3.751	-2.92219	1
4.1926	-3.33139	1
4.56715	-2.4966	1
3.41251	-3.54938	1
4.23667	-2.65191	1
3.61225	-3.28105	1
3.83438	-2.92299	1
3.79861	-2.82115	1
5.03315	-3.23858	1
3.9752	-3.24361	1
4.12173	-2.54434	1
4.41662	-3.29312	1
4.48361	-3.40373	1
4.07256	-3.48965	1
3.78884	-2.93126	1
4.04944	-2.77948	1
3.4527	-3.40385	1
3.85529	-2.9875	1
3.98083	-2.58748	1
4.36466	-2.91582	1
3.2353	-2.89794	1
4.64278	-3.12748	1
3.77077	-2.98977	1
4.5356	-2.93981	1
3.5346	-2.81001	1
4.6665	-3.17772	1
4.91331	-2.32857	1
5.30214	-2.80581	1
3.72977	-3.65272	1
4.81443	-2.67741	1
4.76473	-3.35317	1
4.07301	-2.80804	1
4.18634	-3.22714	1
4.69963	-3.36812	1
4.09725	-3.80146	1
4.88568	-3.02558	1
4.16679	-2.37226	1
4.96629	-3.45295	1
4.77098	-3.24197	1
4.85477	-2.946	1
4.58958	-3.08565	1
4.767	-3.6355	1
4.36864	-3.39267	1
4.91308	-3.89087	1
4.9472	-3.25238	1
4.46207	-3.2946	1
5.13912	-3.82195	1
4.76523	-3.32394	1
4.71657	-3.46002	1
4.73313	-3.46767	1
4.54509	-2.99468	1
4.98567	-3.01833	1
4.66005	-2.56	1
5.19637	-3.2483	1
5.34101	-3.31553	1
5.50254	-3.42973	1
4.70155	-3.95144	1
5.02675	-3.42902	1
4.51235	-3.89656	1
5.14644	-3.48287	1
5.02674	-3.98522	1
5.32127	-3.48525	1
5.18786	-3.33285	1
5.25536	-2.9964	1
5.53348	-2.93107	1
5.35162	-3.38009	1
6.0697	-3.4292	1
5.28659	-3.63326	1
5.06334	-4.21957	1
5.48382	-3.55775	1
5.56798	-3.51273	1
5.89804	-3.1176	1
4.77597	-4.2946	1
5.47392	-3.74327	1
5.42141	-3.78748	1
5.36224	-3.00366	1
5.79375	-2.82745	1
5.20651	-4.33529	1
5.94154	-3.24936	1
5.63244	-3.03522	1
5.44215	-3.22066	1
5.99202	-4.16249	1
5.58386	-3.30722	1
6.29616	-3.68104	1
6.00911	-3.76809	1
6.01624	-2.69733	1
5.70873	-3.70984	1
5.94458	-3.15607	1
5.59534	-4.21433	1
5.75645	-3.9237	1
5.66754	-3.92759	1
5.47688	-3.24005	1
6.3581	-3.02921	1
6.05023	-3.55173	1
6.02605	-4.03581	1
5.88085	-2.45384	1
5.87866	-3.63525	1
6.19437	-4.01747	1
6.34134	-3.42213	1
5.91675	-3.69279	1
6.0385	-4.42306	1
5.9319	-3.80551	1
6.18098	-3.36446	1
6.08764	-3.57983	1
6.89818	-3.76868	1
6.51582	-3.36398	1
5.61244	-3.64198	1
6.51069	-3.83615	1
6.16919	-4.1038	1
5.82767	-3.06573	1
6.44865	-3.69587	1
6.6351	-3.74055	1
6.69391	-3.32357	1
6.16345	-3.88567	1
6.99516	-3.31966	1
7.38586	-3.75815	1
6.41715	-3.46484	1
7.37199	-3.54432	1
7.43902	-3.77089	1
6.43132	-2.92033	1
6.78798	-3.86595	1
6.29135	-3.82732	1
6.88423	-3.48236	1
6.29331	-3.64793	1
6.49798	-3.42985	1
7.19325	-4.14905	1
6.57441	-3.76635	1
6.45417	-3.86299	1
6.53393	-3.74617	1
6.38318	-4.05101	1
6.44768	-3.93795	1
7.06338	-3.81072	1
7.10208	-3.63871	1
7.39362	-3.53601	1
7.14221	-3.89659	1
6.82921	-3.83084	1
7.82866	-3.87884	1
6.6946	-4.15578	1
6.57529	-3.78612	1
6.03334	-3.8867	1
7.02957	-3.43181	1
7.0136	-4.29059	1
7.29258	-3.9384	1
6.78973	-3.24891	1
6.7049	-3.42756	1
6.98132	-4.0514	1
7.59981	-4.02621	1
7.09422	-3.74153	1
7.35089	-3.52752	1
6.68658	-3.78035	1
7.69845	-3.64002	1
7.00855	-3.85485	1
7.1228	-3.78945	1
7.83189	-3.45754	1
7.63079	-3.8684	1
7.04472	-3.21059	1
7.78259	-4.46182	1
7.7443	-3.96823	1
7.28352	-3.8131	1
6.92983	-4.16057	1
7.4074	-3.95114	1
7.99631	-4.12576	1
7.2817	-3.84612	1
8.21864	-3.54143	1
7.79729	-4.18155	1
7.27464	-3.5615	1
7.15825	-4.07013	1
7.26721	-3.80203	1
8.08002	-3.43748	1
7.55268	-4.01138	1
7.93594	-3.73896	1
8.09998	-3.56146	1
8.35439	-3.54392	1
8.04185	-3.47592	1
8.19587	-3.49588	1
7.35237	-3.46326	1
7.62385	-4.1944	1
8.04704	-3.70212	1
8.14903	-3.19263	1
8.19051	-3.95885	1
7.84187	-3.01328	1
7.90833	-4.05038	1
7.95363	-3.38616	1
8.24488	-3.81313	1
7.81408	-3.89789	1
7.73349	-4.14922	1
7.75167	-3.82187	1
7.98783	-3.50974	1
8.51123	-3.07234	1
8.35446	-4.19544	1
8.39005	-3.44929	1
8.06643	-3.52801	1
8.58543	-4.21294	1
8.27065	-4.26231	1
8.24452	-3.46683	1
8.81503	-3.49496	1
8.4911	-3.35673	1
7.99517	-3.9663	1
8.11262	-4.15368	1
8.79884	-3.3791	1
8.74151	-3.65721	1
8.71746	-3.7814	1
8.57724	-3.39636	1
8.57876	-4.40887	1
8.43014	-3.678	1
8.60692	-4.25897	1
9.18706	-3.47619	1
8.70527	-3.30056	1
7.95094	-3.77973	1
8.4073	-3.49076	1
8.77173	-3.6128	1
8.65569	-3.34673	1
8.40446	-3.541	1
9.27959	-3.6822	1
8.5433	-3.92717	1
8.69163	-3.34633	1
8.20454	-3.29268	1
8.74042	-3.72354	1
9.74435	-3.77869	1
8.79683	-3.24431	1
9.32796	-3.3314	1
8.31079	-3.89174	1
8.35585	-3.7898	1
9.11519	-4.17856	1
8.60695	-3.45913	1
9.508	-3.40238	1
9.03562	-2.99235	1
8.68065	-2.82204	1
9.59269	-3.20014	1
8.63215	-3.59655	1
9.46643	-3.11115	1
8.68444	-3.49534	1
9.05859	-3.26286	1
9.40015	-3.27194	1
9.37004	-3.38499	1
9.2017	-3.02212	1
9.2718	-3.55433	1
9.54362	-3.81697	1
8.53262	-3.24736	1
9.43723	-3.6808	1
9.81853	-3.18996	1
9.28575	-2.67912	1
9.06307	-3.14534	1
9.59217	-3.20144	1
8.36379	-3.44471	1
9.0403	-4.34151	1
9.65098	-3.61934	1
9.41818	-3.10612	1
9.69294	-2.45543	1
9.17233	-3.63374	1
9.7334	-3.50841	1
10.24205	-3.23015	1
10.25514	-4.17745	1
9.21894	-3.29868	1
9.71306	-3.83594	1
9.95225	-2.4498	1
10.03547	-4.04094	1
8.93311	-3.24152	1
9.49668	-3.11569	1
9.77015	-3.40539	1
10.51977	-3.02029	1
9.64627	-3.3784	1
9.25526	-3.58678	1
10.22764	-3.50721	1
10.17828	-3.02502	1
10.02261	-3.21541	1
10.11611	-2.9646	1
9.7774	-3.5922	1
9.93948	-3.25293	1
9.83845	-3.09351	1
9.70201	-2.97189	1
10.22574	-2.99558	1
10.68955	-2.83781	1
10.29678	-2.9679	1
10.35698	-3.24662	1
10.14925	-3.70935	1
10.32356	-2.8467	1
10.37159	-2.67558	1
9.34851	-3.71237	1
10.13767	-3.31067	1
10.18669	-2.92584	1
10.34323	-3.89315	1
10.41343	-2.84614	1
10.59624	-3.01921	1
10.13215	-3.22504	1
9.90839	-2.93487	1
10.5325	-3.63534	1
9.80074	-2.88154	1
10.34982	-3.43597	1
10.47637	-3.42804	1
10.69871	-2.21371	1
10.65008	-3.46241	1
10.28554	-2.52479	1
10.25521	-3.23807	1
10.51544	-3.03329	1
11.01009	-2.85184	1
10.93137	-3.35139	1
10.77065	-3.04046	1
11.4651	-2.984	1
10.56952	-3.227	1
11.11018	-2.89008	1
10.52923	-2.52355	1
10.58445	-2.5564	1
10.60456	-2.54497	1
10.94338	-3.13409	1
10.8051	-2.95902	1
10.68911	-3.45427	1
10.58947	-2.29373	1
10.84415	-3.45338	1
11.02719	-3.08096	1
11.5237	-3.06916	1
11.25282	-3.17443	1
10.63919	-3.13587	1
11.71493	-2.80622	1
10.42439	-3.13084	1
10.94458	-3.09846	1
11.07104	-2.82869	1
11.55799	-2.6321	1
10.94054	-3.35543	1
10.51609	-2.92511	1
11.22793	-2.77784	1
11.21945	-3.54243	1
10.58234	-2.65424	1
11.84012	-3.0514	1
11.27554	-2.80935	1
11.94666	-3.52163	1
11.61485	-2.17241	1
11.08392	-3.49112	1
12.52548	-3.07116	1
11.30419	-2.60224	1
11.37135	-2.66452	1
11.07714	-2.92647	1
11.47949	-3.25257	1
11.0737	-2.28083	1
11.98468	-2.24144	1
11.77983	-2.66392	1
11.28469	-2.86364	1
12.10186	-2.3387	1
11.55893	-3.01703	1
11.92512	-3.1434	1
11.93112	-3.06959	1
11.16631	-3.06753	1
11.70169	-2.83391	1
11.17713	-2.44229	1
11.50618	-3.06559	1
11.94764	-3.05787	1
11.47809	-2.19649	1
11.94412	-2.19156	1
10.95534	-3.0274	1
11.47104	-1.84681	1
12.23576	-2.3674	1
11.48376	-1.65398	1
11.74251	-2.37095	1
11.76117	-2.45054	1
11.7754	-2.11496	1
12.0488	-2.12421	1
12.2749	-2.43265	1
12.13968	-2.31638	1
11.72528	-1.72173	1
11.72172	-2.34136	1
11.91161	-2.16268	1
12.01438	-2.74284	1
11.47467	-2.00451	1
11.97787	-1.1869	1
12.04795	-2.71389	1
11.60478	-2.63026	1
11.41867	-1.4881	1
11.59117	-1.97435	1
11.71863	-2.20354	1
11.85784	-1.82709	1
12.63399	-2.59004	1
12.37304	-2.31722	1
12.46509	-2.62549	1
11.91064	-2.56551	1
12.76654	-1.87644	1
12.37032	-1.88874	1
12.28894	-2.51807	1
12.84615	-2.1352	1
12.73404	-2.25466	1
11.40185	-2.34468	1
12.02143	-2.14041	1
12.58925	-2.1531	1
12.51683	-1.89851	1
11.9984	-2.05924	1
12.45881	-1.72221	1
12.18054	-2.392	1
11.52266	-2.6983	1
11.81919	-2.46427	1
11.97934	-1.66867	1
12.336	-1.54436	1
12.23712	-1.46517	1
12.8689	-1.80747	1
12.88807	-1.72684	1
12.19872	-1.94491	1
12.68103	-1.72725	1
12.9726	-2.25308	1
12.32527	-1.25019	1
12.76479	-1.52954	1
12.01786	-1.80849	1
12.35271	-1.43989	1
12.58573	-1.54027	1
12.25623	-1.79364	1
13.10751	-1.8879	1
12.672	-1.33793	1
12.47687	-1.69487	1
12.84522	-1.19109	1
12.44316	-1.64195	1
12.9419	-1.84732	1
12.9895	-1.67186	1
12.7185	-1.58113	1
12.73526	-1.57293	1
12.07958	-1.75125	1
12.67477	-1.49502	1
12.33847	-1.30417	1
12.85656	-2.05913	1
12.83788	-1.22879	1
13.04546	-1.8492	1
13.28516	-1.22642	1
12.96288	-1.29756	1
12.58037	-1.25435	1
13.22607	-1.36608	1
12.75973	-0.97172	1
12.85058	-1.19744	1
12.99528	-1.28636	1
13.19808	-1.07063	1
12.86482	-1.52686	1
13.01661	-1.29458	1
13.07895	-1.36472	1
12.94608	-1.1962	1
12.49492	-0.92868	1
13.41288	-0.99247	1
13.47948	-0.69646	1
13.71636	-0.49785	1
13.11399	-1.43088	1
13.12135	-0.53946	1
13.29641	-1.28288	1
13.21895	-1.38711	1
12.98776	-0.5101	1
13.67467	-1.055	1
13.39634	-1.36402	1
13.05549	-1.07675	1
13.45982	-1.1895	1
12.95275	-0.9138	1
13.61339	-0.80785	1
13.43218	-1.18871	1
12.32605	-0.64524	1
13.26145	-0.88743	1
12.82954	-0.91355	1
12.89552	-0.50394	1
12.91224	-0.79323	1
13.35299	-1.21077	1
13.32765	-0.80149	1
13.08241	-0.74421	1
14.35092	-0.95184	1
13.19505	-0.99635	1
14.01398	-0.94546	1
13.42898	-0.51773	1
13.79412	-0.37085	1
14.20056	-0.95472	1
14.02175	-0.70555	1
13.80974	-0.16374	1
13.52055	-1.1006	1
12.66869	-0.48631	1
13.94954	0.08875	1
13.71261	0.60831	1
13.42353	-0.93247	1
13.56025	-0.29589	1
13.79176	-1.07082	1
13.06388	-0.0408	1
12.7429	-0.0657	1
13.49749	-0.14597	1
13.19334	-0.19262	1
13.89372	-0.00466	1
13.45699	-0.67728	1
13.42828	-0.45097	1
13.90584	-0.06358	1
13.48305	-0.07028	1
13.88863	0.36002	1
14.21541	-0.30798	1
13.64614	-0.03012	1
13.25567	-0.36323	1
13.82292	-0.20085	1
14.19878	-0.41242	1
13.9868	-0.2391	1
13.98614	-0.12691	1
13.81066	-0.74769	1
13.736	-0.36075	1
13.72484	-0.64283	1
14.41103	-0.21977	1
14.23038	0.38553	1
14.43965	-0.3505	1
13.65202	0.24071	1
14.34631	0.07006	1
13.37761	-0.08114	1
13.98764	-0.26318	1
14.32943	-0.10591	1
14.00289	-0.22286	1
14.52164	0.54358	1
14.16751	-0.27096	1
13.51434	-0.18662	1
14.43338	0.16089	1
13.55992	0.57397	1
14.36454	0.36302	1
13.47941	0.37111	1
13.78741	0.17051	1
14.08457	0.45109	1
13.91324	0.26821	1
14.87111	0.46501	1
14.03719	0.60942	1
14.32544	0.01874	1
13.48567	-0.09667	1
14.51318	0.37677	1
13.77564	0.14018	1
13.58417	0.31247	1
14.55192	0.18548	1
13.69465	0.11227	1
14.53634	0.35562	1
14.51123	0.2832	1
13.77036	0.50362	1
14.1902	0.44365	1
14.53812	1.07075	1
14.7385	0.94209	1
14.28514	1.36918	1
14.08613	0.69386	1
14.4626	0.68644	1
14.21746	0.8567	1
14.6547	0.52978	1
14.50072	0.3918	1
14.71035	0.88155	1
14.7521	1.27493	1
14.27514	1.24559	1
14.34041	0.89026	1
14.77055	0.53378	1
14.57325	0.44585	1
14.03285	0.72032	1
14.45282	0.93873	1
14.63198	0.70627	1
14.18055	1.32644	1
14.35187	1.30607	1
14.52706	0.69593	1
13.48875	1.99497	1
14.39853	1.73747	1
14.56175	0.97757	1
14.33325	1.11343	1
14.05476	1.50351	1
14.96935	1.44725	1
14.62725	1.3016	1
14.02858	1.40843	1
14.64858	0.94777	1
14.30615	1.50822	1
14.52874	1.23027	1
14.90483	0.94736	1
14.87002	1.2383	1
14.89534	1.49152	1
14.52098	1.50675	1
14.86739	1.45039	1
13.86438	2.00292	1
14.81063	0.995	1
14.24783	1.03206	1
14.7323	1.77356	1
15.59408	1.25481	1
14.92521	1.40022	1
14.11483	2.32832	1
14.43394	2.41033	1
14.4355	1.61222	1
15.18501	1.3661	1
14.63732	1.51537	1
15.22923	1.76776	1
14.10204	1.94554	1
15.2375	1.03199	1
14.7189	2.29666	1
14.53166	1.79714	1
14.17391	1.18129	1
14.65096	1.37698	1
14.74565	1.61947	1
14.11672	2.0245	1
14.79718	1.25316	1
14.58656	2.11447	1
14.52278	1.57341	1
15.09499	1.41499	1
14.93749	2.13207	1
14.81774	1.57681	1
14.16679	2.18205	1
14.76971	2.10401	1
14.58792	2.0177	1
14.92666	1.75306	1
14.76872	2.70072	1
15.26784	1.66604	1
14.88994	2.34862	1
15.23892	1.75085	1
14.53847	1.9189	1
14.83141	2.78613	1
15.12201	1.78747	1
14.81024	2.32368	1
14.83382	2.34672	1
14.33149	2.88387	1
15.2831	1.83456	1
14.86729	2.2912	1
14.80955	2.43237	1
14.82909	1.99904	1
14.24726	2.2932	1
14.77414	3.18124	1
15.24414	2.62396	1
15.09223	2.93565	1
14.87143	2.62404	1
14.90432	3.00821	1
14.89821	1.58946	1
15.24669	2.81181	1
15.12809	2.64324	1
15.25661	2.03332	1
15.50321	2.7775	1
14.94415	2.65267	1
15.45815	1.95241	1
15.57362	2.06558	1
15.18839	2.56096	1
15.00038	2.44012	1
15.64321	3.08551	1
15.0615	2.84249	1
14.7444	2.92599	1
14.77999	2.99501	1
15.35827	3.04194	1
15.22813	3.34944	1
14.88664	3.52608	1
14.70878	3.12591	1
14.89895	2.78241	1
14.10131	3.2244	1
14.41172	2.30064	1
14.63675	2.35201	1
15.53677	3.18953	1
14.91183	3.3483	1
15.01956	3.42446	1
15.29181	3.30095	1
14.51639	4.25232	1
15.02812	3.17977	1
14.3034	3.16697	1
14.79349	3.24429	1
15.60267	2.76686	1
14.96784	2.94116	1
14.62456	3.18695	1
14.84261	3.58817	1
15.31077	3.39318	1
14.72937	3.45569	1
15.08909	4.4044	1
14.8308	3.86133	1
14.73795	3.09642	1
15.23699	3.43356	1
15.28077	3.92175	1
15.25256	3.12398	1
14.85885	3.7919	1
15.11638	3.28454	1
15.00927	3.08728	1
15.21292	3.20221	1
15.10151	3.96632	1
14.31262	3.24354	1
14.71486	3.52109	1
15.01065	3.73399	1
14.33189	3.82476	1
15.25898	3.9639	1
15.3818	3.77178	1
14.58274	3.4987	1
