-1.27479	1.22902
-4.27274	0.9763
-2.87876	1.36966
-1.18548	1.01693
-1.79657	1.1977
-1.26885	1.10382
-4.33861	0.753835
-3.0993	0.700493
-4.04808	1.07264
-1.31785	1.26049
-0.74299	0.891319
-4.1218	0.929709
-3.39105	0.997428
-1.73617	0.730911
-2.02612	1.42353
-1.28374	0.982696
-1.9489	0.709139
-2.31858	0.588613
-0.903517	1.0768
-3.94396	1.27665
-1.06994	1.43995
-1.70028	1.01795
-3.81745	0.852828
-2.6191	1.02105
-2.18248	0.520398
-0.540988	0.608801
-2.29052	1.33064
-1.92413	1.14534
-0.946279	0.708892
-3.51287	1.24071
-2.26344	0.802356
-4.35132	0.508331
-4.29459	0.86999
-3.66515	1.18825
-3.51048	0.700199
-0.684562	1.1668
-2.51831	0.501543
-3.64393	1.28062
-2.47024	1.20844
-1.35621	1.41676
-2.48269	1.26125
-3.53832	1.37391
-0.531705	0.980371
-1.14258	1.30532
-0.556653	0.506937
-1.35586	1.20447
-0.654675	0.762321
-0.868991	1.25374
-3.08924	0.955375
-0.527093	1.31959
-1.84064	0.908557
-1.17762	0.767551
-1.37527	1.439
-0.874042	1.09449
-3.92949	1.36463
-2.86071	1.46427
-3.03362	1.37467
-1.23245	0.591867
-3.76572	0.71242
-3.23774	0.802289
-4.49628	1.15884
-4.41359	1.28881
-3.25086	1.26502
-3.91972	1.48219
-0.548134	0.626135
-3.36334	0.810949
-3.4122	1.19503
-1.25287	0.878778
-1.33488	1.3862
-4.20453	0.834893
-3.4245	1.26618
-2.80135	0.546382
-1.65851	0.846486
-2.25588	1.02318
-2.56773	0.773381
-1.20217	0.780824
-2.57008	0.502824
-3.14066	0.566725
-3.61358	1.46033
-3.28367	0.97571
-0.738161	0.948564
-2.54852	0.54903
-2.20711	0.745637
-2.94999	1.30812
-2.5309	1.31322
-1.64887	0.802178
-1.75653	0.844337
-3.01731	1.38924
-3.49531	0.698896
-1.02081	1.20085
-1.97878	1.09924
-0.986573	1.21883
-2.892	0.895873
-4.072	1.06505
-3.45193	1.33929
-1.50496	1.03561
-4.33466	1.3575
-3.5583	0.641248
-1.82964	0.529737
-2.75023	1.33146
-3.76587	0.815825
-0.503947	0.524858
-0.670308	0.736828
-1.52956	1.29533
-0.563483	0.914586
-4.3502	1.1416
-1.07145	1.14426
-4.01964	1.33101
-3.5828	0.77111
-3.1071	0.900627
-2.0507	0.982879
-2.09935	0.846968
-1.63779	0.948203
-4.06933	0.508113
-1.67761	1.13826
-4.2886	1.21708
-1.0975	1.19364
-1.22245	0.632811
-0.617788	0.543187
-1.61732	0.755743
-1.64927	1.01633
-1.68129	0.700522
-1.83647	1.19635
-1.66316	1.0222
-1.12429	1.04509
-4.30204	0.923088
-3.6559	0.791022
-4.11508	0.508333
-1.21537	0.702476
-0.985719	1.4104
-2.60901	1.15245
-3.36726	1.46351
-1.22399	1.48098
-3.25232	1.28692
-0.944694	0.630221
-2.67856	1.30555
-4.12034	1.16321
-4.39811	0.820215
-2.59551	1.32984
-1.16669	1.02756
-1.92796	0.559832
-3.85533	0.950966
-2.07766	0.639046
-1.53219	1.29496
-1.50285	0.852428
-1.13435	0.962692
-0.604404	1.06919
-3.79929	1.12028
-2.49616	0.95451
-1.09106	0.610639
-0.540598	0.628973
-3.8241	0.676407
-3.28996	1.02685
-2.47363	0.837818
-2.13836	1.35024
-3.58202	0.519245
-0.793981	0.864615
-2.47605	1.26113
-2.70646	0.864226
-1.73774	1.35396
-3.13187	1.2021
-3.67753	0.64019
-3.79427	0.913459
-4.20714	1.07653
-2.40072	1.21335
-3.77856	0.665011
-0.969423	0.976672
-1.72521	0.855007
-1.0246	0.807718
-2.448	0.660577
-3.00505	0.959387
-4.39227	1.22845
-0.71159	1.03363
-2.68444	1.12852
-3.75679	1.29287
-0.778641	0.893331
-2.8245	1.01009
-2.06666	1.43541
-3.4726	0.992479
-4.45072	1.42769
-0.645047	1.07506
-1.44669	1.36597
-1.94193	1.10438
-1.774	1.30269
-2.64437	0.639657
-4.07042	1.46959
-0.513935	0.953237
-4.22629	1.16563
-1.33295	1.36757
-3.39462	1.32954
-1.08087	0.574011
-3.63256	1.25889
-1.75361	1.38266
-4.26087	1.43565
-2.35158	1.38196
-3.90923	1.29729
-1.27009	1.06476
-1.92909	0.858517
-2.30221	1.04456
-1.85053	1.46412
-3.04087	1.36533
-1.30949	1.16715
-1.78857	0.89717
-2.27075	1.35306
-2.91111	0.87371
-3.91029	1.03429
-2.00762	0.983915
-1.47663	1.47753
-1.40728	0.855208
-1.98983	0.786482
-3.81094	0.570951
-4.25418	1.43596
-2.89002	0.627638
-2.46089	0.911589
-3.02676	1.34347
-2.60088	0.543971
-0.654809	1.46585
-1.60892	0.632907
-3.11805	1.35865
-2.34573	0.941156
-4.05222	1.21097
-0.984064	1.49891
-3.25878	1.08416
-1.49732	0.72324
-0.621944	0.796611
-3.63604	1.18967
-2.59468	1.15304
-3.96789	0.702797
-3.37104	0.778012
-1.56555	0.914565
-3.98626	0.604228
-3.44647	0.731496
-2.84079	1.20457
-3.81234	1.37785
-1.73285	1.2801
-2.24909	0.751394
-1.8153	0.659123
-2.38286	0.869234
-2.7762	1.10076
-1.60454	1.1499
-2.2034	1.2852
-4.44544	1.17672
-3.30683	0.625212
-0.54919	1.19192
-1.73902	1.00723
-2.74998	1.47804
-1.79933	1.05145
-4.16799	0.916544
-1.17174	0.726196
-1.11471	1.40922
-4.01808	0.596181
-0.639107	1.35208
-0.818193	0.51328
-4.02272	1.24585
-2.16197	0.772556
-3.94596	1.25226
-1.18139	1.23793
-1.42352	1.23555
-3.70162	1.42452
-3.21454	1.00299
-1.64278	0.889306
-0.724611	0.90853
-0.648605	1.08271
-0.935576	1.16368
-3.64692	1.34288
-3.69162	0.891835
-4.33944	1.42713
-2.75453	1.0494
-3.50747	1.37422
-1.86312	1.10438
-0.624265	0.850038
-1.1882	0.820323
-2.6049	0.892001
-1.01049	0.950472
-3.1335	1.43651
-2.2816	1.19703
-3.37232	1.44058
-3.73783	1.25482
-1.79859	0.903643
-3.802	0.799849
-1.26457	1.41714
-4.08641	0.857192
-3.5658	0.707695
-2.50328	1.18024
-1.93197	1.41215
-2.68102	0.753567
-3.27146	0.801533
-1.84961	1.33559
-2.966	0.828841
-2.17686	1.36365
-4.36268	1.30504
-2.10706	0.558138
-4.26603	1.36887
-3.9282	1.19254
-3.04387	0.852558
-3.69816	1.15989
-1.33886	1.29538
-1.90465	0.720644
-1.70056	0.938461
-1.63549	1.37958
-4.32777	0.897159
-0.944729	0.686733
-1.55637	1.33344
-1.3461	0.901525
-3.42288	1.22621
-1.91388	0.98003
-0.88178	0.995258
-3.96825	1.32284
-3.1126	0.614279
-0.635974	0.517801
-3.89987	1.4043
-1.47286	0.745599
-2.54	1.17837
-4.0382	0.565488
-0.824068	0.596366
-1.3113	1.18542
-2.23188	1.15684
-3.06878	0.593588
-3.09285	0.5896
-0.734397	0.769037
-4.08734	1.10975
-3.74028	0.789818
-1.58	1.23057
-1.41371	0.94791
-4.31454	0.589404
-4.056	1.23884
-1.86557	1.08628
-4.44682	1.29739
-4.23255	1.2938
-0.904089	1.15285
-0.591144	1.17412
-3.75482	1.2902
-2.05389	0.817225
-3.14043	0.528637
-2.72675	0.970418
-0.771655	1.39507
-1.63101	1.49738
-1.62915	1.46339
-3.66222	1.34328
-1.30245	1.4333
-1.96815	0.639754
-4.14185	0.998355
-2.34352	0.79043
-1.8276	0.916477
-3.4536	0.819213
-3.46922	1.34338
-2.88807	1.09563
-2.68648	1.33792
-0.521201	1.05099
-0.582568	1.32863
-3.82086	1.01034
-2.15416	1.35461
-4.18599	1.47006
-1.29832	1.45818
-2.59052	0.516417
-3.87127	0.655667
-2.34207	0.900425
-2.28951	1.30802
-1.52314	0.694987
-3.94188	1.32488
-1.68185	1.19257
-3.84247	1.26669
-2.13107	1.19634
-1.15501	1.04253
-3.25636	1.06872
-3.52878	1.16045
-0.576003	0.622457
-1.78002	0.971579
-4.10763	0.722437
-3.33756	0.56141
-3.7547	1.34316
-0.736522	0.658246
-1.99479	0.778791
-4.04672	1.4731
-4.05791	1.04028
-3.09721	0.661582
-1.28231	0.736454
-4.3216	0.938079
-3.82624	0.570856
-4.37194	0.649381
-0.633982	1.07758
-3.00046	1.18584
-4.26625	0.535132
-1.66796	1.03903
-0.825735	1.48093
-2.73422	0.589441
-1.84969	0.810746
-2.22581	0.728976
-1.90715	0.991455
-3.19929	1.21723
-2.77118	0.937542
-3.6912	0.666369
-1.82684	1.4081
-3.43631	0.542425
-3.42662	0.640445
-3.8914	1.46286
-0.659659	1.17217
-3.06557	0.885579
-2.86934	0.693599
-4.035	0.868581
-1.12871	0.549241
-1.91315	1.3381
-2.90009	0.667131
-2.1432	0.89093
-0.597041	0.930358
-3.09592	1.24425
-4.28775	1.26047
-3.7477	0.68098
-3.70169	1.38843
-4.22952	0.547207
-3.72836	0.905992
-0.653587	0.582409
-2.09625	0.624882
-2.45655	0.873375
-3.49498	1.46439
-0.885571	0.876748
-1.75693	0.925529
-1.09535	1.34965
-0.855896	0.956232
-3.98805	0.845636
-3.44628	0.644129
-1.03343	0.611358
-3.78699	1.47981
-0.72121	1.09143
-1.8036	1.09637
-2.54307	1.07433
-2.07564	1.42423
-1.59493	1.05574
-1.91676	0.974904
-2.00782	1.24327
-2.57229	1.13574
-2.21407	0.967892
-0.96943	0.622856
-3.78904	1.41888
-3.66687	1.01934
-3.94724	1.27623
-3.24373	0.994163
-4.16252	0.515744
-3.17014	0.932318
-3.07964	0.68566
-3.06558	1.16151
-0.6697	1.19147
-1.72525	1.2657
-2.64564	0.985921
-3.20754	0.772465
-3.36762	1.08011
-3.76499	1.14833
-2.07955	1.49866
-2.11915	1.40994
-1.14658	1.20359
-2.53738	0.730366
-2.57847	0.52307
-2.95304	1.16181
-3.98587	1.14778
-2.05149	0.851908
-3.14163	0.983955
-3.30493	0.514265
-1.30983	1.21697
-0.942141	0.709387
-3.04698	0.793458
-0.653575	0.655947
-3.41905	1.43823
-3.60048	0.817005
-4.31958	1.03764
-4.26418	0.970577
-4.42509	0.601925
-0.668548	1.09396
-1.89964	1.22763
-2.13225	0.628542
-3.06444	0.932635
-2.91167	0.728223
-2.16618	0.876803
-0.660807	1.13343
-2.59128	1.25917
-0.659208	1.04817
-2.78922	1.00025
-2.71666	0.741976
-3.91928	0.606452
-2.53069	1.14605
-2.29666	0.999696
-1.69431	1.15984
-2.5612	0.605625
-3.45454	0.862558
-0.887766	0.975836
-3.47121	1.43143
-1.07791	1.26232
-1.16783	0.986523
-1.98663	0.820812
-4.14973	1.37787
-4.33911	1.09048
-2.08122	1.07699
-3.98753	1.18302
-2.06795	1.45175
-4.26874	0.855095
-3.40122	0.80723
-1.76607	1.1788
-1.99143	0.751813
-0.954403	1.18141
-1.35881	0.587978
-3.84192	0.763573
-1.65831	1.06346
-0.655405	0.576239
-2.13899	0.64687
-1.69573	0.601927
-1.01062	0.651211
-2.91331	1.37502
-0.930205	0.90996
-3.85044	0.70721
-3.31394	0.921979
-1.18617	1.3802
-4.3301	0.50106
-4.24301	1.15651
-1.73198	0.995102
-2.34984	0.696379
-4.26515	0.663706
-3.85542	1.36738
-3.11539	0.97136
-1.08037	0.77875
-1.90228	0.971164
-1.48682	0.953552
-1.77626	1.06598
-3.41315	0.682487
-1.75245	1.191
-1.97046	1.35708
-0.504662	1.49294
-1.04672	1.40846
-2.1081	1.25887
-2.4607	0.77311
-4.26352	1.07605
-2.18194	1.40257
-3.55348	0.887777
-4.17212	0.88617
-4.00282	0.668318
-4.114	0.840447
-1.61392	0.771656
-2.56942	0.81816
-3.89388	0.545297
-3.85509	0.669822
-4.04509	0.91102
-0.518518	1.36945
-3.84188	0.553806
-1.28654	0.713058
-3.73796	0.577068
-3.12058	1.06803
-3.06665	0.804724
-3.7495	0.784296
-2.11532	0.938265
-1.86835	1.07795
-0.933837	0.945292
-3.69123	1.25647
-1.94271	1.23095
-1.56799	1.12289
-1.8185	1.47326
-1.15038	0.824266
-3.12118	0.881136
-1.78928	0.537875
-1.14523	0.924779
-4.49931	1.37255
-3.90402	1.38273
-1.36505	1.42399
-1.34508	0.735074
-0.768101	1.13153
-2.61701	1.4008
-1.04964	1.18387
-0.999276	1.12314
-4.38069	1.21896
-3.13756	1.05001
-2.89902	0.931489
-1.19888	1.34205
-2.99504	1.4219
-0.523386	1.1134
-3.63461	0.691672
-2.19559	0.894058
-1.92678	1.44492
-3.9672	0.754339
-1.1505	0.677448
-1.40711	1.01368
-2.28834	0.872037
-3.66745	0.708129
-3.13689	1.44967
-4.00842	0.771865
-1.92908	0.671367
-3.10612	1.01985
-1.93121	0.864665
-3.84844	0.607441
-2.41688	0.964496
-3.81013	0.738284
-4.37937	0.641413
-0.874223	1.21358
-0.657933	1.1613
-3.32691	0.950723
-0.76198	0.812467
-1.52444	0.811909
-3.4232	1.15155
-2.78708	0.832322
-2.04874	1.1344
-0.542389	0.835706
-1.19533	0.544715
-0.683294	1.2164
-3.84015	1.345
-3.31841	0.705036
-2.36652	0.920289
-2.89254	1.16409
-4.21967	0.967821
-2.39268	0.885036
-1.80394	1.33518
-2.17901	0.609577
-0.601479	1.33732
-3.91011	0.950358
-1.40084	0.559618
-1.69448	0.970989
-3.13481	0.686892
-1.1027	1.24752
-1.82087	1.3928
-1.99246	1.47575
-4.44244	1.06691
-3.01614	1.0504
-3.12424	0.507177
-2.12736	1.19435
-2.65143	1.42215
-1.38138	0.760975
-3.61273	0.737902
-0.644832	1.26479
-4.42414	1.45435
-1.30457	1.01457
-1.3223	2.87566
-0.531647	2.7
-0.520142	1.84346
-0.574665	2.68914
-0.654821	3.78396
-0.979067	3.56467
-0.86131	4.10088
-1.2392	0.771411
-0.949882	2.52651
-1.44331	3.00591
-0.616605	3.44419
-0.70954	2.45998
-1.19827	2.2715
-0.586926	1.22765
-1.12363	2.20674
-1.24982	1.54321
-0.540108	3.67889
-1.07306	0.534846
-1.4816	2.11513
-0.688151	0.631359
-1.10446	2.53362
-1.2034	0.777019
-1.12316	4.46835
-1.22298	1.97571
-0.825833	2.65859
-0.996627	1.17776
-1.10325	3.7252
-1.37099	1.8105
-1.38905	4.20913
-1.33779	2.38637
-1.00291	3.3733
-1.1693	2.18462
-0.578179	3.64379
-0.822159	0.504461
-0.515642	0.706742
-1.25117	4.45763
-0.758567	2.27549
-0.66582	2.25072
-1.13745	3.42186
-1.20721	1.46012
-1.16676	2.37616
-0.642406	2.35688
-1.48866	2.60657
-1.36855	3.54087
-0.964815	2.32543
-1.04578	2.25637
-0.687782	3.39084
-1.00463	0.674259
-1.1811	3.57
-0.652549	2.27306
-1.38757	0.752036
-0.51425	1.25
-1.4407	4.49979
-1.09579	3.67627
-0.773683	2.61844
-1.33956	4.00437
-1.08946	2.75455
-1.06919	1.54178
-1.39646	3.14132
-0.607298	3.40542
-0.946225	4.28982
-1.05136	0.606912
-1.24212	2.24643
-1.02587	3.40134
-0.834415	3.22614
-1.08636	3.212
-0.784565	3.30674
-0.794879	3.32614
-1.08153	0.659639
-1.15763	1.65358
-0.658192	2.45269
-1.46046	2.02347
-0.815701	3.74133
-1.46952	4.08018
-0.905112	3.94065
-1.33161	1.83001
-0.608661	4.18083
-1.10906	2.97172
-0.993209	1.30979
-0.695819	1.67507
-0.525524	0.740691
-0.51999	2.97751
-1.37655	2.47952
-1.4952	0.602216
-1.12261	3.51766
-1.0246	1.18871
-0.720554	4.453
-1.01441	2.10713
-1.21679	2.37724
-1.04377	2.65172
-1.49395	1.81353
-1.13299	3.54701
-1.15997	3.97095
-0.917235	2.88699
-1.48595	2.10532
-1.00995	1.35746
-0.639828	2.08593
-1.18626	1.95403
-1.29669	4.30708
-0.705475	2.07534
-1.08172	1.05293
-0.50407	4.45129
-1.4572	3.83242
-0.669875	3.92295
-0.805568	0.824894
-1.45733	4.2385
-0.506426	2.74299
-0.863764	3.20824
-1.06995	4.34538
-1.24463	3.35636
-1.43883	2.56772
-0.870984	4.2702
-1.18902	4.07246
-1.41069	0.78052
-1.17482	2.35784
-1.11297	2.52871
-1.15085	3.05961
-1.05473	1.76417
-0.653826	1.37642
-0.532632	3.97023
-1.28106	3.01312
-1.37981	2.8603
-1.49453	1.1035
-0.628513	2.28247
-1.12218	2.90524
-0.505059	0.75434
-1.22382	2.22067
-1.22621	1.49085
-1.27232	2.68213
-1.42603	2.97893
-1.24573	1.94289
-0.769481	1.83364
-0.506266	3.90234
-0.861968	0.747014
-1.42596	3.15704
-1.27573	3.60228
-0.970754	0.996444
-0.523269	3.51777
-0.998578	3.31698
-0.609517	3.6289
-1.03446	2.32096
-0.601277	1.35722
-0.726184	3.99163
-1.25476	2.79139
-0.784051	3.77228
-1.00069	2.81094
-1.27491	2.70417
-1.04469	1.02948
-1.15637	4.20161
-1.30092	1.43261
-1.09273	3.91954
-0.788974	4.39705
-0.943421	2.47183
-1.15413	0.507488
-1.23972	1.09086
-0.666716	2.14191
-1.35295	4.3249
-0.951565	2.00221
-1.05763	3.58048
-0.878126	0.832512
-0.725781	2.56029
-0.810876	1.63947
-0.564369	0.648092
-0.519901	3.58904
-0.87862	2.53472
-1.34696	0.907507
-1.29925	3.99284
-0.688203	3.46356
-0.882157	0.786462
-1.16594	3.18938
-0.591617	4.19032
-0.980863	1.48008
-0.915402	1.37542
-0.727765	1.92736
-1.4992	3.90643
-0.832353	2.92888
-0.544572	4.38771
-0.60836	0.744942
-0.846381	3.0357
-0.534938	4.4605
-1.2847	4.4698
-0.938657	1.69441
-0.562719	2.45909
-0.51939	3.55942
-1.0898	4.23823
-0.671152	3.59556
-0.87893	3.53846
-0.566308	2.58637
-0.674963	1.47451
-0.696384	3.25231
-1.25673	3.32868
-0.816595	1.17043
-0.809374	2.11675
-0.784464	2.01154
-0.534121	4.18918
-1.03226	2.46854
-0.555482	0.987659
-0.548259	1.34752
-0.719874	0.902356
-0.551363	3.53775
-1.2141	1.34433
-0.941444	2.66632
-0.701589	1.67368
-0.944646	2.89137
-1.21691	0.556053
-1.04485	1.73118
-1.41527	3.2578
-1.03149	1.39703
-0.65826	0.605873
-1.14203	4.30204
-1.16435	2.38369
-1.3366	3.72608
-0.725099	3.32527
-0.64366	0.592875
-0.738309	2.32559
-0.722454	3.3775
-1.00698	3.65938
-0.670773	1.1966
-1.47187	3.78537
-1.25053	3.40382
-1.15482	1.18823
-0.894792	2.94674
-1.04183	3.43146
-0.563683	0.879746
-0.689239	4.10264
-1.1439	3.67231
-1.0401	0.660376
-0.695352	2.70223
-1.08714	2.88889
-0.647956	2.95754
-0.952873	1.56711
-0.539051	1.76304
-1.26645	2.30071
-0.570567	4.06079
-1.13994	0.600399
-1.40291	2.22377
-0.61004	0.951407
-0.697701	1.26368
-1.45573	1.53525
-1.35533	3.53704
-1.08084	2.2677
-1.14262	1.14266
-0.741367	2.0174
-0.640259	4.33526
-1.30399	3.67431
-0.807252	1.62387
-0.747275	1.88838
-0.576332	3.55608
-1.04067	1.43027
-0.711127	2.15507
-0.853126	4.40642
-1.38973	3.01098
-1.17374	1.20186
-0.970881	3.17539
-1.0397	1.74261
-1.2373	3.80518
-1.14306	4.06446
-1.03846	4.30057
-0.948975	3.98177
-1.21115	4.46901
-0.90769	2.22562
-1.0199	2.38596
-1.45491	1.33559
-0.804528	3.99188
-0.509799	2.81762
-1.13436	3.30605
-0.935014	0.595662
-0.543133	4.08571
-0.66457	3.03212
-0.563521	1.73398
-0.944793	4.28044
-0.923772	2.78108
-0.963727	2.58937
-1.13385	1.38244
-1.3405	2.87176
-1.17276	4.42347
-1.14491	2.76347
-0.90592	2.58034
-1.41881	0.881101
-1.147	3.20142
-1.36801	1.02016
-0.608413	2.82836
-0.996976	1.53466
-1.46275	1.64205
-0.521237	3.76435
-0.563299	1.22033
-0.784844	4.08029
-0.830284	4.48795
-1.31116	2.78779
-0.51442	4.05995
-1.29787	3.73151
-0.737758	2.42898
-0.721898	3.36041
-0.567455	1.22051
-1.46176	2.26618
-1.22217	1.33219
-0.562501	1.06547
-0.912112	1.36676
-0.53672	2.38222
-1.11475	0.991008
-1.45057	1.66855
-0.615477	2.72723
-0.926024	0.5126
-1.43649	1.90644
-1.45858	3.27858
-0.724549	1.08329
-1.28797	1.16175
-1.31578	2.63862
-0.87571	1.12291
-0.995295	2.27487
-0.670857	4.32736
-1.07545	3.98781
-0.973474	4.0788
-0.994718	4.13272
-1.41404	4.17847
-1.48883	0.977619
-0.602731	4.25995
-0.890031	4.23857
-0.864951	3.6442
-0.915826	2.36628
-0.721428	0.690578
-0.983104	4.27212
-0.877296	3.85444
-1.05898	1.45234
-0.79494	3.73193
-1.10762	0.936855
-0.896277	3.01749
-0.925709	3.45871
-0.793378	0.550547
-0.898879	3.2652
-0.607663	2.31075
-0.90068	4.09652
-1.31888	1.6964
-1.20354	2.59307
-1.01079	2.69716
-1.45161	2.11427
-0.565548	4.16923
-1.30933	3.98246
-1.05416	1.4702
-1.07151	1.03842
-1.35114	4.01187
-1.22996	1.17902
-1.11351	0.55006
-0.735389	3.86026
-0.657197	2.94009
-0.877512	0.726209
-0.586262	1.76825
-1.15669	1.68637
-0.558609	0.907001
-1.16705	1.52567
-0.552109	1.1429
-1.2283	0.840302
-0.786229	2.66286
-0.797884	3.24448
-1.11052	3.93237
-0.503485	2.40017
-0.978533	3.95145
-1.49746	3.01066
-0.692768	4.47747
-0.517027	4.22598
-0.896509	2.42112
-0.859612	2.42072
-1.44096	2.43701
-0.668768	2.43185
-0.885897	0.86556
-1.4077	0.860144
-1.45983	1.26324
-1.05842	2.94232
-0.819798	4.0517
-0.714202	2.05567
-1.30247	4.12151
-0.679683	3.23261
-0.661655	4.341
-0.809504	3.47574
-1.14366	4.48186
-1.35316	2.89984
-0.830363	0.579016
-0.758958	1.43382
-1.45578	0.555205
-0.668322	2.09759
-0.992956	3.40596
-0.530192	3.69774
-0.710961	2.98866
-0.658469	3.57072
-1.0784	1.77075
-0.570185	3.00872
-0.574984	1.15925
-0.812245	3.28561
-0.995038	4.36238
-0.809969	4.35505
-1.31419	3.23507
-1.49144	3.32835
-0.762727	1.46145
-1.47724	0.963621
-0.968314	0.807731
-0.925098	4.11331
-0.551256	1.67629
-0.741306	0.935125
-1.37554	4.36109
-1.08731	2.09015
-1.45174	3.42821
-1.10587	1.64321
-1.05849	2.72669
-0.807833	3.33464
-1.21802	1.46331
-1.22116	4.26359
-1.26248	1.89852
-0.592341	1.06565
-0.898456	1.59787
-1.37537	3.85058
-0.938744	3.51057
-1.18594	3.5812
-1.38064	3.81034
-1.38955	2.40465
-1.09568	4.34806
-0.706666	1.07635
-1.02362	0.717087
-0.667079	3.91383
-1.05568	3.82154
-0.648846	4.48749
-0.624485	1.92287
-0.951036	1.39639
-0.987825	2.81508
-1.24987	0.897966
-1.39737	1.91898
-0.708985	2.39174
-0.991979	3.24467
-1.33959	2.34562
-0.759867	2.0152
-0.897313	1.3212
-1.214	0.636856
-0.857852	3.071
-1.05961	2.53259
-1.45336	2.62389
-0.566016	2.69807
-0.519844	0.64094
-1.09534	2.08532
-1.30187	3.85893
-1.35169	2.10859
-1.12186	2.89544
-0.678089	2.46202
-1.15656	3.67645
-1.1878	2.77888
-1.02039	2.67602
-0.823654	3.30681
-1.09638	2.70631
-0.86078	4.13464
-1.11289	2.24613
-1.2493	1.13654
-1.27631	3.27457
-1.3742	4.17546
-0.67753	2.89779
-1.46825	4.08093
-0.811233	1.08704
-1.01834	1.05428
-1.43516	2.84122
-1.20256	4.46682
-1.31245	1.57203
-1.47588	1.07678
-0.63534	1.60365
-0.65203	2.18495
-0.823142	3.58395
-1.08005	4.28257
-1.36002	3.69938
-0.94312	2.82608
-0.704182	4.39354
-1.19666	2.8259
-1.10004	0.659863
-0.646716	1.89751
-1.22906	3.38683
-1.4269	0.736387
-0.948676	3.14094
-1.18954	3.29525
-0.655585	2.39732
-0.74718	3.70435
-1.34491	0.776595
-0.530228	1.84257
-1.15081	3.94664
-0.59032	1.62352
-1.35632	3.08952
-0.675178	3.24491
-0.74794	1.26203
-1.19808	2.14427
-1.48667	1.36686
-1.32433	0.970504
-0.575524	1.5863
-1.38544	0.538718
-0.992696	2.44868
-0.908642	3.48832
-1.05401	3.49091
-0.642713	3.5041
-0.626614	4.343
-0.685924	2.57983
-0.620443	3.24963
-0.912384	0.613932
-1.34395	3.48324
-0.664217	2.01778
-0.69849	3.13158
-0.546315	1.07063
-0.844403	0.795301
-1.46361	1.31114
-0.873939	1.05415
-1.1012	1.44482
-1.3059	4.0934
-1.33775	4.46077
-1.44517	2.69874
-1.25099	4.09117
-1.01283	2.71861
-0.506345	4.46002
-1.36112	2.91206
-1.26056	2.45687
-0.578623	2.88121
-1.41508	4.31042
-1.00099	3.06366
-1.4632	1.0262
-0.77972	4.14174
-1.4506	3.69303
-1.1317	4.4088
-1.40578	1.11779
-1.30876	2.288
-0.630947	0.974299
-1.46573	0.912447
-1.365	3.47637
-0.564684	2.83278
-1.35462	2.34196
-1.2928	2.34771
-0.508752	3.02264
-1.36782	1.8668
-0.824438	2.43177
-1.422	2.85169
-0.569992	3.79229
-0.582027	1.66584
-0.791944	3.09182
-0.880316	0.806111
-1.21012	3.46214
-1.24035	4.31809
-1.07644	0.833042
-0.926883	2.55688
-1.4613	4.07424
-1.44454	0.810834
-0.533718	3.26364
-0.651541	2.40508
-1.12286	3.27138
-1.2073	1.99838
-1.27665	2.21971
-1.13743	1.0264
-0.741043	2.87871
-0.73728	2.38542
-0.694738	2.85925
-0.618344	2.97535
-0.960345	1.29939
-1.49753	2.52139
-1.28497	2.37516
-0.508666	1.16417
-0.501182	1.80675
-0.926446	4.06296
-1.06252	1.68644
-0.824921	2.28644
-1.05552	2.98885
-1.39779	2.84772
-0.523934	2.4594
-1.1474	3.73036
-1.36916	1.50892
-1.36102	1.82296
-1.26862	0.528504
-1.22666	2.83734
-0.978436	3.9195
-0.622227	2.71104
-1.41198	3.92581
-0.907152	1.20388
-0.806731	0.743708
-1.28206	1.62721
-0.953834	1.60912
-1.46176	1.25936
-1.3573	3.03553
-0.7302	2.938
-0.627863	4.3776
-0.670541	1.39784
-1.36017	4.10539
-1.46694	1.13645
-1.02488	2.98781
-1.0105	4.12245
-0.933858	3.45011
-0.971849	2.0064
-0.889255	2.5362
-1.03222	3.52694
-1.26612	1.566
-1.42378	1.41593
-0.747081	4.26707
-1.10964	0.866111
-1.42463	2.91299
-1.29296	4.17402
-0.808763	1.24853
-1.40455	2.39078
-0.528975	1.19315
-1.24751	2.18144
-1.01138	3.50663
-1.02524	0.572676
-1.17752	1.4219
-1.16363	2.75243
-0.556083	4.28885
-1.48642	4.48132
-0.607026	1.85289
-1.31059	2.60009
-1.21216	3.52227
-1.13539	1.77782
-1.33866	1.46926
-0.582828	2.61389
-1.42381	0.954736
-0.533915	4.3552
-0.545167	1.96954
-0.662829	1.68419
-0.672303	2.54973
-0.566867	2.42309
-0.900765	2.39898
-1.41339	2.94977
-0.932394	4.36674
-0.563587	1.95432
-1.15228	4.36257
-1.05631	2.34675
-0.592931	3.44252
-0.569984	3.85332
-1.21513	0.814765
-0.686196	2.29705
-1.05406	4.03859
3.15993	0.97982
1.7029	0.597084
3.55438	0.88372
2.00403	1.42779
2.64676	1.26087
2.96177	1.11989
4.36164	0.868742
2.87038	1.28867
0.817602	1.04778
3.50524	0.985302
1.00194	1.01185
2.99583	1.25073
0.88065	0.852468
0.942147	0.539498
2.60901	0.553703
3.97413	1.42459
2.16276	0.807733
0.794058	1.45766
2.21174	0.626581
0.91132	1.16874
1.01265	1.17714
0.655644	1.36592
1.86769	0.678282
2.33655	0.577291
2.32779	1.42694
1.27052	0.708181
4.35596	0.651858
4.03334	0.930196
3.29025	1.13625
3.48825	0.855212
2.44089	1.48408
2.12851	0.962681
2.74514	1.46836
0.9658	0.812115
3.54304	1.37347
1.36024	1.05663
1.09443	0.86536
1.6438	0.940803
0.579959	0.82787
4.18866	0.946562
3.50688	1.00457
2.17427	1.34136
3.7057	1.30621
3.88334	0.620289
2.48907	0.993489
4.02447	0.908435
1.70114	0.933516
1.5387	1.00651
1.46705	0.661357
1.07282	1.1195
3.76024	1.37002
3.61728	0.941912
2.44795	0.872219
3.94437	1.36602
3.00803	0.787789
3.94892	0.680872
2.58778	0.726032
2.34769	0.951479
4.1541	0.724272
0.879049	0.719509
3.01681	1.29851
2.16365	1.37318
3.6147	1.47679
3.793	1.11678
0.671812	1.20304
1.81875	0.856948
2.49509	0.567048
1.27013	1.24927
1.11004	1.19367
1.88901	1.14758
2.3314	0.643891
2.78508	0.761234
2.28167	1.10668
2.15497	1.10485
4.05421	0.762828
2.49694	1.1433
2.22133	0.978537
2.08326	0.636756
2.5893	0.690463
1.55031	0.955305
2.81817	0.895367
1.12218	0.983767
2.95552	0.793007
1.65229	0.525582
4.04931	1.38351
3.1283	0.950235
3.63471	0.844083
1.73602	0.86813
0.60362	1.28096
2.26805	0.767174
2.26224	1.09978
1.10569	1.45584
3.81289	0.808097
1.38024	1.117
2.14475	1.34374
3.3546	1.20357
1.58883	0.713055
0.510626	1.08884
1.34896	0.51307
2.03509	0.947572
3.99523	1.38588
2.14251	1.43638
3.11162	0.658504
1.37748	0.949884
1.75961	0.701576
2.12845	1.23294
1.48963	1.25739
2.4751	1.41204
4.17769	1.40233
0.617505	0.636578
4.4473	0.538685
2.31202	0.823059
3.70999	1.12181
1.69919	0.943085
3.16188	0.547866
2.34659	0.873076
1.05951	1.32779
2.32502	0.65533
1.23351	1.49816
2.7777	0.64733
3.33622	0.838691
3.26482	1.0334
3.27861	0.746819
1.95622	0.896691
0.93123	1.13723
3.56259	1.47279
4.10453	1.13018
3.49335	0.789537
3.5607	0.764708
0.517447	1.43403
4.18098	1.31323
3.00971	1.18084
1.03258	1.07283
1.6633	1.40401
3.15838	0.616562
3.91765	1.47864
2.72694	0.585244
2.28236	1.42075
2.57034	0.540668
1.31911	1.27826
2.79754	1.09675
2.64642	1.22977
1.02519	1.45288
1.10046	0.819828
4.2786	0.78223
1.40076	0.901233
4.04231	1.01167
4.48159	0.90398
3.80576	0.559583
2.62715	0.50587
2.08472	0.763108
1.17379	1.01178
1.3756	1.38797
1.13939	0.676129
2.8086	0.587769
0.709486	1.46599
3.76296	0.917533
4.13555	0.62921
3.92076	0.946107
3.58973	1.36843
2.36802	0.70114
2.93656	1.23841
3.62714	1.35208
4.07132	0.730644
1.23228	0.766811
1.15347	1.3671
1.78263	0.876555
1.49344	1.45965
2.77435	0.642995
3.04561	0.554863
2.61096	1.19073
4.16773	1.07505
4.24532	1.10108
2.73582	0.544378
1.47489	1.47247
0.610374	0.799427
2.58179	0.961436
3.67945	1.00273
0.572884	1.41874
1.57281	1.47446
0.559651	0.564669
3.11808	0.963896
3.89896	0.833218
0.520167	0.990682
0.892463	0.664633
3.77022	1.20441
1.24703	1.1498
2.89044	0.624008
0.551849	0.622777
1.39527	1.01437
3.79921	1.38947
1.98146	1.28984
2.05058	0.765165
3.37129	0.882644
1.01483	1.0314
1.07772	0.797174
0.961618	1.2001
3.76333	1.17375
0.543349	1.26138
2.24835	1.21201
2.99759	0.95976
1.23437	0.822462
1.33506	0.699359
3.04975	1.37923
3.11848	0.867541
1.88479	0.913093
1.01863	1.34854
1.08416	0.909667
0.597727	0.649774
3.13187	0.596974
0.926806	0.532013
3.63637	0.973824
1.55131	1.38159
3.14435	0.663982
3.8854	0.73688
3.60614	1.17866
4.05315	1.06629
3.86674	1.11717
2.57927	1.49195
0.647976	1.46346
2.14343	0.994418
3.88785	1.2254
0.599432	1.13342
2.38637	1.37408
1.67068	1.11991
3.28245	1.02581
3.85319	1.0096
2.87939	1.21718
2.8186	0.634495
3.8775	1.49205
3.42516	0.898404
2.01536	0.536264
4.41541	0.676537
2.70917	0.759199
4.09248	0.959406
4.47616	1.21232
1.73007	0.611067
3.07356	0.632554
3.02223	0.512569
2.15404	1.44024
4.00276	0.722611
2.58575	1.02541
1.93318	1.15283
3.61195	1.12933
1.57652	1.08764
4.36772	0.946727
3.7091	0.688757
3.89859	0.791575
1.4959	1.37553
0.508681	0.84723
2.87717	0.594656
1.08953	1.15109
1.73098	0.667972
0.552626	1.03632
2.35713	0.612768
3.75709	0.595818
1.05303	1.07232
3.89349	1.47613
1.04665	1.28033
3.90565	0.915952
4.22414	1.48608
3.90195	0.817269
1.77943	1.4423
1.67082	1.39557
3.22407	1.10552
3.2694	1.37158
0.878992	0.780194
1.3243	0.923691
4.34259	0.67338
4.17669	0.563904
4.33019	1.49196
0.828291	1.14662
2.02703	0.938949
3.44871	1.32375
1.45035	1.09566
3.8946	0.912207
0.885123	0.9098
2.46313	1.45345
4.19522	1.37048
2.03482	0.720817
1.63154	1.09939
2.9695	0.725774
1.08964	1.04123
4.46848	0.894437
4.49787	0.782493
1.03403	1.18869
3.84779	0.690946
1.6415	0.988989
2.20234	0.505045
2.03235	1.12903
0.848467	1.22636
1.41254	0.697647
2.89585	0.561305
2.58137	0.936089
4.26481	1.27618
1.25351	0.502706
4.40399	0.612419
2.14023	0.825276
3.35964	0.824393
3.97322	1.05589
2.15847	0.891706
2.916	0.571021
0.715409	0.750463
3.12356	1.43083
4.19451	0.785591
0.931266	1.12674
1.91166	0.565828
3.81235	1.01721
4.26173	0.737765
1.56216	1.16028
4.32986	1.3793
4.34916	1.27212
3.1439	0.699575
1.40625	0.863232
3.04833	0.917807
3.42489	0.980008
3.37746	0.593114
4.02874	1.36087
3.31964	0.842113
3.47934	1.1761
4.00699	0.827413
3.29205	1.19369
3.82773	0.907639
2.30823	0.937363
3.00357	1.15596
4.45525	1.31806
4.33019	0.768019
2.34193	1.25836
2.6281	0.513558
3.92107	1.10475
2.85244	1.45011
3.95278	0.857612
4.4579	0.704185
2.35262	0.783728
2.12968	1.46079
0.657424	0.561775
3.12622	0.89393
3.69358	0.783563
3.33189	0.664303
4.37722	1.20766
4.08051	1.01627
1.15253	1.15426
3.32257	1.19607
4.47175	0.638469
3.68984	0.601373
2.25553	0.887188
0.793551	1.30576
2.92529	0.672968
4.12933	0.536957
3.06877	0.946391
0.946727	1.21514
3.22683	1.09343
4.08966	0.683078
4.27947	0.928967
1.16665	1.00694
3.29769	0.956865
0.984273	1.38053
3.2155	1.26244
2.66775	1.44953
1.69847	1.44406
1.10018	1.37243
3.94468	1.26935
2.92909	0.598754
3.03433	1.02824
3.73124	1.23087
3.04012	1.30894
3.47857	1.17892
0.87924	1.11605
3.37509	0.89643
2.24201	0.653713
0.540946	1.00069
4.13985	0.962955
3.83971	1.09007
3.18143	1.26419
1.10909	0.647389
4.34418	1.15781
2.9452	1.21464
1.13285	0.824947
0.915003	1.44957
3.31474	1.39246
4.354	1.23829
2.78848	0.733124
1.85658	0.886105
0.651789	1.13598
2.3608	1.22728
1.02287	1.22074
2.64852	0.960465
2.55566	1.4117
2.15377	0.962963
1.30364	0.704603
2.72466	1.00775
4.26163	1.27477
1.62539	0.869311
1.08076	0.718406
0.63306	1.31413
0.879969	0.615289
3.37711	1.38584
1.44611	0.90416
4.38521	1.0694
2.46385	0.63826
3.88474	1.30718
1.09773	1.43294
2.37217	1.08332
3.86514	0.633878
2.07723	0.897518
1.09759	0.594311
3.81033	1.03159
4.08068	1.47724
1.93342	0.687765
1.69974	1.23154
1.46413	1.30745
0.768106	0.570898
3.85783	1.30431
2.91854	0.597387
3.84177	1.26606
1.83597	0.745443
2.09267	0.650413
2.67396	0.800335
2.75123	0.569429
1.19715	1.07961
3.01072	0.518678
1.21735	1.29613
1.29095	1.18366
1.83665	1.00742
2.45007	0.755931
4.10195	0.547045
0.837022	0.784071
1.80665	0.790027
3.59047	0.595177
2.96983	0.861597
3.58772	1.48324
2.24918	1.00447
4.13134	1.08764
4.46267	0.977585
2.64606	0.763242
1.79454	1.22849
3.79462	1.08383
2.47216	0.588391
4.4004	0.966206
1.29369	1.25174
4.30499	1.24236
3.63761	1.27636
1.66278	0.55562
3.90381	0.553338
4.3303	1.03149
4.42246	1.00557
3.55418	0.88054
2.71353	0.549619
0.733504	0.957235
1.37948	1.27062
3.73746	1.44207
4.21966	1.30102
1.05314	0.961028
3.79789	0.632218
4.42656	1.44672
3.39053	0.816725
3.46416	0.699514
1.69133	0.89784
4.27391	0.852547
3.46223	1.29248
1.60148	1.45184
1.5799	0.747472
2.7894	0.986161
3.08014	0.578473
2.33333	0.846845
1.89139	1.2246
4.37403	0.823494
4.34953	1.18396
2.24769	0.573801
3.69235	1.40639
2.96443	0.534377
3.28985	0.619092
0.971341	1.15725
0.593924	1.32013
2.75909	1.35157
0.757057	1.21039
2.16248	1.45104
3.1959	0.816375
2.64973	1.46424
3.9231	1.21396
1.11464	0.841977
3.3026	0.522518
4.14466	1.46984
3.72403	1.35672
1.77209	1.31992
1.04079	1.31916
3.23321	0.732808
1.331	0.649009
1.93068	1.16352
3.76534	0.598194
4.13021	1.33443
3.89812	1.05485
3.83847	1.46631
3.7849	0.899717
3.2057	0.90595
1.99852	0.733069
4.15411	0.516543
3.15577	1.25398
1.85617	0.872034
0.710692	0.785931
3.81192	1.25013
4.48124	1.12279
4.38368	0.68217
1.64749	0.823841
2.00097	1.49843
1.73459	0.925168
1.51838	1.01502
0.723121	0.66552
0.589531	1.07513
2.73772	1.42593
1.29445	1.21776
3.48707	0.778421
2.62157	1.21712
2.84203	1.23048
4.25787	1.27767
0.698907	1.10461
2.60587	0.895996
3.95185	1.03454
3.01357	1.17432
2.71747	0.60948
1.67918	1.08274
2.47474	0.941288
3.07405	0.666899
4.12653	0.630436
0.789366	1.31476
3.09646	1.37109
2.58113	1.27097
3.06361	0.718855
1.44427	1.42346
1.86369	0.664676
1.992	0.545623
2.19724	0.842063
2.04628	1.12105
3.76021	1.2968
3.44532	0.928986
1.63539	0.805531
3.66719	0.774181
3.73396	1.20647
2.68529	0.674072
2.0976	1.15521
3.52516	0.736837
3.00908	1.47777
3.48549	1.16959
0.759728	1.30656
4.15952	1.06548
1.06403	0.700712
1.17406	1.30572
1.26317	1.26437
2.50056	1.07103
2.09636	1.05868
1.73725	0.94387
3.53185	1.31914
3.86312	1.45205
3.52538	0.64829
0.611336	1.0419
3.52812	1.04674
2.55793	1.13139
1.1473	1.36893
2.5886	1.34466
4.05602	1.31603
1.99412	0.791513
1.53831	0.781188
2.37693	0.976755
3.09561	0.855131
0.78027	0.669116
0.771207	1.19277
1.49314	1.46631
0.564777	0.602459
1.96797	1.47676
2.31383	0.671626
4.05971	0.652403
3.15362	0.506054
0.830381	0.813785
2.77336	0.790762
2.87286	0.820815
4.18428	0.524421
0.574664	0.760553
3.85789	1.04684
1.107	0.95535
2.17918	0.654037
0.745085	1.15118
4.1775	0.54138
2.98751	0.93215
2.65449	0.912004
4.0875	1.07119
1.01347	1.22122
3.70361	1.36786
3.2559	0.89604
2.786	0.89311
1.27103	1.39417
0.911284	0.72847
4.02466	1.16681
1.01928	1.46853
3.65999	0.941762
1.43791	1.12724
1.03356	0.700279
0.619138	1.10074
1.61214	0.890098
2.39778	1.39224
1.39465	0.633009
4.04411	1.00471
2.33707	0.807163
4.10473	1.01892
0.895898	1.20046
1.04058	0.825628
1.61216	0.739964
4.18594	1.43823
2.79963	0.886713
2.40035	0.870809
0.742094	1.26369
4.30038	0.85675
1.67147	0.838009
1.97774	1.08446
1.01665	0.634201
2.15961	1.34911
0.80878	1.19708
1.05073	1.23265
2.87086	0.507947
0.81917	0.777854
2.22759	1.00084
1.12055	0.733327
1.47435	1.41638
1.57115	1.05702
0.564249	0.848792
1.38184	1.4822
1.05174	1.35829
0.674228	3.7297
1.38185	3.13997
0.525905	0.579378
1.35925	4.13201
1.46397	2.03105
1.11628	0.988616
0.632227	3.48841
1.17178	3.42354
0.591252	3.30873
1.44424	0.846006
1.12894	1.57177
1.46153	2.96575
0.779198	1.57889
0.920822	0.722297
0.855121	2.48721
1.43991	4.15602
0.651493	4.14126
0.554171	2.81844
1.07562	4.37483
0.539585	2.03747
0.633231	2.45567
0.519673	0.802483
1.21501	3.26339
1.16126	1.58674
1.07107	2.80979
0.816215	4.01269
0.967063	2.94916
0.625723	2.0812
1.12287	1.43109
0.800304	4.08899
1.34033	1.40334
1.46601	4.47054
1.15371	1.45304
0.734525	2.75295
1.07504	2.45417
1.46106	1.38029
0.857157	2.04291
1.1008	4.08591
0.759554	3.05251
0.668856	3.75154
1.39541	2.59804
1.49803	3.8345
0.704112	3.24461
0.730215	0.872586
1.11041	1.2084
0.60081	1.10314
0.700482	2.62043
0.684703	1.73713
1.14941	3.86376
1.35808	3.90174
1.33423	2.22605
1.1518	3.02223
1.24863	4.28903
0.658084	4.11629
1.28852	2.64412
0.936873	0.963162
0.918318	0.927725
0.773508	0.532872
1.15899	2.97582
0.604963	3.48929
1.46527	3.07517
1.28347	0.962036
0.777508	1.1731
1.2408	2.40645
0.795301	1.31636
0.594912	1.08026
0.999696	2.49619
1.2464	2.45384
1.22859	2.6838
0.630698	2.63881
1.02823	1.4489
0.781817	4.02619
0.747492	3.06012
0.602964	3.68294
0.610455	1.26977
1.3578	1.18128
1.40758	4.13136
1.08021	1.3913
1.31819	3.96402
0.655254	2.04973
1.35459	1.12034
0.699201	3.29986
0.746472	2.74736
1.20814	4.33911
0.905294	3.62242
0.635428	3.2545
1.21044	2.89115
0.69304	2.6352
0.696937	3.40473
1.45952	0.775608
1.08914	3.53622
0.810022	3.88792
0.557551	1.70979
1.46795	3.42944
0.986267	2.40466
0.516703	0.555739
1.47499	2.93775
0.80748	3.33043
1.16945	2.14184
0.549952	1.2522
0.686578	3.417
0.573869	3.7326
0.993453	2.59086
1.34694	1.405
1.31761	1.75597
1.2727	3.33162
1.15149	0.672125
1.27913	1.74542
0.696572	1.04859
1.3454	3.40212
0.673807	3.20398
1.06275	3.89369
0.603732	3.30823
1.16226	2.79802
0.567088	2.8281
1.41678	2.94304
1.06789	3.48157
1.38745	4.02075
0.845247	3.57659
1.28684	3.15716
1.14113	3.40885
0.877371	4.04614
0.886145	3.23858
0.850115	0.515487
1.27036	0.576044
0.995296	0.980159
1.0943	1.92927
1.02459	3.70534
0.65719	3.54711
0.66115	2.76514
0.799921	1.7298
1.25521	1.29707
0.613707	3.87861
1.4225	1.19508
0.735991	2.26942
0.980783	1.0446
1.25004	0.915999
0.699244	2.14273
1.25716	2.43893
1.11737	2.19464
0.918119	3.30254
0.730991	2.34733
0.503913	3.62318
0.758228	1.84378
1.15209	2.37763
0.867766	1.7629
1.06881	3.18161
1.45543	2.74341
1.3114	0.665736
0.625021	4.4583
1.06374	3.84574
0.536125	1.74931
1.00905	1.44524
1.40004	2.88954
0.799061	2.7728
0.631621	1.79469
0.656265	2.76954
1.1294	3.69099
0.861357	2.88732
1.00089	3.67606
0.80307	2.75955
1.47242	3.16416
1.15247	1.44209
0.74029	2.11915
0.832366	2.63355
1.45361	4.2795
0.559086	1.84588
0.660584	1.10492
1.14147	0.747345
0.863084	2.28679
1.26417	4.02467
1.1104	3.04709
1.13649	1.66316
1.0415	4.08465
0.557109	1.01952
1.48655	3.29233
0.944228	1.77214
1.16075	4.36209
0.629087	3.06435
0.589914	0.562853
0.849639	3.08479
0.674341	2.00565
0.571181	3.70638
1.38111	3.63534
0.596936	3.00192
1.16797	2.34396
1.01777	3.17312
0.977125	4.25288
1.2585	2.66659
1.44391	0.966094
1.07276	0.924487
0.852995	0.870955
0.82864	2.33809
1.14206	3.61009
1.31557	3.63203
1.25217	3.88031
0.610063	4.32891
0.869758	3.67833
0.810432	2.41842
0.670248	3.89935
0.727105	3.12182
0.669092	2.97744
1.02516	0.597138
1.04995	0.673104
1.32485	1.61551
0.903216	3.78877
0.883175	2.13091
0.824319	1.20875
1.14637	1.72115
0.814633	1.72428
1.38154	0.755143
0.650177	1.54617
0.922014	1.27238
0.801688	2.60409
1.49299	1.55634
1.07375	0.718339
1.0344	2.17753
0.794717	4.2312
0.513827	2.51041
0.826849	1.64469
0.629168	1.44671
1.09396	2.20099
0.526049	2.65514
0.587482	1.30037
0.945305	0.626164
0.921154	2.7151
0.566919	4.04491
0.712612	2.68351
0.859	3.6085
0.923847	1.88633
0.773693	3.95591
0.778848	1.64018
1.09378	0.529037
0.534873	2.32577
1.18107	1.55265
1.12235	4.242
0.749621	2.08903
0.790302	4.33233
1.49621	2.14984
1.32088	3.24343
0.521433	2.56356
1.16813	1.34333
0.868825	0.983271
0.735507	3.8256
1.02559	0.930888
0.681567	2.69655
0.773747	3.97143
0.713282	3.72092
0.80146	3.38119
1.14697	1.78037
0.6963	4.35036
1.19637	1.26003
0.570815	1.57387
0.779569	3.11545
0.536018	1.65136
0.580352	2.70792
1.05499	0.616909
0.585659	3.34499
0.554369	0.95318
1.13652	2.61817
0.520122	2.06646
1.35008	3.97571
1.49159	1.61541
1.27105	2.14938
1.10408	3.97965
0.535397	1.70204
1.12563	1.83215
0.808674	1.80699
0.620509	2.57279
0.990154	3.65616
1.21068	4.12341
1.28916	3.45364
0.566824	0.583488
1.25929	1.32749
0.991696	4.15496
0.602603	2.13988
1.48918	3.31296
0.553189	3.84358
0.767259	2.4215
1.27067	4.29108
0.732597	1.93619
0.955247	2.78575
0.885047	4.10506
1.40273	3.47635
1.17837	3.22872
0.986144	1.78181
1.197	1.20889
0.884304	0.503844
0.715559	1.00449
1.20507	3.85661
0.566064	2.14773
0.599472	4.23258
1.37714	0.585313
0.655546	3.22304
1.47497	2.99535
0.859533	4.43647
0.948014	3.42136
1.2599	1.4292
0.801862	1.37403
1.3258	3.59566
0.91627	3.73537
0.680115	1.60783
1.42998	3.06798
1.47379	0.530508
0.684214	0.733298
0.998086	4.27781
1.09922	2.33018
1.19743	1.69746
0.529213	4.00254
0.822864	2.5121
0.598745	3.73985
0.923361	0.922181
1.43906	4.39486
1.19899	3.3819
1.24692	4.33763
0.822471	2.13622
1.27236	4.30747
1.29869	3.81559
1.2924	1.89486
0.888101	2.84763
0.873252	4.37869
0.786867	3.72
1.23766	2.64098
0.849563	3.19752
1.43333	2.57611
0.684282	1.97053
1.47811	0.87812
0.855586	4.03591
1.14172	1.38054
0.70448	2.14591
0.941285	0.559022
0.789974	4.38489
0.567045	1.32589
0.527211	0.826414
0.719386	2.84132
1.17416	3.96
0.949037	0.673598
1.0888	2.54807
1.4347	3.65965
1.47862	3.42603
0.621946	0.856664
0.55964	4.25515
0.661241	4.13201
0.864099	3.0763
0.710613	3.73923
1.43161	0.840505
0.596651	3.16799
1.04241	2.84222
0.907284	3.74402
0.85056	3.27259
1.06926	3.71629
0.625722	0.659051
0.756984	3.34875
1.17014	2.15248
0.807916	3.82524
1.35113	4.37753
1.37142	1.78893
1.37558	3.37813
0.817954	1.71414
0.664239	4.22724
1.42102	0.824191
1.05056	1.72563
0.50098	2.02729
1.15415	3.47722
0.971768	3.27255
1.39082	0.562904
0.823895	3.73815
1.3415	3.21873
1.45117	3.37264
0.887244	2.79838
1.1163	3.4479
0.534656	1.66078
0.919796	0.791353
0.723866	1.13148
0.969871	2.24445
0.549947	3.73379
1.21907	3.24068
0.7894	2.08897
1.4183	4.21803
0.857894	1.58393
0.906148	0.664731
0.82765	1.80628
0.691145	1.51185
1.41144	1.39256
0.846049	1.99092
1.48895	4.36631
0.751223	4.3659
1.16189	3.32759
0.768971	2.79167
0.762003	2.22574
0.696032	1.47336
1.48889	0.542617
1.01962	4.36262
1.24487	4.34673
1.17884	2.15337
0.731075	4.03601
1.12176	0.719785
1.48866	2.23638
0.759222	4.38094
0.912373	2.38429
0.944202	2.92263
0.659319	4.4974
0.957859	1.04791
1.1869	1.04822
1.3844	0.750781
0.91837	4.17102
0.673443	3.27815
0.763224	2.61055
0.759642	2.33682
0.588941	4.10704
1.29441	1.37711
0.905929	0.790321
0.867354	1.28134
0.64837	1.04008
0.842719	3.59695
1.47779	2.44386
0.514161	1.56221
0.564018	2.99793
1.17691	3.4732
0.897805	3.15033
0.713307	3.95173
0.710434	1.247
0.941089	1.9562
0.982198	3.7658
1.02376	4.15155
1.45207	1.07198
1.00986	2.47355
1.14333	2.72698
1.29058	0.671204
1.2299	1.22932
1.3125	1.59901
1.47909	0.652735
0.598166	2.67604
1.39249	1.47635
0.692948	3.43531
1.11808	1.27007
0.541937	3.39932
0.995602	3.1822
1.41578	4.19009
0.614688	3.36041
0.809357	4.29317
1.04611	1.88756
1.10119	2.77696
0.703935	1.1249
0.885369	4.38056
1.42234	2.78739
0.961233	2.62529
0.87274	2.62334
0.948216	4.44779
1.20426	1.45585
0.891893	1.9592
0.983477	2.00851
0.841648	3.98941
1.29321	0.966364
0.615371	2.45158
0.869884	0.503843
1.43635	2.80494
1.07883	3.08899
0.574724	1.70241
1.3747	3.89915
0.899824	3.31569
1.37313	3.63845
0.830886	3.06503
1.14229	3.33554
1.34538	3.9826
1.30287	3.0977
0.795642	2.49469
1.20291	0.874222
1.46819	3.47745
1.25745	1.1255
0.622867	1.05561
0.714527	3.72843
1.37073	3.84607
0.904845	4.20949
0.624944	1.43081
0.966841	3.341
0.591165	4.14821
1.02549	3.93583
1.26264	1.63182
0.726786	2.9675
1.21094	4.19869
0.990753	1.23507
1.18617	2.12749
1.39934	1.10992
0.78717	2.90968
0.942718	1.04168
1.15454	2.97185
1.11917	1.51074
0.964196	2.59885
1.14983	3.50951
1.1245	1.15552
0.715989	3.93431
1.25263	1.55324
0.954452	2.94455
1.26578	1.44298
1.1668	3.68352
0.558082	2.42315
1.12401	1.9696
1.0659	0.749505
0.743367	2.05297
0.852296	2.99067
1.32043	3.81081
0.930893	4.12763
0.898888	3.07501
1.08755	2.3184
1.15108	1.19789
0.822317	4.35602
0.824391	0.73956
0.724867	3.54669
1.37089	0.972607
0.939881	2.06119
0.559525	3.71218
0.803417	3.29045
1.20426	3.97891
0.695881	3.46494
0.961722	3.89588
0.778306	3.25671
0.725304	1.70581
0.869444	2.70017
0.943309	1.77044
1.26039	4.44737
1.22388	3.66381
1.438	0.965138
0.548073	1.01544
0.834374	1.44442
1.10519	1.20592
0.917113	1.09356
0.545812	3.97314
1.09928	2.48695
0.617224	4.23282
0.901201	3.27339
1.26954	3.23224
1.03249	2.76532
1.46202	4.3644
1.09615	3.08239
1.41596	0.797823
0.70072	2.06816
1.37223	2.93268
0.972045	3.46632
0.916588	1.32789
1.48733	3.2572
0.6903	2.86021
0.904395	3.41588
0.520072	3.20684
0.855792	1.38535
1.46869	1.72326
1.16031	0.934437
0.949012	4.16373
0.523959	1.81588
0.639139	0.572137
0.63987	0.53498
1.18206	1.92723
0.792007	1.607
0.656197	1.20522
0.528659	1.00485
0.99895	1.83286
0.765473	2.81793
1.12318	4.29814
1.46662	1.4837
1.16973	0.640335
0.934167	1.00506
0.804842	3.24004
1.20158	2.41682
0.521891	1.19776
0.63803	2.80381
0.929592	4.19901
1.35473	4.45655
1.4301	0.737467
1.22997	1.34429
0.804218	3.6519
1.46064	2.51564
0.601892	1.77463
0.820896	3.42879
1.06181	3.86811
1.01066	3.99217
1.46617	3.95576
1.39224	1.44866
1.31498	2.92755
1.293	3.24225
0.844074	2.74935
0.513753	2.8504
0.695312	2.89271
0.526594	2.91705
0.995604	1.2182
0.893258	0.818348
0.522482	0.927218
0.771826	3.92136
1.09163	2.76148
1.13267	1.83722
0.918138	2.51616
0.542671	0.900066
1.41343	1.70796
0.890738	1.39866
1.16724	4.11347
1.49394	3.90487
1.3071	0.777788
0.754981	1.70117
0.637141	3.50973
0.67709	3.03051
0.622186	1.16697
0.503094	2.94356
0.655174	1.50694
0.558573	1.80778
0.826853	3.5697
1.33543	2.90406
1.0251	0.863856
1.33715	1.46293
0.895808	4.44445
1.15536	3.62394
0.822512	4.49624
0.679311	4.0367
0.560324	1.53987
0.637075	0.504595
0.787407	2.56071
1.24962	0.877735
1.05051	3.08402
1.29566	3.15437
1.02694	3.29151
0.587627	2.30076
0.508421	2.41027
0.904	1.44062
0.809909	1.54622
0.950041	2.62385
0.511322	4.26898
4.31455	-0.859107
3.69568	-1.12713
1.93242	-1.40155
1.88407	-1.35877
3.33309	-0.976859
3.67058	-0.904381
2.81203	-1.00278
0.858811	-1.48481
1.78722	-1.37505
1.71492	-0.529402
2.31763	-1.03353
3.74706	-0.76038
1.83136	-0.567047
2.92312	-0.60253
4.24061	-1.02064
3.61177	-1.4558
1.58124	-0.605371
3.64334	-0.513052
2.78327	-1.26817
1.59368	-1.13895
1.50735	-0.506488
1.223	-0.890326
3.10576	-1.09761
2.70243	-0.594526
3.69863	-1.22187
0.939946	-0.84418
0.610278	-1.07522
1.19082	-1.37748
3.68983	-0.534425
4.37467	-1.363
3.8519	-0.642625
1.20169	-0.709457
3.04113	-1.1896
3.25537	-0.854761
3.86606	-0.960689
4.10697	-1.12983
1.14824	-0.78185
3.03208	-0.803342
2.01072	-1.302
4.40895	-1.29119
1.14544	-1.30381
2.88156	-1.45149
2.13135	-1.29462
2.24128	-0.829579
3.7047	-1.18689
1.2262	-1.02405
3.36164	-0.858725
3.27101	-1.00047
2.88849	-0.72516
1.79098	-1.42505
3.52996	-1.24183
3.56907	-0.831066
0.655603	-1.17977
3.87096	-0.74906
3.26322	-0.790625
2.21231	-1.12267
2.92333	-0.656976
2.08105	-1.44033
4.22896	-0.593337
1.8945	-0.855829
4.08252	-1.10575
2.41819	-1.41474
3.52068	-1.26037
1.41141	-0.711747
2.50207	-0.631633
1.18913	-0.870022
2.87012	-0.747898
0.925711	-0.545609
3.61533	-1.08053
2.4256	-0.803954
1.9517	-1.12663
2.27304	-0.588079
2.99006	-0.775175
4.02943	-0.939267
2.75668	-0.982174
2.47829	-0.523959
4.26378	-0.599598
1.11981	-0.640446
4.20582	-1.45701
2.98828	-1.36681
1.85616	-0.601143
2.43869	-1.2705
0.633703	-1.46051
3.77684	-0.849365
3.87382	-1.37443
2.99085	-0.52841
3.16645	-1.23873
2.91165	-1.19497
3.67381	-1.00969
0.661385	-1.11549
3.52103	-0.51635
0.988805	-1.30524
0.974312	-0.741231
2.65995	-1.22003
2.12325	-0.576731
2.53162	-1.00417
3.17909	-1.00587
1.67753	-1.23866
3.41594	-1.12199
1.95444	-0.701669
2.41171	-1.46227
0.752735	-0.660067
3.18739	-0.856372
2.79682	-1.43609
0.913151	-0.947764
1.36179	-1.02021
1.89338	-1.4989
0.906628	-0.772379
2.34796	-1.20833
4.42256	-1.07125
2.88969	-1.23302
4.49194	-0.713484
3.8964	-0.886891
3.77788	-1.10762
2.21406	-1.48325
1.90621	-1.00336
3.48995	-1.06992
1.90739	-0.646007
3.26252	-1.1661
4.29314	-0.953099
1.51205	-0.829289
3.54746	-1.19786
1.44747	-0.948286
2.15047	-0.695043
2.40613	-1.29543
3.84287	-0.822448
3.79171	-1.36981
2.55247	-0.88204
0.591927	-1.01184
1.9954	-0.851674
1.67579	-1.08831
4.23651	-0.667716
4.07817	-1.07295
2.05925	-1.01676
1.58753	-1.03537
0.643695	-0.890605
3.93311	-1.36263
3.79881	-1.14241
1.19157	-0.953539
3.67631	-0.729165
2.11385	-0.512916
2.43053	-0.803733
0.706303	-0.522184
2.88703	-1.15458
0.993857	-1.22247
2.84486	-0.804706
2.49595	-0.93716
2.03224	-0.96175
3.92687	-0.813828
0.622457	-1.04529
3.00152	-1.22147
2.60444	-1.10537
4.343	-0.871386
0.744249	-1.24714
3.18508	-0.524627
1.35264	-1.36743
1.27809	-1.46752
2.83895	-0.957683
0.516915	-1.41142
1.21892	-0.909123
3.06391	-0.637485
0.836692	-1.16119
0.973306	-1.2447
2.91681	-1.28488
3.94496	-1.31169
3.73091	-1.32312
0.681912	-0.804675
3.26767	-1.00518
3.40495	-0.72317
3.31318	-0.852916
3.25613	-1.24399
2.15121	-0.93114
3.88332	-0.55724
1.63622	-1.16649
2.29677	-0.925922
3.80997	-0.777686
4.31944	-1.12073
1.95362	-0.54446
1.3074	-0.922236
1.34636	-1.17991
2.55673	-1.29992
2.8169	-0.976179
3.74241	-0.585325
3.2034	-1.27339
4.0518	-1.15397
3.18552	-0.675854
2.98968	-0.931098
4.36984	-0.62146
2.96129	-1.10382
0.546774	-0.686342
4.16072	-0.643729
1.13366	-1.04346
3.77822	-0.745501
3.38845	-1.23343
2.73604	-1.45153
3.15293	-0.693376
4.24327	-0.840813
2.74402	-0.835238
0.773684	-1.24963
3.41173	-1.37693
3.0363	-0.82397
1.92215	-0.963384
4.4127	-0.602007
4.16536	-1.46817
2.90494	-0.969596
1.06763	-1.38947
3.85561	-1.22816
4.16568	-0.742689
3.46791	-1.11903
4.38183	-0.753408
4.20969	-1.41594
2.29154	-1.02498
3.21075	-0.539789
0.679966	-0.572087
2.02036	-1.42472
0.598564	-0.522678
1.51765	-0.602879
0.960174	-0.80218
1.76693	-0.688166
0.554395	-1.21621
4.13602	-1.27616
2.201	-0.811374
3.84961	-0.803027
3.40093	-0.540037
1.78499	-0.781485
2.8288	-1.22531
1.19114	-1.36008
2.3059	-0.970394
2.0695	-1.35812
4.31998	-0.924837
2.80638	-1.35479
2.64953	-1.23779
1.50522	-0.586539
3.38061	-0.673921
2.12795	-1.35127
1.2033	-0.885096
1.36175	-1.39228
1.38175	-1.47688
2.41938	-0.699135
1.17038	-1.09541
2.42675	-1.3136
1.81618	-0.540705
1.93065	-0.584406
3.4988	-1.11346
2.62496	-0.548504
3.92408	-1.36747
4.08072	-0.983129
3.34345	-1.09426
3.41822	-0.543922
1.10841	-0.527528
1.9828	-0.559002
3.86788	-1.43015
4.09214	-0.721078
1.68291	-1.08717
0.886985	-0.633263
3.89386	-0.523826
4.41293	-1.40043
1.79469	-0.975133
2.93892	-0.888618
2.62486	-0.664614
3.76458	-1.47391
4.17985	-1.34689
4.34018	-1.05758
2.15008	-0.687055
2.9052	-1.22053
2.71972	-0.684531
1.35221	-0.614283
2.19336	-1.46269
2.28171	-0.813463
4.04688	-0.644704
0.847748	-0.795192
2.12212	-1.21021
1.36817	-0.592413
2.73139	-0.795353
4.03601	-0.649249
2.80517	-0.904029
2.94406	-1.13283
2.68842	-0.858986
2.51485	-1.176
0.76512	-0.506442
2.76323	-1.14558
1.4129	-1.31732
3.42254	-0.67896
0.630037	-1.40133
3.65316	-1.218
4.01007	-0.732673
4.26122	-0.629292
3.75894	-0.838507
2.97792	-0.932899
1.01366	-0.610252
1.98585	-0.92649
4.40673	-0.960974
3.05231	-0.664566
2.48984	-0.833984
4.03704	-0.846393
2.08259	-0.63231
2.69273	-1.06686
3.80651	-1.22113
4.49686	-0.69966
0.596119	-1.00698
2.39734	-1.0466
1.81209	-0.839828
1.81448	-0.660825
2.06643	-1.23313
3.31104	-0.731387
3.92401	-1.47153
2.46831	-1.37094
3.64139	-0.640508
1.6328	-0.733416
1.76842	-0.808676
2.29227	-1.0161
0.882209	-1.16506
0.652255	-1.22879
4.31586	-0.783545
2.18175	-1.14809
0.825286	-1.46886
3.04319	-0.744776
0.570367	-0.527447
2.84359	-0.990266
0.684298	-1.43102
3.74332	-1.27302
2.65043	-0.898811
4.39693	-0.775432
0.890996	-0.56399
2.40982	-1.37907
2.42851	-1.47784
2.48387	-1.28452
2.48838	-0.95661
0.818617	-0.984716
1.32717	-0.557516
3.07074	-1.49224
1.93186	-0.532733
2.02054	-0.598778
3.60283	-0.790412
1.01627	-1.01764
2.0897	-1.32908
0.541985	-1.2124
4.25151	-1.06716
3.29793	-1.10741
0.933338	-1.21787
0.67752	-1.28691
2.35075	-1.18729
3.21622	-1.27227
3.6842	-0.677024
1.34977	-1.35234
1.8785	-1.49287
3.49092	-0.90294
0.897871	-0.558828
3.8739	-1.08453
1.88807	-0.572408
0.675157	-1.49533
4.30192	-0.578412
1.96699	-1.48749
4.1001	-0.803193
1.99552	-1.15147
0.569493	-1.32722
1.48128	-1.21134
3.28802	-0.609857
3.67803	-0.759547
0.573301	-0.532388
2.19933	-0.517296
0.600539	-1.06345
3.04086	-0.999055
3.05196	-0.511876
1.18405	-0.9451
3.61062	-1.21812
2.7621	-1.40586
4.27848	-0.998683
1.66437	-1.02512
1.11479	-1.28729
2.13628	-0.50811
1.3122	-1.19992
4.31407	-0.854015
1.0304	-1.44782
1.57861	-1.31775
3.4507	-1.35871
0.507689	-1.23245
1.76163	-1.00351
2.36146	-1.42086
4.35479	-1.05804
3.77742	-0.739574
1.80582	-0.70371
3.48238	-1.18151
3.12491	-0.610945
1.18783	-0.629724
3.52965	-1.10385
2.73937	-1.36019
0.751863	-0.934607
3.46736	-0.604474
0.63523	-0.843823
1.50234	-1.0723
1.25047	-0.848333
2.20594	-1.26391
3.99896	-1.2144
0.894905	-0.928615
4.28065	-1.36228
3.1561	-1.37959
3.52985	-0.667004
3.23653	-0.922865
1.05094	-1.34789
1.36915	-1.42695
4.26246	-1.47866
1.57117	-0.616704
1.48353	-1.19384
0.919657	-0.80869
2.62674	-1.49304
2.23584	-0.627237
3.48703	-0.580571
3.60951	-0.599799
3.51456	-0.592415
4.06245	-0.839792
3.41532	-1.49048
1.75859	-1.23933
1.1249	-1.48782
2.0752	-0.976369
2.39091	-0.939516
0.506044	-1.41932
3.00322	-1.48677
2.63992	-1.48237
0.62066	-1.45277
0.651966	-0.613272
2.94515	-1.13132
2.93267	-0.744664
0.966872	-0.977713
1.83675	-1.30435
1.42298	-0.501496
3.65878	-1.34486
2.55358	-0.531307
1.8341	-0.686615
2.08061	-0.720344
1.23222	-0.862345
1.21278	-0.879818
1.1372	-1.26331
1.04284	-0.747515
4.16504	-0.523526
1.37063	-1.34666
1.43705	-1.06462
4.18395	-0.570373
0.60133	-1.41368
1.9458	-0.586617
0.775001	-1.0354
1.44486	-1.00694
4.00149	-0.783317
3.18891	-0.616664
4.43953	-0.662653
0.74996	-1.0807
1.48663	-0.984686
1.4606	-1.05084
0.791058	-1.35883
1.85087	-0.585046
3.36419	-1.26441
4.0255	-1.44603
1.85215	-1.22811
2.81568	-0.520048
4.1764	-0.91301
0.824001	-0.811865
2.79114	-1.28584
1.51844	-0.608727
1.16912	-0.631796
3.53147	-1.48895
4.30697	-1.30328
3.52829	-1.35912
3.43242	-1.12537
2.86808	-1.3991
2.09422	-0.968172
1.53162	-1.36688
3.86279	-1.41022
4.06768	-1.10856
4.12497	-1.06791
3.14594	-1.49732
2.53699	-0.761973
3.38589	-0.645548
2.52662	-0.920677
1.43692	-1.0315
3.84874	-0.678788
1.57584	-1.08728
2.00634	-0.770089
0.631776	-0.956033
2.85788	-0.75445
2.26381	-1.16121
2.08093	-1.17849
2.41702	-1.16746
2.71399	-0.98247
1.66909	-1.19327
2.83976	-0.988283
2.62119	-1.27913
2.4988	-1.09883
2.58436	-1.23504
1.67801	-0.993149
1.04296	-1.36968
1.50721	-1.00918
4.2192	-1.2062
0.992528	-1.07178
2.34741	-0.889701
2.87177	-1.1363
2.63789	-0.853321
3.23718	-1.0389
3.62401	-0.815855
1.24636	-0.572882
2.68876	-1.19137
1.74884	-0.723604
3.25062	-0.719251
2.67462	-1.41915
2.34328	-1.00336
2.09842	-1.48612
4.13824	-1.3083
1.56024	-0.827686
2.48769	-1.43911
1.80499	-0.702752
2.89184	-0.718611
3.98824	-0.728716
4.17748	-0.940733
2.46261	-1.47442
0.99075	-1.10159
0.527867	-0.635848
1.66976	-1.09381
1.18391	-1.48324
2.16185	-0.920441
2.01985	-1.47591
1.94094	-0.898368
0.872244	-0.796964
3.92033	-0.924631
2.88792	-0.665339
1.41141	-0.843484
1.24157	-0.770992
2.41086	-1.48674
3.5489	-1.09094
1.37906	-1.01148
2.14806	-0.625576
1.83559	-1.00391
4.31444	-0.537096
2.49476	-1.06306
3.13514	-0.804382
4.22546	-0.977686
4.29369	-1.28017
3.31688	-0.786327
1.42899	-1.11784
2.99926	-0.683053
1.99245	-0.799969
4.17719	-1.01199
2.45023	-1.23955
0.850156	-1.33193
3.75475	-0.749009
2.05148	-1.38349
4.34603	-0.680372
3.40232	-0.544704
2.74575	-1.29858
2.47371	-1.18624
1.71214	-0.964178
3.47713	-0.679112
0.509673	-1.47359
2.69805	-1.0925
1.55626	-1.39185
1.26296	-1.01
3.32896	-0.679571
3.90419	-0.84827
4.13546	-0.990898
2.79789	-1.46423
2.67114	-1.23826
1.95702	-1.1294
1.47511	-1.20537
3.34066	-1.33082
2.91487	-1.10226
1.92	-1.34913
2.5704	-0.902153
0.72969	-0.603919
3.44355	-0.949733
1.10293	-1.11685
2.56027	-0.672659
0.76841	-0.586522
2.03464	-0.551079
2.99459	-1.01098
1.3536	-1.36777
3.2491	-0.520009
3.75172	-0.766189
2.81882	-1.3226
2.17363	-0.818536
2.933	-0.723695
1.69638	-0.630898
1.5797	-0.730479
1.14119	-1.41903
4.40158	-0.954055
1.40552	-0.640431
3.23302	-1.39662
4.23347	-1.1873
3.96786	-0.845365
4.45623	-0.879588
2.3516	-1.41573
0.925356	-1.38562
3.78903	-1.22587
3.11717	-1.09924
0.580581	-1.18012
2.80866	-1.19136
3.3691	-0.866239
0.913797	-0.896603
1.64033	-0.962373
3.17788	-0.932241
0.636667	-0.537536
2.03755	-0.991943
2.54932	-1.42343
3.10993	-1.44997
4.17973	-0.608152
4.1663	-1.39228
1.21766	-0.595606
3.8954	-0.980507
3.46291	-0.909083
2.38701	-0.506928
3.23264	-0.504087
3.89211	-1.02208
3.45038	-1.23651
1.76484	-0.663191
2.5892	-1.08331
2.04078	-1.40548
3.98688	-1.26562
1.27712	-0.698969
2.73817	-0.894211
1.8263	-0.956171
1.29312	-0.783864
0.809745	-0.886749
3.13916	-1.42576
3.48108	-0.833493
1.32613	-1.43727
0.942994	-1.04612
2.08119	-1.46459
4.19076	-0.834896
0.734376	-2.36129
0.914104	-4.1101
1.47029	-3.5423
0.804427	-4.38787
0.845605	-2.92303
1.28017	-3.66557
0.552867	-0.903813
1.20443	-1.2758
1.01064	-1.17481
1.03591	-1.19305
0.933229	-2.88432
1.07186	-2.19789
1.16462	-1.18361
1.169	-3.11991
0.983401	-2.3887
1.21088	-1.33952
0.651237	-0.978298
1.46927	-4.21312
1.4642	-3.33779
0.671203	-4.44261
0.557439	-2.9506
1.10268	-1.50659
1.15109	-3.32524
1.24847	-3.25392
0.965436	-0.536225
0.865108	-4.2546
1.36588	-2.8638
1.40302	-4.46922
1.0206	-4.31594
1.05456	-1.18842
1.09493	-2.73279
0.795429	-0.728669
0.688123	-3.37906
1.24101	-3.67785
0.882702	-3.60018
0.994697	-1.88354
0.754669	-4.22271
0.771643	-4.18179
1.08599	-1.9553
1.15256	-1.51373
1.05092	-0.58152
1.01029	-1.11714
0.611983	-1.21027
1.18307	-3.27027
1.16803	-2.21748
0.517964	-2.36674
1.31742	-0.716058
1.27332	-0.890448
0.753722	-1.70261
1.15907	-3.66641
1.30576	-3.51046
1.17524	-0.80492
1.14768	-2.26302
0.784301	-1.39986
0.710371	-4.48998
0.86155	-3.18213
1.24254	-1.01818
0.707826	-1.9635
0.700976	-0.943528
0.535031	-1.84707
0.667029	-2.67509
0.774409	-3.86036
1.49167	-2.57786
0.709498	-1.05872
1.26529	-3.24135
1.2583	-2.79645
1.37831	-3.99208
0.816616	-1.43904
0.80294	-3.45702
0.76242	-1.17057
0.620131	-1.98308
1.19381	-0.512032
1.42883	-4.41657
0.608297	-2.91095
0.551025	-1.59421
1.19551	-0.963982
1.27874	-3.20366
1.01749	-3.03505
1.46587	-2.25711
0.939829	-2.30589
1.15825	-3.47842
1.16648	-4.1834
1.37642	-0.826186
0.977225	-3.22346
0.962698	-2.19947
0.586531	-3.38933
1.26234	-4.4637
1.06702	-3.73377
1.42764	-1.23029
0.675878	-2.70675
0.836799	-3.16643
1.39253	-2.21786
0.813075	-1.75075
1.36286	-0.816306
1.29486	-1.71671
1.03737	-2.3442
0.554257	-2.3408
1.33728	-1.04871
1.04037	-3.53388
1.28992	-1.35468
1.39125	-2.47064
0.634548	-2.86763
1.35372	-0.530209
0.701599	-1.06716
1.06507	-2.62908
1.2146	-0.629621
1.0212	-2.28877
0.712217	-0.566215
1.05959	-1.69326
1.32972	-2.93151
0.701877	-0.61352
1.49515	-1.1545
1.42666	-4.20712
0.740781	-1.97227
0.539069	-3.96355
0.703832	-1.43617
0.647788	-0.66568
1.25724	-1.2428
1.20093	-3.64347
1.4336	-4.19138
1.11207	-3.57782
1.0162	-1.18748
1.18215	-4.44723
0.904041	-3.43439
1.03006	-1.56852
0.915893	-2.7499
0.782811	-0.587894
1.34904	-3.15719
1.1096	-0.606475
0.579866	-4.24208
0.79159	-2.42687
1.37463	-3.81482
1.39571	-1.12384
0.540113	-2.34689
1.38944	-0.954875
0.989023	-3.90057
1.1082	-2.35564
1.23766	-4.30627
1.31063	-2.27543
1.4548	-2.82045
0.744669	-1.86647
0.583139	-2.52488
0.605026	-2.74971
0.777231	-4.17676
1.07543	-4.03546
0.962586	-1.86214
0.937956	-3.43797
0.770629	-2.12127
1.07959	-1.22366
1.23302	-1.11497
1.4536	-4.22955
1.4518	-4.16193
0.526167	-1.26214
1.49056	-2.02623
1.35576	-2.87442
1.28798	-0.501265
0.781259	-3.22029
1.06444	-3.60725
1.07412	-1.03657
0.662508	-2.66108
1.43149	-3.99603
0.667882	-2.3673
1.12209	-1.93133
0.519128	-2.91202
1.47235	-1.27006
1.33217	-4.48905
0.966054	-0.545116
1.24791	-2.89636
1.00264	-2.64594
0.811119	-2.07546
0.590156	-1.9459
1.1502	-3.68424
1.0904	-4.15455
0.871417	-4.47697
0.977578	-3.62707
1.17093	-3.62444
1.40555	-2.4834
0.624096	-4.43834
1.05439	-1.83464
1.02113	-0.899472
0.64431	-2.42855
1.03309	-1.14455
1.45357	-2.53044
1.47228	-1.54475
0.603967	-3.04283
1.38531	-1.29198
1.29103	-3.28793
0.680874	-1.45648
0.861242	-1.64405
1.01674	-3.98859
0.569106	-2.52202
1.17803	-2.36462
0.776444	-1.52892
1.35435	-3.5709
0.747108	-4.01657
0.598671	-2.38805
1.2444	-4.01899
1.25825	-0.580704
0.549144	-3.19819
1.2922	-1.46159
1.25408	-4.44679
1.30462	-4.37032
1.4972	-3.26974
0.779938	-3.94222
0.904884	-2.39444
1.2517	-3.63902
1.47757	-0.845943
0.580782	-3.32109
0.717469	-3.80483
1.10904	-3.20413
0.801348	-1.17771
0.763101	-3.23561
0.583932	-4.0632
1.27156	-4.4316
0.973979	-2.32561
1.03471	-1.82774
1.47351	-0.877073
1.09225	-3.834
0.861813	-3.75836
1.32985	-3.98572
0.661849	-0.523282
1.11033	-2.03921
1.18615	-3.98208
0.766617	-3.18243
0.543402	-1.57612
1.12149	-2.02629
1.07424	-2.93863
1.03615	-2.98678
0.697725	-3.45629
1.40004	-3.42194
0.547812	-3.93904
1.35039	-4.11481
1.34407	-2.96959
0.667514	-4.1847
1.39622	-3.3839
0.708751	-2.26213
1.08253	-2.50952
0.77456	-1.46108
0.930995	-2.63796
1.12946	-3.5503
0.917542	-2.94572
0.67572	-1.38266
0.50957	-2.71471
1.31027	-2.66636
0.692125	-4.25622
0.512305	-3.5126
1.43423	-1.99684
0.543836	-3.4967
1.33009	-3.14897
1.09193	-3.7329
1.226	-2.90737
1.21361	-1.25572
1.0954	-1.1688
0.682605	-3.46209
1.3988	-1.67855
1.4353	-1.72398
0.729817	-4.0849
1.0959	-2.57947
1.03319	-1.46894
1.31693	-3.06202
0.702641	-0.908078
1.47815	-2.83023
0.932008	-1.13591
0.557079	-3.93785
1.00982	-1.84327
0.692825	-3.76725
0.994658	-0.692773
0.695814	-2.97132
0.772366	-2.92014
0.633951	-3.98024
0.670304	-1.81569
1.07046	-1.79581
0.981147	-4.02383
1.25784	-2.51933
0.684669	-3.56669
0.62849	-1.1695
0.602715	-1.82761
1.12875	-4.20033
0.885122	-1.97779
1.04157	-2.58898
1.40211	-3.32025
0.680612	-2.56635
0.765613	-3.23819
1.14369	-1.41415
1.31548	-3.66266
1.34239	-4.02312
1.45476	-4.28018
0.783597	-1.39011
1.143	-2.21423
0.898191	-2.41575
1.15039	-3.15858
0.805783	-3.04535
1.37191	-2.5235
0.509581	-1.15954
0.99801	-4.17858
1.24363	-3.98086
0.795912	-3.44565
0.97997	-1.78136
1.18392	-4.15067
0.937305	-1.01043
0.724073	-1.48124
0.943915	-2.08625
0.799176	-4.03764
0.852995	-2.17192
0.501237	-3.628
1.26466	-1.73972
1.19549	-1.03686
1.15144	-2.22573
0.738856	-0.544637
0.911242	-1.68251
0.994841	-2.06969
0.709532	-0.648819
1.33423	-3.06282
1.04954	-2.89543
1.36562	-3.0872
1.36615	-3.04311
0.767342	-1.06164
0.922328	-2.27711
1.32573	-1.94738
1.15094	-2.86794
1.44255	-1.2102
1.28903	-2.94641
1.30216	-2.63414
1.36188	-0.845191
0.871588	-3.93027
0.69671	-4.06824
0.628056	-4.19017
0.505235	-4.13711
1.09967	-4.26205
1.04294	-1.26374
1.0062	-2.40101
1.06591	-2.27267
0.65302	-2.38995
1.1462	-2.22107
0.874397	-1.92563
1.09139	-3.45894
1.29694	-4.10808
1.22114	-1.35825
1.47128	-4.45889
1.11604	-2.52162
0.752036	-2.2443
1.24801	-3.59147
0.675126	-3.91264
1.19881	-2.20226
1.30714	-0.643165
1.08037	-4.47273
1.40072	-3.50609
0.502384	-0.603257
1.31664	-0.520625
1.38963	-4.38645
0.602211	-1.90763
0.882284	-1.36341
1.00603	-4.27295
1.39567	-4.21901
0.975463	-4.29971
1.41912	-1.3879
0.826528	-1.44184
0.958247	-2.92764
0.531096	-1.48388
0.76242	-3.72039
1.21424	-4.09394
1.27521	-2.73358
1.08899	-1.29833
0.618103	-2.20914
0.823661	-0.547252
0.830351	-3.56289
0.511983	-3.54135
0.932223	-3.67313
0.625834	-3.80194
1.36134	-3.43406
0.772347	-1.85158
1.24652	-2.29812
0.619304	-1.47423
0.63847	-1.83613
1.02189	-4.11821
1.43365	-2.77422
1.34726	-1.28287
1.12785	-1.70389
1.2188	-0.951114
0.862833	-3.89533
1.24428	-2.11674
1.05654	-0.599953
1.22802	-0.904927
1.12623	-3.01108
1.41827	-3.27126
1.10052	-2.70744
0.678084	-0.595749
0.779234	-1.25541
0.669718	-2.39359
0.724446	-4.42047
1.47722	-1.12665
0.791515	-2.33217
0.523716	-1.34483
0.884261	-4.40408
0.814645	-2.56459
1.25176	-2.69402
1.22776	-2.6965
1.38945	-2.12824
1.45474	-2.52628
0.634205	-2.36101
0.612389	-3.81879
1.32387	-2.52691
0.538701	-4.40454
1.16231	-3.91326
1.01952	-1.58867
1.38076	-3.92334
0.551132	-3.3919
1.45974	-4.16586
0.917256	-4.4551
1.47331	-2.13892
0.562175	-4.07772
0.506978	-1.84048
0.985381	-4.13936
1.23588	-4.18871
0.679198	-1.47969
1.13249	-3.35162
0.972481	-2.09162
0.609676	-2.49498
0.747922	-1.67595
1.07829	-3.58289
1.21769	-2.62419
0.597179	-3.04825
1.4256	-1.30019
0.742719	-3.42934
0.827715	-4.39845
0.768102	-3.19629
1.36879	-0.733875
1.45419	-3.42631
0.967821	-1.66223
1.0481	-4.21479
1.17469	-4.32746
1.12002	-3.04213
0.967886	-2.69398
1.2329	-1.20183
1.0976	-1.71389
1.4992	-3.46225
0.776404	-2.08051
0.65882	-2.14985
0.981227	-1.25716
1.48069	-3.12544
1.19785	-4.49988
1.44785	-4.27936
1.11386	-2.66684
0.676819	-1.25246
0.989114	-4.23062
1.06067	-0.533043
0.746805	-2.7339
0.55053	-0.988201
1.18751	-2.66957
1.43797	-3.90189
1.29277	-1.96275
0.650829	-1.54001
0.617644	-3.15068
0.555426	-3.90864
1.0305	-1.88723
0.963503	-1.87669
0.683228	-3.96658
0.634996	-4.04739
0.630906	-1.78347
1.1492	-4.08838
0.70703	-0.692754
0.795127	-1.56495
0.619511	-1.97157
0.750896	-2.95724
1.07633	-1.82982
0.850538	-2.64305
0.750746	-2.04103
0.884044	-1.8608
1.11074	-3.61855
0.669289	-0.907127
0.87738	-1.93016
1.43446	-4.48362
0.735289	-3.00937
0.967734	-3.79688
1.03139	-3.8169
1.2463	-3.17565
0.918149	-1.83617
1.27802	-0.956008
0.546123	-1.71155
1.44777	-2.50022
1.30111	-2.14694
0.683308	-1.72114
1.251	-0.929409
0.590848	-2.86435
0.936253	-1.86982
0.544182	-3.86871
0.676157	-1.45284
0.529594	-2.54959
1.15926	-2.73599
1.11781	-3.28705
1.4762	-1.839
1.49252	-3.47381
1.3241	-2.18449
1.44849	-4.13956
1.34771	-1.55101
0.782813	-1.33388
1.08795	-4.343
1.37368	-4.19967
1.02831	-0.611967
1.28402	-1.31429
0.653408	-3.84301
0.696031	-1.80709
0.777123	-2.60779
0.903494	-4.36787
1.08376	-2.15765
1.38676	-3.43006
0.639024	-2.64775
0.906969	-1.41782
1.22932	-2.44484
0.809804	-3.18265
0.74206	-2.8901
0.607856	-3.41397
1.20583	-3.87908
0.631067	-3.58055
0.506351	-1.94149
1.28575	-1.12188
1.18824	-2.63575
1.27811	-2.16405
0.572653	-0.569261
1.44531	-1.44
1.23291	-0.96387
0.825815	-1.21949
0.628146	-2.41555
0.949816	-1.45328
0.530008	-4.33682
1.4564	-2.52676
0.842172	-4.39973
1.31088	-2.32445
0.826545	-2.93981
0.758483	-3.87153
0.552706	-1.0773
1.1314	-4.33185
0.99783	-4.08493
1.3788	-0.553358
1.34916	-1.53752
0.946114	-0.669303
0.511568	-1.97825
1.29399	-3.19141
0.974227	-2.38087
0.869687	-0.684095
0.773161	-1.91125
0.766493	-2.4643
0.501399	-0.547595
0.71925	-1.36798
0.712988	-1.66378
1.35533	-0.569662
1.31354	-0.768215
0.917723	-1.9735
1.41585	-0.676777
1.20096	-2.34085
1.09807	-2.2556
1.23726	-3.96782
1.42023	-4.15277
0.684906	-4.4003
1.37684	-2.95293
0.767373	-2.06439
1.4152	-0.930044
0.740658	-2.39526
1.41378	-0.838798
0.701679	-0.751954
1.09504	-2.7945
0.674905	-1.98258
0.696472	-4.20131
0.702492	-2.73269
1.16222	-1.79365
0.683495	-1.61736
0.542272	-1.1433
1.28699	-1.62596
1.42513	-4.05053
1.41921	-3.25109
0.641895	-0.87249
0.86056	-2.19572
1.08722	-2.59515
0.64306	-1.39235
1.30383	-1.85595
1.31304	-1.15641
1.33279	-1.35638
0.518315	-2.40032
0.716095	-3.51641
1.41708	-2.764
1.20916	-1.54053
1.49894	-3.67087
1.09639	-3.0678
1.49042	-3.90965
1.15885	-3.50986
1.17014	-2.51514
1.49567	-0.753192
1.28817	-3.87544
1.16446	-1.90239
0.514366	-3.63428
1.02375	-3.187
0.969861	-3.51389
0.699961	-0.780631
0.737436	-4.36681
1.01215	-0.851135
0.631444	-0.73888
1.35137	-1.18295
0.89544	-2.06471
1.45523	-4.09916
1.29307	-0.636413
1.32969	-3.84689
1.35268	-3.08009
1.1187	-0.586493
0.510323	-1.00334
1.22852	-1.34249
1.36273	-2.29995
1.17404	-0.89928
1.35909	-2.33277
0.548249	-0.669131
1.42071	-4.40289
0.839651	-4.05585
0.71293	-4.26621
1.1382	-1.87314
1.2925	-2.35059
1.32619	-3.98539
0.769513	-3.6796
0.66669	-2.23632
0.503516	-2.12603
1.30108	-2.23676
1.4005	-3.29704
0.913585	-3.30863
1.37212	-1.22044
1.34185	-1.52452
0.750338	-0.653332
1.37	-3.35817
-0.654636	-0.770109
-2.61538	-1.35749
-3.88106	-1.47567
-2.60146	-1.06453
-2.03702	-0.641527
-1.19165	-0.692181
-0.603696	-0.761497
-1.4563	-0.830564
-3.38887	-0.542378
-2.82911	-1.1996
-2.01474	-1.44097
-4.06701	-1.10985
-0.892758	-1.14868
-3.50328	-1.07381
-3.38042	-0.720244
-1.89929	-0.901038
-1.10765	-0.650607
-1.80124	-1.47711
-1.68496	-0.648511
-0.614914	-1.05131
-2.51063	-0.820817
-3.0752	-0.859183
-2.7249	-0.59343
-2.20061	-1.337
-3.29545	-0.747293
-4.2285	-1.40159
-4.08354	-0.716937
-1.48005	-0.74202
-3.65143	-0.51497
-4.04406	-1.39212
-3.38308	-0.803994
-2.15631	-1.08266
-0.953031	-1.13223
-1.94477	-1.21438
-1.38991	-0.532471
-0.911286	-1.25985
-0.87996	-0.549254
-4.1197	-0.852242
-0.51022	-0.683698
-0.873033	-0.555879
-3.82564	-0.921178
-3.61687	-1.29354
-3.11609	-1.14929
-2.16482	-1.10902
-0.929463	-1.15472
-2.7948	-0.517749
-0.928162	-1.43933
-3.52588	-1.19828
-1.34548	-0.554354
-1.7756	-0.688244
-0.849518	-0.74156
-1.19753	-0.680706
-3.22945	-1.23684
-3.70169	-1.04744
-3.34283	-1.42445
-2.10784	-0.835527
-0.755762	-1.43073
-3.72356	-0.596189
-2.33616	-1.11494
-4.28243	-0.799838
-3.36938	-0.534064
-2.13628	-1.13914
-2.88854	-0.720159
-4.4132	-1.35221
-1.56021	-0.512593
-2.48364	-1.29425
-3.90267	-0.980065
-1.71649	-0.867797
-3.08844	-0.700877
-4.1273	-0.584945
-0.618972	-1.37399
-1.77729	-0.965267
-3.95952	-1.19568
-2.2526	-0.597707
-0.911448	-0.692741
-1.32168	-1.36219
-3.49672	-1.33751
-1.19401	-1.46358
-1.27273	-1.12465
-3.07378	-0.840437
-1.11719	-1.31529
-3.07551	-1.0723
-1.20485	-0.818121
-0.637705	-0.659099
-2.26337	-0.627468
-2.06747	-0.912889
-2.99968	-0.541867
-3.95102	-1.38411
-1.60001	-0.906208
-2.80742	-1.48459
-2.01209	-0.776575
-2.6243	-0.569901
-0.510282	-0.913214
-1.21893	-0.559707
-4.14893	-1.29404
-2.53846	-1.10181
-1.83693	-1.35304
-2.51499	-1.33469
-3.69565	-1.41723
-2.9119	-1.31444
-0.583393	-0.7123
-0.636011	-0.836763
-3.09864	-0.587605
-0.813012	-1.16043
-3.17008	-0.569324
-4.07328	-1.46445
-0.748342	-1.49823
-3.50055	-0.943966
-4.21535	-1.37651
-2.74143	-1.13854
-4.15086	-0.507571
-0.671084	-1.29966
-3.78234	-0.599333
-4.47065	-1.1635
-0.606963	-1.41654
-1.31223	-0.862312
-1.57912	-0.796483
-4.38554	-0.795946
-2.667	-0.845028
-1.94033	-0.937846
-3.48086	-0.589932
-1.64174	-1.37825
-3.8302	-1.2646
-2.04271	-1.2804
-0.630259	-0.732776
-3.19199	-0.671061
-2.54283	-0.548052
-3.11425	-0.906899
-4.17901	-1.31697
-3.92512	-0.613152
-4.08991	-0.548882
-4.35246	-1.21377
-1.60115	-0.7912
-1.32016	-1.46044
-3.37838	-1.39847
-2.2199	-0.590684
-3.0055	-1.34891
-1.6685	-1.0751
-1.19564	-1.18728
-3.65221	-1.25782
-0.844018	-1.48887
-1.0312	-0.817513
-1.66866	-0.725067
-1.49416	-1.44382
-4.27977	-0.765973
-1.26368	-1.27023
-2.13415	-0.967808
-1.17715	-1.03682
-1.89958	-0.726481
-1.16452	-0.523317
-0.554141	-1.43322
-3.81225	-1.20568
-3.77428	-0.877917
-1.59732	-0.975746
-2.99506	-1.41181
-1.20547	-1.31678
-3.94695	-0.651865
-3.4718	-0.512445
-2.88492	-0.552763
-3.79566	-1.28911
-4.38426	-0.543857
-3.09101	-1.48952
-2.60026	-0.643432
-3.53999	-1.31672
-4.37455	-0.706478
-2.34921	-0.5914
-2.52485	-0.76895
-3.66414	-0.585493
-3.54746	-1.40299
-4.3596	-1.13667
-1.94358	-1.30063
-4.02938	-0.980379
-2.35784	-1.43933
-1.56949	-1.27138
-1.48635	-1.07921
-3.56953	-0.705956
-4.4551	-0.658059
-4.19999	-1.0188
-1.75701	-0.691665
-3.86433	-1.00616
-0.863382	-0.782623
-3.75028	-1.28564
-0.846732	-1.24432
-1.21306	-1.28431
-1.1043	-0.872158
-4.30633	-1.37315
-2.47585	-0.954196
-2.10586	-0.771591
-1.64036	-0.945086
-4.47748	-0.625261
-0.607274	-1.39635
-4.203	-1.32749
-3.16215	-0.716294
-2.81298	-1.21969
-2.01901	-1.18783
-2.21188	-1.1585
-0.520767	-1.26149
-3.3783	-1.16534
-3.07287	-0.890311
-0.853654	-0.698811
-1.23203	-0.553179
-0.977049	-1.15543
-1.54983	-0.978061
-2.71837	-0.960967
-0.937225	-1.02676
-0.518764	-0.923165
-1.46128	-0.738659
-3.32369	-1.33227
-1.01809	-0.860436
-1.61168	-0.992459
-1.56189	-1.48056
-1.42061	-0.763004
-1.25395	-1.09272
-3.89994	-0.609125
-2.97582	-1.47072
-1.84327	-0.696967
-1.52842	-0.590714
-3.64854	-1.47496
-3.60629	-1.28184
-0.776153	-0.752942
-3.94914	-0.501825
-3.39458	-0.73255
-4.28284	-1.3352
-3.64639	-0.860126
-4.04779	-0.733222
-3.67156	-1.48504
-1.79877	-1.09535
-3.15813	-1.35362
-2.72313	-1.37733
-1.27702	-0.608372
-3.95195	-0.538202
-2.28215	-1.01887
-4.01122	-1.16175
-3.53379	-1.02474
-3.72602	-0.849031
-0.581005	-1.49747
-0.746172	-1.30844
-1.40106	-1.40479
-1.05457	-0.965678
-0.953552	-1.30685
-1.43093	-1.32121
-0.734641	-0.980479
-3.55866	-1.00948
-1.5717	-0.87849
-4.4952	-1.37517
-4.2713	-0.79025
-0.573511	-0.721318
-1.82525	-1.09238
-3.20188	-0.547236
-4.27272	-1.111
-0.753699	-1.11936
-3.06878	-1.49269
-2.01531	-1.45698
-3.65674	-1.45424
-0.541761	-0.549135
-3.34411	-0.982974
-4.06959	-1.13595
-2.20158	-0.777616
-3.95261	-1.21973
-0.645089	-0.952619
-0.654313	-0.854071
-4.38768	-1.09964
-3.45982	-0.609639
-1.63879	-1.12045
-4.33932	-0.941278
-4.21781	-0.849787
-1.01619	-1.43349
-3.11108	-0.961317
-3.97493	-1.19687
-3.50868	-0.995321
-3.49679	-1.13193
-1.50014	-0.837874
-2.64486	-0.634637
-2.48385	-0.645303
-3.9843	-0.698856
-3.20847	-0.993919
-3.68806	-0.894228
-2.55415	-1.40186
-1.3008	-0.780117
-2.56408	-0.848326
-1.87946	-1.40829
-2.73976	-0.87915
-1.66772	-0.653398
-1.05443	-0.58087
-0.637133	-0.627145
-3.50787	-0.981244
-2.12802	-1.24899
-3.79266	-0.512785
-0.84827	-0.557768
-3.47329	-1.18507
-0.599367	-1.32957
-1.32041	-1.3216
-1.69777	-0.54429
-1.86489	-0.811357
-3.74879	-1.14304
-3.78079	-1.47967
-0.734269	-0.524974
-1.17356	-0.933867
-4.45373	-0.726388
-3.33736	-1.25678
-2.03257	-1.47616
-3.62373	-1.44818
-3.03246	-0.669588
-3.08239	-1.05959
-2.16314	-1.4124
-3.12622	-0.958612
-2.7442	-0.946884
-2.21332	-0.774209
-4.42194	-1.04138
-2.20488	-0.979789
-0.638363	-0.749203
-2.474	-1.15443
-1.51823	-0.675172
-4.23781	-0.750545
-2.40715	-1.36592
-3.84565	-0.703897
-3.06782	-1.1896
-2.63873	-1.31919
-4.06021	-0.547349
-2.325	-0.804604
-1.74549	-1.40995
-3.43352	-1.04575
-0.66476	-0.967507
-2.74938	-1.04786
-1.4035	-0.807325
-3.69202	-0.887941
-3.67749	-0.507317
-4.21885	-1.0001
-1.20412	-0.917892
-0.834104	-0.556325
-0.682665	-1.49946
-1.22674	-0.765488
-4.27336	-1.15023
-1.79914	-1.07244
-2.44577	-1.41932
-2.5168	-1.26232
-4.11465	-0.728727
-0.681555	-1.49348
-4.4815	-0.912392
-2.05358	-1.32683
-2.89744	-1.15161
-4.17786	-1.41812
-0.839259	-1.13411
-4.13552	-0.944483
-3.18404	-1.41363
-0.620134	-1.30736
-0.981953	-1.08842
-2.09286	-1.07885
-1.36377	-1.00192
-3.41049	-1.37686
-0.855782	-0.843338
-4.18473	-1.18612
-4.0341	-0.872281
-1.37983	-0.762681
-4.14632	-1.04668
-1.43848	-1.30458
-3.68237	-0.675082
-1.12277	-0.717125
-3.99935	-0.701903
-4.49968	-0.684385
-2.33451	-0.805995
-0.902269	-0.955709
-3.00297	-1.32919
-4.26207	-0.797023
-2.46421	-1.24796
-1.10206	-1.44764
-2.97409	-0.66301
-3.57613	-1.375
-1.24039	-0.75213
-1.1775	-0.588928
-3.60546	-1.35543
-4.47526	-1.0732
-1.94891	-1.27156
-2.97969	-0.640742
-3.36714	-0.737495
-3.04149	-0.578435
-2.55157	-1.16148
-3.17507	-1.14824
-3.484	-1.36987
-3.53838	-0.529379
-0.64601	-0.97985
-1.70849	-1.06668
-3.13535	-1.13138
-2.11315	-1.21026
-4.48616	-0.931462
-4.4597	-1.22324
-0.923923	-0.502008
-1.09167	-0.56987
-4.17129	-0.628089
-1.82146	-1.16279
-2.30452	-1.17286
-2.02949	-0.849826
-4.23651	-0.674823
-2.66846	-0.986671
-3.93103	-0.832738
-2.45959	-0.584889
-0.727797	-0.61352
-0.853095	-0.798436
-2.48442	-0.646103
-2.79412	-1.16978
-2.21492	-1.30131
-2.48861	-1.34424
-4.24367	-1.01586
-0.932403	-1.38137
-2.34	-0.66577
-1.82005	-0.513439
-2.73348	-0.918492
-4.01316	-1.05176
-1.84839	-0.919534
-2.02296	-1.31557
-1.12868	-0.51592
-0.721625	-1.02585
-0.846785	-1.25819
-0.535258	-0.914919
-0.742386	-0.801928
-2.68406	-0.855085
-1.34412	-1.45812
-0.994774	-1.44086
-1.31582	-0.565339
-2.86355	-0.539412
-2.57749	-1.17952
-2.22116	-1.06817
-2.87025	-0.556237
-2.33805	-0.755184
-2.58608	-1.17783
-3.35657	-0.624922
-2.82011	-1.20395
-3.17754	-1.17811
-1.28704	-0.627065
-3.46849	-0.757456
-2.72464	-1.1578
-3.84717	-0.528674
-1.70953	-1.14637
-2.99996	-0.856957
-1.89121	-0.729476
-2.66727	-1.36006
-1.61737	-1.45491
-4.47552	-0.631136
-0.803026	-0.541062
-0.743108	-0.792737
-1.90942	-1.21558
-3.54318	-0.54878
-3.86597	-1.27259
-2.19801	-1.37484
-3.90231	-0.7259
-1.96272	-1.24792
-3.73275	-0.954939
-1.053	-0.687793
-3.70322	-1.27899
-1.8062	-1.18988
-2.88745	-1.27827
-2.61602	-0.741106
-2.23051	-1.18669
-2.01994	-0.713895
-2.03027	-1.42163
-0.650945	-1.4489
-1.5481	-0.602654
-1.45111	-0.82788
-0.980562	-1.36071
-2.89977	-0.685594
-3.94966	-0.997178
-3.65887	-0.701774
-0.65624	-0.872614
-1.04228	-1.06519
-4.31086	-0.7091
-3.42052	-1.44765
-4.43029	-1.39289
-4.46413	-1.09378
-2.08486	-0.978017
-3.37116	-1.42513
-1.78245	-0.794229
-3.50735	-1.10047
-2.03499	-1.25405
-3.50916	-0.776067
-0.659155	-1.06355
-1.51451	-0.599028
-1.99112	-1.33236
-0.667013	-0.874709
-1.73976	-1.19271
-0.593095	-0.632025
-2.99392	-1.2845
-2.22434	-0.531188
-0.730202	-0.855485
-0.755937	-1.30499
-2.73206	-0.562
-2.82139	-1.25319
-2.66278	-1.30739
-3.78861	-1.46629
-2.40926	-1.13892
-1.48134	-0.600664
-3.53332	-1.45062
-2.70814	-1.2404
-4.25543	-1.40722
-3.364	-1.20681
-3.89979	-1.48865
-2.88026	-1.11196
-3.41596	-0.938307
-1.87946	-0.5504
-1.08625	-1.43902
-3.49686	-1.15286
-2.42289	-1.33395
-3.86831	-1.23315
-3.63729	-0.861242
-0.791941	-1.14693
-2.56743	-1.12392
-0.67749	-1.26466
-2.18341	-0.794374
-0.522661	-1.40602
-3.21193	-0.861306
-3.39086	-1.34005
-4.38362	-0.965874
-1.08448	-1.48812
-4.49398	-0.787409
-0.514354	-1.05403
-1.19483	-0.546689
-2.8791	-1.29582
-1.13913	-0.723058
-2.79929	-0.600295
-1.12212	-0.933087
-2.98156	-1.40567
-1.33073	-1.38938
-4.2216	-0.617268
-3.78092	-0.835333
-1.07135	-1.12791
-1.35508	-0.729035
-0.722699	-1.22402
-1.28109	-0.775503
-4.17962	-1.24753
-4.35363	-1.16685
-4.02533	-1.31294
-2.59425	-0.822756
-2.81972	-0.626951
-1.30393	-0.769788
-2.15034	-0.563513
-3.04738	-1.36173
-1.92731	-0.597883
-3.56655	-0.513029
-3.20608	-0.684611
-1.00871	-1.39755
-3.0966	-0.8632
-0.558628	-0.852361
-1.3238	-1.16356
-2.0382	-0.968924
-3.97271	-1.39076
-3.08914	-1.26999
-3.31771	-1.2774
-1.07016	-0.58258
-1.01735	-0.544624
-3.04752	-1.34477
-3.36859	-1.3221
-3.68468	-1.09679
-4.22558	-1.32768
-2.59882	-0.777034
-2.05077	-1.4051
-3.83813	-0.646507
-1.68504	-1.48101
-3.15328	-0.852504
-4.10982	-1.17855
-3.67815	-0.632795
-2.24814	-1.21341
-0.773013	-1.30682
-4.33019	-1.37416
-2.76722	-1.21056
-4.34774	-0.773972
-1.42486	-0.755421
-0.72633	-0.806055
-4.33302	-0.641186
-1.51809	-1.4296
-0.601687	-1.48994
-1.18255	-1.36584
-4.22347	-1.37519
-0.831643	-0.535516
-4.44653	-1.20626
-2.07347	-1.01786
-3.03925	-1.05149
-1.19079	-0.788961
-4.26037	-1.4356
-1.08408	-1.23193
-2.0248	-0.94158
-0.917205	-0.549117
-3.24679	-0.601747
-1.98993	-0.510677
-2.24903	-0.564484
-4.15044	-0.622896
-0.769839	-1.06259
-1.72675	-0.602972
-1.47828	-1.37939
-0.56805	-1.40146
-2.88411	-0.766706
-0.502923	-1.29843
-1.60431	-1.35632
-1.95435	-1.49423
-2.71775	-1.25752
-4.1972	-1.40933
-1.79124	-1.24053
-1.29947	-0.857189
-0.763115	-1.24988
-0.888337	-0.79629
-4.44545	-1.41897
-4.01981	-1.20637
-0.707091	-0.716505
-1.47101	-1.23805
-0.602506	-0.609654
-1.50036	-0.979768
-2.17011	-0.817519
-2.24987	-0.765153
-3.93895	-0.629814
-0.981856	-0.702484
-2.25903	-1.47025
-3.23843	-1.14539
-3.85518	-1.00783
-3.9917	-1.09707
-4.2223	-1.20917
-1.79734	-1.38111
-2.59615	-0.62196
-1.02319	-0.822634
-1.13034	-0.679681
-2.14878	-0.855374
-1.4512	-1.15729
-0.943116	-0.813989
-1.20087	-0.856534
-1.72482	-1.25763
-3.45885	-1.34208
-1.33349	-1.06922
-1.88268	-0.599495
-0.57201	-3.56235
-1.24712	-1.75799
-0.760113	-2.31486
-1.13562	-1.02064
-1.03548	-1.11177
-0.673577	-3.88991
-1.01022	-0.704425
-0.957875	-1.79842
-1.21722	-3.82355
-1.01327	-2.94445
-0.744601	-2.12617
-1.15247	-1.46541
-0.917233	-2.55535
-1.28792	-1.57623
-0.777996	-1.87361
-0.589588	-2.28857
-0.714012	-3.40274
-1.06105	-0.594875
-0.726663	-3.49774
-1.21957	-1.77414
-0.855478	-4.12355
-1.37908	-1.98368
-1.43594	-0.715448
-1.45452	-3.86963
-1.31024	-0.944259
-0.715847	-3.96488
-1.48666	-3.75788
-0.795406	-3.87608
-1.49139	-3.88364
-0.852016	-1.3631
-0.840299	-0.745386
-1.40952	-3.20073
-0.855485	-3.05837
-0.504202	-3.96081
-0.709241	-1.97642
-0.764089	-1.11998
-0.701483	-1.33158
-1.20983	-1.37582
-1.33707	-2.1834
-0.714266	-3.96922
-0.51454	-1.53321
-1.4192	-2.29676
-1.47612	-3.9892
-0.829153	-3.708
-1.12025	-1.07024
-0.683924	-0.856876
-0.944023	-2.18308
-1.08036	-1.95018
-0.564412	-4.32246
-1.0706	-1.13106
-1.07628	-0.605854
-1.16721	-3.07627
-1.27013	-3.30517
-0.926751	-1.55741
-0.953554	-2.6462
-1.13076	-4.38118
-1.28831	-1.282
-1.36444	-3.49141
-1.08906	-1.24796
-0.608943	-3.37653
-1.06152	-3.96282
-1.2433	-0.834755
-0.795538	-1.14693
-1.20301	-1.17483
-1.20311	-3.25443
-1.42039	-4.15387
-0.591968	-0.738068
-0.533007	-3.20642
-0.781248	-3.61152
-0.750197	-1.61494
-1.44553	-2.64465
-1.37731	-1.5806
-0.713425	-4.20042
-1.4143	-3.68981
-1.2043	-2.23514
-0.838126	-3.16151
-0.844013	-3.37616
-1.06036	-1.06818
-1.02682	-4.43369
-0.768387	-1.61961
-0.884455	-1.6674
-0.940128	-3.4584
-1.27191	-2.85758
-0.841003	-0.962381
-1.25786	-3.14708
-1.03034	-0.788219
-0.903665	-2.49834
-1.04572	-0.507159
-0.922978	-1.16054
-0.568102	-2.81849
-0.742169	-3.57163
-0.662695	-2.67945
-0.62205	-0.718502
-1.4022	-0.664872
-1.22354	-1.36474
-1.3272	-1.99016
-1.02324	-2.32121
-1.37473	-2.32014
-0.98641	-1.68417
-1.47801	-0.778896
-0.800581	-2.09691
-1.2858	-3.60013
-0.766522	-2.79244
-0.527203	-1.66746
-1.25318	-1.55514
-0.973609	-3.00741
-0.982498	-1.68777
-1.03239	-2.63507
-0.895066	-4.39548
-0.614524	-0.989419
-0.567555	-2.45083
-1.44261	-2.30895
-1.30659	-1.19254
-1.17004	-3.0093
-0.99865	-2.90502
-0.591451	-2.43901
-1.39564	-4.47799
-0.939617	-1.92291
-0.864304	-1.46964
-1.04951	-3.49048
-1.4499	-2.26518
-0.959722	-1.43739
-1.05112	-2.16452
-0.957682	-3.80027
-1.38779	-1.29993
-1.12148	-1.68975
-1.2227	-1.70087
-0.633322	-4.23571
-1.01595	-0.967425
-1.15896	-3.63084
-1.44159	-3.04289
-1.0355	-3.82532
-1.25669	-1.63572
-0.848142	-3.70046
-1.02822	-4.18113
-1.39811	-3.59935
-0.623015	-2.82021
-1.32056	-4.45385
-0.659152	-2.54218
-1.08805	-0.937041
-1.35619	-2.19952
-0.70256	-2.32226
-0.94403	-3.02125
-0.704957	-3.46021
-0.71439	-2.47739
-0.723814	-2.3125
-1.26201	-4.08025
-1.08921	-0.785748
-1.19167	-2.30718
-0.797137	-2.64073
-1.43671	-1.8724
-1.3452	-3.7944
-0.670364	-1.09076
-1.11809	-3.85352
-1.39967	-2.45313
-0.824157	-0.520928
-1.31642	-2.72703
-1.21819	-1.44947
-0.849741	-2.76397
-1.44732	-0.788366
-0.968956	-0.778489
-0.699042	-2.45384
-1.16553	-2.61875
-0.730982	-3.31019
-0.912313	-4.47013
-0.561571	-0.679578
-1.07065	-1.65054
-0.805476	-1.60824
-0.741619	-3.32954
-1.31928	-2.51924
-1.38235	-2.28842
-0.845226	-1.21618
-1.42592	-1.9918
-0.83167	-0.552767
-1.43784	-1.67978
-0.503954	-3.49141
-0.842453	-4.38794
-1.4264	-0.614969
-0.916138	-1.26995
-1.36865	-1.71228
-0.860766	-4.32325
-1.09706	-1.29975
-0.579655	-0.744686
-1.00378	-2.72552
-0.849068	-0.80053
-1.11407	-1.11589
-1.12964	-3.93523
-0.73006	-4.2558
-1.26568	-3.06954
-0.936795	-2.33112
-1.3002	-3.94138
-1.32026	-1.18963
-0.746522	-4.4816
-0.945722	-3.01356
-1.2963	-4.15719
-0.657945	-3.84601
-1.17525	-0.912584
-1.03932	-2.17019
-0.758656	-2.43052
-0.838089	-0.772827
-0.895687	-2.23929
-1.09205	-3.74807
-0.692135	-4.32099
-0.805734	-4.27271
-1.00922	-4.44632
-0.908519	-3.72114
-1.22104	-3.30839
-1.45687	-1.58672
-0.506195	-2.7088
-0.851837	-1.5871
-0.670165	-1.15563
-1.33735	-0.854043
-0.721251	-1.18729
-1.39782	-2.50937
-1.38948	-3.6194
-0.57587	-4.04526
-0.613601	-3.94019
-1.05837	-3.30362
-1.04503	-4.04774
-1.15434	-1.5139
-1.47623	-1.76477
-1.13335	-0.667054
-1.27612	-3.16051
-0.928304	-2.57321
-0.729553	-4.02344
-1.46116	-4.19887
-1.00094	-0.644947
-1.35609	-2.43637
-0.729587	-3.26451
-0.875171	-1.46725
-1.36875	-2.60686
-0.95529	-2.37887
-0.566872	-2.40725
-0.733228	-0.903464
-1.25001	-0.65779
-0.875208	-2.07095
-1.26725	-2.17504
-0.566007	-1.20191
-1.36421	-0.827248
-1.36792	-0.805563
-1.48981	-0.585795
-1.19148	-1.95939
-1.4128	-3.27828
-0.842569	-3.39122
-0.953773	-2.66587
-0.627267	-2.62083
-1.47314	-3.52877
-0.507592	-3.72543
-0.976231	-2.34074
-0.726691	-1.10005
-1.0897	-3.58979
-0.890918	-2.99422
-0.808774	-2.61614
-0.716803	-1.49664
-1.33289	-1.94098
-1.05525	-0.925813
-1.41815	-3.68636
-1.35481	-3.77641
-0.741484	-2.83845
-0.805238	-2.50219
-1.35974	-2.15139
-0.742438	-2.41831
-0.858646	-3.47745
-1.06548	-1.16015
-1.08995	-3.21323
-1.00072	-2.84323
-1.40622	-4.34147
-1.09914	-3.20221
-0.776142	-2.1836
-1.0071	-2.50501
-1.49054	-1.63924
-0.896872	-2.26828
-0.916426	-2.73442
-0.874594	-0.617559
-0.560646	-0.76376
-1.30974	-2.81339
-0.837666	-1.95124
-1.19481	-1.65516
-0.713463	-4.00666
-1.1619	-2.68379
-1.4897	-3.63642
-1.26683	-3.49184
-0.551404	-1.99466
-1.15807	-4.07784
-1.25451	-1.56606
-0.637493	-1.26311
-0.752327	-3.11104
-1.15235	-0.841218
-1.28395	-3.49716
-0.923859	-3.84548
-0.760291	-0.811673
-1.19276	-4.13017
-0.963003	-2.36929
-1.13063	-3.94105
-0.835577	-2.19787
-1.3584	-4.47298
-1.30603	-2.79258
-0.787277	-3.57803
-0.584771	-3.33067
-0.985683	-2.29306
-1.46276	-2.64968
-1.4501	-2.76256
-1.47758	-4.44903
-0.735161	-2.18818
-0.632034	-3.55658
-1.33135	-1.4476
-0.715023	-4.39045
-0.731752	-4.26926
-1.23531	-3.23549
-1.36198	-0.758684
-0.721776	-4.04088
-0.937303	-3.65624
-1.06658	-2.69593
-1.12372	-0.535902
-1.21272	-3.70944
-1.46158	-3.30295
-0.78265	-4.26436
-1.22092	-2.48096
-0.891483	-4.39768
-1.3313	-4.25751
-1.41738	-3.11802
-1.45932	-1.15884
-1.43711	-4.11792
-0.921835	-3.18102
-0.841637	-0.719284
-0.883868	-0.85422
-1.49306	-3.76204
-1.1858	-3.30175
-1.05284	-1.99429
-1.09061	-3.30225
-1.34518	-2.68119
-1.44075	-1.97445
-1.44441	-4.14322
-0.933455	-2.96894
-0.626337	-2.32658
-1.18636	-2.36277
-0.52696	-1.93507
-0.686163	-4.35707
-0.690814	-1.21795
-1.43809	-0.670956
-0.54842	-3.38394
-0.647508	-3.27256
-1.42385	-4.01824
-0.852581	-3.62289
-1.08197	-1.14263
-0.567238	-3.56537
-0.822547	-3.50368
-0.962421	-2.74514
-0.747038	-2.22256
-0.77136	-4.00926
-1.13505	-4.02244
-1.43813	-1.04008
-1.34629	-3.99093
-1.19397	-3.18554
-0.962848	-2.05615
-0.745009	-4.30645
-1.13943	-0.787975
-0.559909	-2.78932
-0.921412	-0.775724
-1.34125	-4.3221
-0.850904	-2.55266
-0.572897	-2.65803
-1.10344	-3.31162
-1.36011	-0.827094
-0.814191	-3.93895
-1.15498	-0.621535
-1.08401	-2.32588
-1.32478	-0.675676
-1.34553	-2.95572
-1.38051	-2.7582
-1.1865	-2.44318
-1.06414	-2.90134
-0.821869	-2.32949
-0.61657	-3.59768
-1.49006	-0.721216
-1.08762	-1.12419
-0.67485	-1.65155
-1.17918	-2.23709
-1.23513	-1.77926
-1.37646	-4.03415
-0.554521	-3.07194
-1.12175	-0.834979
-1.48265	-2.32243
-1.15873	-3.4742
-1.36977	-1.77341
-0.871709	-1.13824
-0.786225	-1.51521
-1.32838	-0.688817
-0.501386	-4.23936
-1.45087	-1.57593
-1.1782	-2.61691
-1.16199	-1.3043
-0.893886	-1.42401
-1.01729	-2.9419
-1.20414	-3.31248
-0.993292	-1.97847
-0.896898	-3.83632
-1.02156	-2.00627
-0.74464	-0.61717
-0.567275	-3.77821
-0.808889	-3.77869
-1.39449	-1.16566
-1.41169	-2.98784
-1.29804	-1.95077
-1.03136	-0.938649
-1.12212	-2.42824
-0.867438	-4.46594
-1.04187	-3.13268
-1.10262	-1.27739
-0.764154	-2.58459
-0.775635	-1.75482
-1.43314	-1.33166
-1.45095	-2.22644
-1.49239	-0.586507
-1.47131	-1.37991
-0.943675	-3.46322
-0.999837	-1.19874
-0.801001	-1.5879
-0.726203	-3.88833
-0.752375	-1.1381
-1.24565	-3.05771
-0.615602	-0.509602
-0.81444	-3.99404
-1.44801	-3.33526
-1.10488	-4.44176
-1.2881	-2.90293
-0.553901	-2.87129
-0.582804	-2.09923
-1.0584	-2.56584
-0.837331	-0.785083
-1.00379	-0.534767
-1.04557	-3.20669
-0.810364	-4.18647
-0.784795	-3.16628
-1.34114	-3.68082
-1.46734	-3.66921
-1.30983	-1.54794
-1.09418	-3.76857
-0.516513	-3.73464
-1.464	-3.37348
-1.08209	-2.09468
-1.11904	-1.45562
-1.23069	-3.38098
-1.49849	-3.5305
-1.31119	-3.06872
-1.29538	-1.22494
-0.542499	-3.37898
-1.18209	-4.22946
-1.0851	-2.70118
-1.35177	-2.28275
-0.559695	-3.00659
-1.49612	-2.11954
-1.1397	-1.70212
-0.886516	-4.1913
-1.20867	-4.01762
-1.19801	-4.05912
-1.09613	-3.62992
-0.593607	-1.85909
-1.04159	-1.09494
-1.47412	-1.61665
-0.928702	-4.20303
-1.05252	-2.69733
-1.0086	-4.1903
-0.913561	-3.48229
-1.41226	-3.41087
-0.943492	-2.59051
-0.614376	-3.10071
-0.803606	-3.47966
-1.49376	-2.89678
-0.519092	-3.526
-0.759603	-1.07155
-0.770581	-1.57389
-0.929192	-4.36366
-0.871403	-2.60223
-1.49409	-0.830721
-0.662646	-2.90201
-0.900483	-2.27754
-0.506081	-1.90335
-1.14982	-1.12292
-1.17745	-2.35017
-1.3015	-1.24308
-1.10846	-1.76002
-0.783893	-2.14209
-0.666325	-3.99126
-1.18891	-1.31354
-0.540123	-0.99115
-1.04314	-1.17554
-0.726092	-2.64366
-1.01677	-3.36086
-0.841974	-1.53574
-0.777652	-1.56308
-1.11729	-1.81355
-0.985321	-1.80307
-1.48665	-0.551849
-0.834079	-3.77169
-1.0694	-4.12481
-0.940617	-0.622085
-1.14438	-2.0898
-1.38167	-4.46184
-0.712753	-3.55419
-1.04058	-2.0107
-0.787546	-0.620551
-0.979339	-4.40319
-0.618715	-2.22941
-1.43108	-0.704742
-0.660449	-3.31776
-1.04619	-2.20589
-0.899543	-3.98003
-1.02132	-3.28649
-0.7083	-2.50696
-0.85601	-2.22446
-0.97946	-1.26196
-1.35263	-4.2488
-0.859397	-1.34554
-0.93649	-0.761787
-1.18528	-3.58284
-0.832891	-1.29614
-1.27534	-0.604797
-0.64607	-3.63802
-0.614924	-4.13797
-1.01461	-4.10145
-1.40224	-1.82095
-0.725499	-2.38413
-0.799461	-4.31738
-1.12828	-0.99186
-1.02175	-2.7713
-1.2992	-0.567828
-1.3902	-1.33008
-0.603814	-1.38466
-0.923882	-1.81929
-0.619093	-4.10867
-1.00893	-2.56213
-0.777122	-4.46
-0.690727	-4.03653
-0.555303	-3.51954
-1.48691	-2.74002
-1.19129	-2.46353
-1.35292	-2.10152
-1.33761	-0.63096
-0.530765	-2.8002
-0.880302	-4.08954
-1.42964	-2.54007
-1.02568	-1.93888
-1.31527	-3.18107
-0.559362	-3.95447
-1.10237	-1.96587
-0.964247	-1.79869
-1.15153	-3.26054
-0.937208	-2.20852
-0.570795	-2.44289
-0.854309	-1.1264
-0.524205	-0.751637
-0.540324	-2.45189
-0.797899	-3.48959
-0.7863	-2.21307
-1.107	-3.76738
-1.39736	-1.20908
-1.17543	-2.54141
-0.788839	-2.30573
-1.00126	-1.47345
-1.29231	-0.799457
-0.629436	-1.91916
-0.931751	-2.52225
-1.3007	-3.41985
-1.35676	-1.62572
-0.831202	-2.37168
-1.18603	-1.35339
-0.975963	-3.60212
-0.70549	-1.75952
-0.71095	-1.37054
-0.77305	-2.62319
-0.915314	-4.43176
-1.17076	-0.930859
-1.49632	-1.33328
-1.4626	-3.15368
-0.795449	-4.31439
-1.13239	-3.17906
-0.984703	-2.77208
-1.08771	-1.98214
-1.0338	-0.541091
-0.564562	-3.75678
-1.0452	-2.82947
-1.06028	-2.9167
-1.22914	-3.29707
-1.30621	-1.47995
-1.42094	-1.56333
-0.792077	-0.951714
-0.740145	-1.23483
-1.43558	-2.70105
-1.33332	-3.02321
-1.40319	-3.90272
-1.20461	-1.39615
-1.00182	-4.15456
-1.44232	-3.55466
-0.756181	-2.49985
-1.24339	-3.42818
-0.941236	-3.52897
-1.3854	-2.41377
-0.521522	-2.97637
-0.613298	-2.98324
-1.2568	-2.63428
-1.3793	-1.44378
-0.822479	-2.36564
-1.18049	-1.95227
-1.05694	-0.905505
-1.45129	-3.76397
-1.18743	-4.04287
-1.23731	-2.69723
-1.31467	-0.833241
-1.48969	-3.63847
-0.690947	-3.43974
-1.00033	-4.30024
-1.10986	-2.55188
-1.25405	-1.98582
-0.540168	-4.49018
-1.422	-2.35097
-0.876211	-2.24738
-1.39992	-4.08989
-0.547642	-2.16283
-0.621544	-2.83037
-1.10089	-1.15194
-1.47642	-4.46284
-1.38575	-2.4692
-0.828049	-2.62207
-1.05154	-4.36779
