0.707527	0.488134	0.511009	
-0.205276	0.183579	0.961333	
0.481074	0.702358	-0.524654	
-0.636679	0.237052	-0.733789	
-0.343356	0.893786	-0.288535	
0.908815	0.00470945	0.417173	
-0.733501	-0.596463	0.325895	
-0.645875	0.315148	0.695361	
-0.885492	0.0944084	-0.454962	
-0.210908	0.788441	0.577822	
0.902506	-0.354645	0.244355	
-0.561463	0.787942	-0.252796	
0.499968	0.777106	-0.382281	
0.0485937	0.0575456	-0.99716	
0.968387	-0.188467	-0.163423	
-0.529679	-0.836103	0.14273	
-0.424699	-0.674878	0.603466	
-0.525603	0.199575	-0.826989	
-0.231676	-0.860635	-0.453469	
0.694466	0.507277	-0.510281	
0.797252	-0.473257	-0.374723	
-0.768487	0.627933	0.122993	
-0.155862	0.983454	-0.0923307	
0.6438	0.489527	0.588119	
-0.102233	-0.852572	-0.512513	
0.958101	-0.256614	0.127251	
0.716446	0.577553	0.391328	
-0.987784	0.123373	-0.0951911	
-0.860322	0.460514	0.218572	
0.964897	-0.25537	-0.0613244	
0.516562	-0.763621	-0.387358	
0.537704	-0.124726	-0.833857	
-0.525488	0.543891	0.654252	
0.468997	-0.706738	-0.529682	
0.434737	0.806868	0.39996	
-0.28486	-0.706067	-0.648324	
-0.213033	-0.928846	-0.303087	
-0.75378	0.635968	-0.16541	
-0.57912	0.718887	0.384475	
0.500506	-0.121517	-0.857162	
0.760526	0.295056	-0.578396	
-0.29272	-0.581361	-0.759167	
0.747088	-0.207886	-0.631382	
0.783531	0.422564	-0.455542	
0.372295	0.263563	-0.889905	
-0.671277	0.673554	0.309374	
0.897187	0.36047	0.25518	
0.404468	-0.220275	-0.887629	
-0.160583	-0.824088	0.543223	
-0.467986	-0.657672	0.590303	
-0.887943	-0.356611	-0.290492	
0.700003	-0.323551	-0.636639	
0.238092	0.966716	-0.0936561	
0.45912	-0.186193	0.868643	
-0.155319	0.405597	-0.900759	
-0.715325	-0.477901	-0.509824	
0.161331	0.734654	0.658981	
-0.218849	0.955633	0.197157	
0.501453	0.864105	0.0432216	
-0.599023	0.782716	-0.168898	
-0.865576	0.0910957	-0.492422	
-0.244258	-0.912488	0.328182	
0.272951	-0.200929	-0.940811	
0.630324	-0.311851	0.710943	
0.174739	0.281136	0.943625	
-0.639265	-0.628608	-0.442937	
0.862943	0.47569	0.170438	
-0.301235	-0.937191	0.17587	
0.0367487	-0.390733	0.91977	
-0.00739363	-0.945468	-0.32563	
-0.204926	-0.421884	0.883187	
0.908796	-0.0812359	-0.409257	
-0.32605	0.274942	0.904488	
0.896074	-0.320523	-0.307109	
-0.764355	0.64224	-0.0573474	
-0.276906	0.913536	-0.297952	
0.119477	0.326034	-0.937778	
-0.920439	0.0408954	-0.388741	
-0.0696503	-0.906658	-0.416077	
-0.415438	0.491491	-0.765407	
-0.912697	0.346905	0.215966	
0.737841	0.265526	0.620554	
-0.298247	-0.871115	0.390138	
-0.965805	0.159475	-0.20442	
0.482127	0.440387	0.757372	
-0.473735	-0.556954	-0.682186	
0.632469	-0.503983	-0.588205	
0.405174	0.705181	-0.581853	
-0.388545	0.916086	0.0990915	
0.885181	0.163093	-0.435724	
0.487166	-0.243165	0.838773	
0.104207	0.811132	0.575504	
0.455865	0.200878	0.867084	
-0.97834	-0.202701	0.041984	
-0.327193	0.939957	-0.097086	
0.546941	0.774371	-0.318126	
0.221076	-0.763025	0.607386	
-0.559359	0.287516	-0.777465	
-0.872625	0.482089	-0.0782054	
0.252937	-0.593723	-0.763882	
-0.646891	-0.229358	-0.727274	
0.0104571	-0.957943	0.286768	
-0.197844	-0.943442	-0.266034	
-0.680591	-0.647344	0.343134	
0.770085	0.616457	0.164165	
-0.249901	-0.70155	-0.667366	
-0.744591	-0.539732	0.392777	
0.0228846	0.710431	0.703395	
-0.748466	-0.650123	-0.130915	
0.266149	-0.732966	-0.62604	
0.106689	-0.943533	-0.313628	
0.797851	0.361596	-0.482371	
-0.208142	-0.942101	-0.262911	
0.790209	-0.31362	-0.52651	
0.665646	-0.716833	-0.207523	
-0.32956	0.346615	-0.878207	
0.0719497	0.613767	-0.786202	
-0.960954	0.0515589	0.271863	
-0.465185	0.782075	0.414682	
-0.0457987	-0.501187	-0.864126	
-0.468832	-0.846898	0.250919	
0.925796	0.25646	0.277722	
-0.996541	0.0277057	-0.078351	
0.293126	-0.897758	0.328796	
0.0709208	-0.106451	0.991785	
0.990725	-0.0513641	0.125804	
0.926368	0.19576	-0.321745	
0.946804	0.146361	0.286602	
-0.211569	0.782895	0.585077	
-0.803896	0.549121	0.228511	
0.13499	-0.968285	-0.210243	
-0.282276	0.958535	0.0391233	
-0.752984	0.548742	0.363177	
0.384008	-0.725456	-0.571184	
0.660945	-0.511047	-0.549529	
-0.703432	-0.698796	-0.129876	
0.618084	0.137282	0.774032	
-0.40269	0.292105	0.867476	
0.559874	0.810614	-0.171601	
-0.357597	0.721157	0.593344	
-0.530784	-0.843323	-0.0841093	
0.932995	-0.127735	-0.336458	
0.428208	0.893948	-0.132271	
-0.983541	-0.114469	0.139798	
0.932243	0.361009	-0.024392	
-0.50742	0.335102	-0.793871	
-0.766617	-0.623302	-0.154248	
-0.629538	0.706768	-0.32274	
0.824756	0.0388235	-0.564154	
-0.458945	0.87744	0.139528	
0.979654	-0.163586	-0.116265	
0.339169	-0.691823	0.637452	
-0.924223	-0.182432	0.335455	
0.0327381	0.0560066	-0.997894	
0.908743	-0.0343566	-0.415939	
0.540001	-0.789652	0.291287	
-0.968839	-0.22289	0.108036	
0.235396	0.838866	-0.490809	
0.601443	-0.711327	0.363705	
0.491635	-0.86858	-0.0621628	
0.311148	-0.899184	0.307661	
-0.886745	0.372435	-0.273817	
-0.904527	0.238545	0.353451	
-0.690921	0.221228	-0.688249	
0.956474	0.078056	0.281186	
-0.194832	0.917031	0.347988	
0.859211	0.511562	0.00777596	
0.616137	-0.760445	-0.205178	
-0.617321	-0.471874	-0.629484	
-0.69678	-0.558267	0.450372	
-0.83541	0.312518	0.452131	
0.824018	0.0075732	0.566513	
-0.160834	-0.958588	-0.235037	
-0.090268	-0.599682	-0.795131	
-0.0544376	-0.12591	-0.990547	
-0.76779	0.0981373	-0.633141	
-0.973381	-0.216378	-0.0755698	
-0.336504	-0.0631081	0.939565	
0.319116	-0.854844	0.409155	
0.223437	-0.891766	-0.393484	
0.988631	-0.0796061	0.127557	
-0.292238	0.946009	0.140228	
-0.901279	-0.199785	0.384425	
0.463404	0.606449	0.646124	
0.857092	0.158768	0.490089	
0.239956	0.38889	-0.889486	
-0.361734	-0.859697	-0.360652	
-0.296563	-0.707292	0.641707	
-0.99203	-0.119114	0.0410866	
0.559423	-0.658571	-0.50332	
0.997418	0.0612862	0.0374391	
-0.560934	-0.061738	0.825555	
0.382351	0.137556	-0.913721	
0.627787	-0.490999	0.603989	
-0.478113	0.458666	-0.749021	
-0.811131	-0.330804	-0.482323	
0.500246	-0.686316	-0.527944	
0.711937	0.67299	-0.200575	
0.054923	0.997301	0.0487207	
-0.287333	0.939783	0.185059	
-6.7535	1.55477	5.7422	
-4.16159	-1.22533	7.88541	
-7.79646	-2.23687	3.9002	
-7.3373	-4.90951	-1.74952	
-0.787029	2.54753	-8.59597	
-7.4625	3.1123	-3.9528	
5.70743	3.06597	6.247	
5.0437	-0.172287	7.45194	
-6.47404	1.78614	-5.99137	
6.12277	3.14855	5.79641	
-4.44088	-0.522341	7.81062	
4.8318	2.34776	-7.22092	
-2.17404	-8.67036	1.04802	
3.97191	5.15028	6.22082	
7.7663	2.56492	-3.75577	
4.81862	4.33949	6.24097	
1.39531	-6.75709	5.77882	
-3.29774	3.15939	7.7552	
6.90306	4.83714	3.15435	
-1.55969	7.92577	-3.96857	
8.94677	0.91696	-0.338369	
2.36817	5.73865	-6.51611	
-3.49275	-6.28073	-5.41786	
2.674	7.77655	-3.65718	
1.12171	6.08928	-6.53165	
1.0838	6.4325	-6.20067	
-0.0291091	8.96528	0.78922	
-1.57089	3.74237	-8.03287	
-2.58087	-4.75616	7.19153	
-5.72306	-5.12735	-4.68582	
4.58248	-7.63699	1.2951	
-0.522316	-8.75514	-2.01858	
6.96488	-5.63555	-0.854998	
8.1755	-2.87214	-2.43146	
3.31232	-3.6254	-7.54222	
1.49483	6.22339	6.32732	
-5.07163	4.88337	-5.60636	
5.30685	-1.63574	7.08249	
-0.468865	-8.96846	0.588944	
8.37052	-2.5364	2.12157	
3.07877	-7.60774	-3.6937	
-5.16484	6.67288	-3.13003	
6.27883	3.75552	-5.24141	
7.16752	2.5607	-4.80306	
0.787003	-8.80527	1.68756	
-0.14031	-8.38504	3.26672	
-2.85173	7.55694	3.96993	
-1.80463	-1.02076	-8.75793	
0.463118	7.90926	4.26955	
-5.2203	7.3281	0.217723	
8.2353	2.87659	2.21475	
2.80985	6.62142	5.40939	
8.82495	1.75749	0.177561	
-8.8704	-0.0496216	1.52103	
-7.53372	1.7861	4.58834	
-6.39771	-1.38911	6.17573	
-4.51594	-7.2285	2.89051	
0.793327	5.24121	7.27327	
-5.08374	-3.4655	-6.56855	
1.57118	2.9928	8.34113	
-0.0229847	7.98378	4.15436	
8.23674	-1.22531	3.4139	
-2.35359	-7.00578	5.13611	
-1.29396	-2.83745	-8.44243	
0.380443	-8.82808	-1.70888	
7.28982	2.88993	-4.41665	
6.92654	4.65747	3.36617	
-4.79067	7.30275	-2.17241	
2.44466	8.33924	-2.3411	
-4.30494	-7.87153	0.711725	
4.91582	4.30065	6.19186	
6.66828	0.0798394	6.04381	
-1.48248	-7.45092	-4.82557	
2.82636	-1.0427	8.48083	
-6.58914	-4.37554	4.29394	
-5.9569	6.74428	-0.17332	
3.63301	-7.44512	-3.51731	
4.05084	-4.58448	-6.601	
-8.68112	2.37236	0.0999366	
4.5104	-7.44727	2.27914	
-6.85937	5.82326	0.19665	
5.47506	0.761735	-7.10236	
-6.68863	0.580509	-5.99377	
7.34146	-5.09123	-1.08736	
4.44184	1.23	-7.73027	
1.46907	0.101921	-8.87871	
0.0457005	0.594948	-8.9802	
5.24393	6.33791	-3.65132	
-7.4238	5.08382	-0.204747	
5.08942	-7.37737	-0.819897	
7.22097	2.86754	-4.54255	
-5.86012	6.53877	1.97571	
-0.917999	-7.55818	4.79908	
1.8102	7.4192	4.76221	
3.82075	7.58176	-2.98643	
2.18334	7.56904	4.35232	
8.97877	-0.163745	-0.595678	
3.02537	-7.14404	-4.56177	
6.14675	-6.46832	1.17401	
-1.65713	3.75141	-8.01129	
7.14298	2.51689	-4.86242	
3.22919	-4.02758	-7.37231	
6.22161	-1.60819	-6.30121	
4.5187	-0.620449	-7.75863	
-4.90027	2.51156	-7.11895	
-3.57292	-0.162253	8.25881	
3.33469	1.01219	8.29791	
1.12968	-7.6919	-4.53414	
7.68128	1.78263	4.33821	
-3.04911	-7.44673	-4.03102	
-5.30391	-6.02151	-4.07553	
-1.95579	4.26641	7.67936	
-6.88056	2.59409	-5.18927	
4.83129	1.8931	7.35356	
1.85579	-8.34413	-2.81631	
5.45498	-6.57176	2.83817	
-3.68414	-6.30751	-5.2576	
-5.19729	5.25665	5.13379	
7.9163	1.01493	4.15958	
-8.12341	-2.63226	2.84278	
-8.81858	-1.28045	1.26218	
2.8035	0.589852	8.53185	
0.0371876	7.97969	-4.16212	
-6.26021	5.94644	-2.5396	
7.84721	3.77031	-2.28167	
3.56827	7.40824	3.65861	
0.395923	-1.68747	8.83152	
-0.562082	5.36291	7.20578	
-7.63691	2.82562	-3.83321	
5.30059	-0.0810649	-7.27304	
-8.99595	0.0955623	-0.252322	
-0.210921	-0.857435	8.95658	
-3.68183	-3.16857	-7.57656	
-6.64969	-5.5514	2.44204	
-8.24693	1.28877	3.3656	
-8.71139	-1.68318	-1.50949	
5.09469	-2.31263	7.04953	
5.58785	-4.24642	-5.63417	
7.32098	0.837019	-5.16746	
4.65449	3.12803	-7.03926	
5.64026	-4.9147	-5.00332	
-2.21746	8.20291	2.96565	
-6.07382	5.68891	3.42711	
0.778187	8.86775	1.32569	
2.48137	-3.9806	7.68099	
6.89437	5.25141	-2.42702	
5.45355	1.6546	6.96571	
-8.07469	3.27257	2.25601	
-2.23965	-6.2025	6.12479	
-0.641596	6.9437	5.68977	
0.253137	-7.20589	-5.3862	
-4.73784	7.52182	1.40538	
-8.75725	-0.768593	1.9287	
4.97123	-7.0894	-2.45505	
-7.18531	-5.23135	-1.41575	
3.92624	-7.74489	2.36672	
1.13443	-6.69709	5.90441	
7.84344	4.21285	1.31622	
-6.22542	-6.19795	1.95693	
4.9111	-2.09234	-7.24591	
7.57218	2.36577	-4.25033	
-4.9715	-0.368721	-7.49321	
-6.68509	2.85349	-5.30728	
4.98227	-4.29009	6.1459	
-3.11714	-2.96251	-7.90614	
-3.52931	-6.29198	5.38098	
0.04005	-5.85867	-6.83186	
2.1912	3.94268	-7.78806	
5.48453	1.54549	6.96645	
1.2485	6.29659	-6.30826	
-7.4166	-3.52398	-3.6845	
1.68154	-8.80664	0.78452	
-7.78513	3.08947	3.29347	
-2.53053	-2.41359	-8.29283	
-2.24821	-4.29775	7.58122	
1.11192	-6.69011	5.91659	
3.31602	5.56132	-6.25106	
-2.0642	-8.34544	2.66323	
2.88555	8.46332	1.02263	
1.36385	-1.58857	-8.75308	
1.73647	-0.897393	8.78518	
-5.13376	-2.42995	-6.98139	
-4.29507	3.28402	-7.19497	
-0.145662	1.9163	8.79242	
-2.66866	-2.17224	8.31623	
-4.53437	-2.51343	7.35678	
-0.548038	-3.83277	8.12462	
-8.81983	-0.59365	1.69062	
-5.36186	-7.1156	-1.27227	
5.27302	1.36968	-7.16374	
3.16568	8.36293	-1.01974	
6.21453	-3.09658	-5.72633	
-8.96421	-0.33773	-0.727199	
-1.99473	7.44935	-4.63986	
-4.84696	5.19212	-5.5271	
0.96609	2.29239	-8.64937	
0.278719	-7.60117	-4.81088	
-0.0594876	2.9606	8.4989	
-4.67414	-7.41913	2.02706	
0.430903	-3.1577	8.41684	
0.292354	8.94558	0.944005	
-3.60407	-4.18145	-7.10818	
4.72324	-5.87002	-4.92279	
-4.6506	-6.71845	-3.77285	
8.85872	-1.53226	-0.418579	
3.46344	-0.391952	8.29765	
3.40302	7.45547	3.71961	
5.3036	1.61667	7.0893	
-0.901868	-3.17985	8.37109	
7.64819	-1.31145	4.5591	
0.829497	-4.50073	-7.74954	
-7.31475	0.193897	-5.23993	
2.83371	-7.90113	3.24689	
5.22837	-7.30205	-0.586644	
-3.39736	8.13213	1.82384	
-4.69705	7.5997	-1.0873	
-1.24961	5.07507	-7.32681	
-1.50769	6.56806	5.96552	
4.95182	-6.83509	-3.12426	
0.08089	3.55319	-8.26851	
-6.37782	-2.41134	5.87442	
-3.20519	-2.39546	-8.06154	
-8.82712	-0.345285	-1.72126	
-5.00608	-4.05233	-6.28632	
-7.97356	-3.41599	2.39861	
6.75786	-3.18498	5.01868	
2.17916	-2.46901	-8.37587	
1.46025	8.87724	-0.249528	
-2.09718	1.7093	8.58371	
-6.93598	-3.56642	4.49142	
-7.05889	5.17861	2.08664	
2.33652	6.43809	5.83881	
-2.11974	-4.43259	7.54048	
6.13309	4.04469	5.19863	
-0.629297	-8.96752	-0.433095	
-3.92361	6.87661	4.2799	
-1.14342	-4.0142	7.97363	
-5.98246	6.63084	-1.11451	
5.59754	0.957794	-6.98213	
6.77302	-1.81557	-5.6418	
0.0473985	2.86756	8.53082	
-5.76374	-6.62177	-1.98278	
7.93733	0.975681	-4.12878	
-0.453986	-4.21406	-7.93949	
-4.28939	2.62075	-7.46544	
8.20407	-1.00074	-3.56255	
-6.65642	-4.07712	4.47987	
8.8245	-0.683892	1.63108	
-3.68833	7.92051	2.1591	
-2.04884	1.14282	-8.68885	
6.55179	-6.05177	1.20422	
-8.02316	2.8929	-2.87404	
1.10333	-3.81929	-8.07438	
4.57703	-5.06325	5.86637	
6.26952	3.94482	5.11189	
-3.01718	4.81435	-6.97987	
-8.64507	2.48439	-0.300974	
-6.05701	-5.15037	4.21738	
0.929135	-8.88057	-1.12788	
-7.09377	5.53691	-0.145055	
-5.4191	-3.32268	6.37127	
-2.12237	-4.39381	7.56241	
5.37031	-2.73327	-6.68499	
0.659757	-5.10019	-7.38599	
-3.21656	5.84851	6.03728	
-7.11529	3.71516	4.07066	
3.14556	3.0394	7.86559	
1.81188	6.26239	-6.2048	
6.09268	-6.60629	-0.485947	
4.59269	-3.88606	-6.69371	
-6.36088	3.03752	-5.59577	
-7.18262	2.88074	-4.5947	
-7.08157	3.54427	-4.27662	
-5.27168	4.52406	-5.72209	
-6.96899	-2.80876	-4.9542	
8.06814	-3.06065	2.55687	
-4.50475	0.954822	7.73276	
-4.93198	4.56556	5.98592	
-2.19176	3.18056	-8.12897	
-3.08301	-3.48247	7.70503	
-2.18947	-5.87734	6.4547	
-7.6559	-4.64384	0.906603	
-2.89217	7.85466	-3.30751	
-5.39682	-5.01128	-5.17314	
-0.319089	6.73779	5.95822	
-8.23584	-0.703813	3.56029	
7.94991	4.21809	0.0818596	
2.63736	4.79089	-7.14785	
8.33909	-2.94188	1.67478	
-7.3515	-0.272133	5.18473	
-8.40121	3.01242	1.15975	
-7.4585	-1.17527	-4.89792	
5.91093	-5.78887	-3.54258	
7.98611	3.40914	2.36639	
-6.54556	4.52206	-4.20792	
-6.87332	4.41055	3.78212	
-3.13489	-0.552223	8.41828	
3.07963	-3.20193	7.8271	
8.61715	2.35077	-1.1039	
2.45893	-8.45278	-1.87194	
-8.26164	1.7181	3.12945	
6.10747	1.69705	6.38896	
1.12202	7.76725	-4.40578	
4.51017	4.7595	-6.16486	
-3.5066	0.026467	8.28873	
7.20781	-1.62719	5.13807	
0.235834	8.19612	-3.71053	
8.26136	-3.56964	0.0871841	
6.83692	-5.59513	1.71786	
2.83382	7.27245	-4.48118	
-7.45799	1.29151	4.86933	
2.24797	8.24572	-2.82041	
7.79748	3.55731	-2.74677	
6.59553	-6.05951	0.883974	
-3.81923	4.43261	6.83853	
3.63434	7.21524	-3.96634	
-2.48871	8.11125	3.00232	
6.40296	-5.15007	3.67137	
5.547	7.029	-0.90778	
-2.20459	8.0006	-3.48285	
7.0007	-2.67251	-4.98477	
-1.14919	-8.38399	3.06399	
2.62313	5.44823	6.66603	
-0.176433	-8.9896	-0.394889	
-8.7892	1.85351	0.56083	
2.58622	3.73926	-7.7672	
6.0545	6.35741	1.98151	
-2.75466	8.48154	1.21464	
0.477964	-6.54224	-6.16204	
-8.34054	3.26895	0.865677	
-4.58088	-6.78071	-3.74666	
-3.98766	-4.08497	-6.95784	
2.22075	8.142	-3.12667	
-8.22268	1.45911	-3.35538	
-4.21914	6.9879	3.79053	
-7.28148	-1.99163	4.90035	
3.57818	-7.96851	-2.16783	
-2.55517	4.9971	7.03563	
-5.56538	7.0596	-0.434338	
2.56445	8.6135	0.48085	
-3.19511	0.752009	8.38008	
4.16479	4.9842	-6.22994	
-6.03709	6.36403	2.01311	
-2.11124	2.38202	-8.41835	
5.70795	-2.57556	-6.46419	
7.32212	-2.97852	4.30291	
-2.90301	-4.35259	7.32308	
7.21374	4.85924	-2.31295	
0.695192	7.71398	-4.58381	
-6.18128	-1.14683	-6.44023	
5.78898	-4.11607	-5.52682	
-5.95645	6.7191	0.611887	
-3.07627	-7.14141	4.53176	
1.90579	-2.53312	8.42326	
2.61152	0.843173	8.57141	
6.84853	3.46414	-4.70078	
0.104735	3.22038	-8.40346	
6.69783	0.529289	-5.98824	
4.01022	0.937536	8.00245	
1.65418	-5.61403	6.83713	
5.2348	-6.73988	-2.85848	
8.18255	3.6492	0.853889	
-0.34101	2.49518	-8.64047	
-2.97261	-6.78494	-5.11156	
-2.93939	-7.71199	-3.58959	
-6.49839	6.21955	-0.296944	
8.1468	-1.65253	-3.44946	
3.88439	2.06716	7.85101	
-7.25646	2.50666	-4.69685	
-6.74352	5.33828	-2.65098	
0.782703	1.00143	8.9098	
-4.69201	-2.40019	7.29548	
-4.99287	6.47459	-3.76178	
-5.6102	1.63857	6.84403	
0.196976	1.03313	-8.93834	
-2.99216	8.41793	1.08877	
-1.44003	-8.65112	-2.02102	
7.91529	1.9213	-3.82842	
-5.45348	4.73298	5.372	
4.96732	-4.19419	-6.22371	
8.31961	3.38572	-0.566528	
-2.77883	-8.13331	2.66972	
-3.72177	-1.85196	-7.9824	
-0.954336	-8.94868	0.102217	
-6.90487	-4.78249	3.23273	
-2.51892	4.61557	-7.30421	
-5.57964	-3.29672	-6.24494	
-2.30117	-6.94317	-5.24376	
-4.86181	-7.56281	-0.408379	
6.46335	-6.12224	1.32032	
-8.16825	-2.26788	3.02264	
-2.44718	7.08891	4.97582	
-3.51168	-1.03868	8.22127	
5.5465	-2.15551	6.75205	
3.29613	6.86195	-4.80096	
-6.81682	5.71091	-1.38433	
-2.54763	-1.9669	8.40481	
8.84548	-1.63678	0.280082	
-7.74844	1.92307	4.15493	
1.40356	-4.35841	-7.74818	
2.20616	5.32739	6.91027	
-1.68489	6.77115	5.68443	
8.50213	2.94789	-0.154027	
-8.99018	-0.140104	-0.396358	
-4.31704	6.92098	-3.80304	
-0.0439085	-8.06645	3.99129	
5.43494	-6.40935	-3.22207	
-8.4069	1.61195	-2.77949	
3.7485	-7.58626	3.06552	
-0.512238	7.1055	5.49996	
-7.88507	2.8753	3.24937	
0.611155	8.87585	-1.35856	
4.31814	6.56075	-4.39434	
-5.75301	-6.07158	3.32246	
-1.86322	7.2474	-5.00036	
-4.86024	-7.2989	-2.02586	
8.28802	2.24243	-2.6982	
-6.54628	3.7736	-4.88939	
-4.19091	0.105939	7.96399	
0.238343	-7.52414	-4.93259	
-5.08172	-5.18756	5.31652	
-2.78291	8.14543	-2.62818	
-5.05912	-5.9023	4.53521	
-0.474917	-8.44015	3.08843	
2.43968	0.615005	8.64117	
7.77564	3.27937	3.12813	
-2.10243	-5.50994	-6.79856	
7.03875	5.3963	1.52839	
0.713088	-7.91158	-4.23066	
8.32046	-2.75457	2.04506	
-5.62066	0.766697	-6.98716	
8.92289	0.863512	0.797757	
8.66418	2.33684	-0.68642	
5.95459	0.567215	-6.72466	
1.55976	4.60928	7.57111	
2.05381	2.97819	-8.24089	
5.79861	3.99927	-5.60196	
-2.17018	6.6003	5.72069	
-6.73085	1.91663	-5.65881	
-2.56127	-6.22283	5.97631	
6.65186	3.83407	4.69603	
-3.58815	-5.65592	6.0113	
-3.71864	-5.84597	-5.74424	
5.50484	6.07163	-3.71916	
-0.322759	2.52005	-8.63395	
5.55219	-6.74743	-2.15531	
5.6427	-6.42139	2.81526	
0.579661	-0.0471265	8.98119	
3.28309	-4.11404	7.30041	
4.91002	7.48571	0.925105	
-7.03988	-5.18686	2.12994	
-8.17692	-3.19642	1.98013	
-2.49823	6.32944	-5.89042	
-4.27704	3.29106	7.20249	
7.04115	-5.11453	-2.2943	
3.37336	8.27473	1.07207	
1.75578	8.04764	-3.62668	
7.27955	-5.25595	0.619015	
-5.89771	-6.69626	1.17349	
3.00491	-8.47524	-0.375331	
-1.59077	-7.31736	4.99256	
-4.04	0.969559	7.98363	
-2.55454	8.58306	-0.897398	
-8.32986	-3.21187	1.13902	
5.81962	6.19944	-2.9494	
6.61898	4.94966	-3.5623	
-6.61269	3.03756	-5.29581	
-3.47207	-5.59059	6.13923	
0.588599	-5.0789	-7.40664	
-7.58864	-3.5657	-3.27084	
-0.761788	2.85814	-8.50004	
5.4709	-4.21341	5.77204	
-7.99794	3.83124	-1.53444	
8.92373	-1.10569	-0.380144	
8.5892	-2.62345	0.58583	
-4.17987	-5.71977	-5.55094	
4.0481	1.74133	-7.84734	
1.00529	0.960063	8.892	
-7.96966	3.4035	2.42915	
-8.25452	-3.35334	-1.27198	
-2.10329	8.2853	-2.81602	
5.48066	3.8217	-6.02968	
-4.91042	4.82685	5.79563	
5.99344	5.16511	-4.28955	
-7.59351	-3.31957	-3.50984	
-1.06228	4.42983	7.76197	
-7.30467	4.33268	2.9782	
6.2924	6.41139	0.547464	
-2.05528	-4.91076	7.25674	
-7.8836	3.13895	-2.99931	
-2.03129	8.74405	-0.644546	
-1.17244	7.27446	5.16794	
1.60515	-8.67848	1.76279	
-3.49473	-7.82335	-2.75356	
-2.40381	-4.49964	7.41451	
-3.44689	-1.65904	-8.14656	
-3.87339	5.25991	-6.19114	
-6.14669	0.512205	6.55407	
-4.75206	-4.91021	-5.85728	
3.15545	-6.12722	5.78794	
1.24051	4.39157	-7.75727	
-3.07445	5.2823	-6.60644	
-1.11948	-1.31004	-8.83349	
4.42091	5.28228	5.79251	
3.08232	-5.41663	-6.49303	
6.81663	-3.12981	4.97372	
3.67552	-2.41009	-7.85379	
8.66594	-2.40052	-0.372917	
5.35856	-6.53315	-3.099	
-4.06196	6.35981	-4.90442	
6.95073	1.87381	5.4015	
5.09189	4.24171	-6.08938	
6.35605	-4.13554	-4.84747	
-0.745781	8.95654	0.473422	
6.36913	2.16532	-5.97876	
5.13823	7.3322	0.915089	
3.23391	-1.22341	-8.30934	
-7.03562	-5.01202	-2.5258	
-4.2494	-3.27976	-7.22397	
2.62046	-4.85304	-7.11205	
3.48815	-8.2956	-0.125956	
-5.00399	-7.47443	0.30476	
-4.51546	7.76388	0.57693	
-7.27498	5.29587	0.168878	
0.495416	1.54328	8.85284	
5.99912	1.90349	-6.43329	
-6.263	1.37871	6.31458	
4.3342	-7.35518	2.84885	
-4.9725	6.19638	-4.22837	
-1.50076	-6.4519	6.09268	
5.73577	-0.457936	6.92035	
-5.12776	1.63534	-7.2133	
-7.61381	0.118274	4.79748	
8.29576	3.48742	-0.135334	
-8.9423	-0.771073	-0.663905	
-2.05979	7.38934	-4.70691	
3.60207	-7.79931	2.68252	
4.90378	7.4165	-1.39585	
5.45277	-6.68164	2.57349	
-6.76345	-4.34419	4.04768	
7.9739	-4.15727	-0.366025	
-8.9746	-0.424658	-0.525519	
-4.42142	-4.54244	6.38885	
-4.60216	-7.71147	-0.594416	
-2.90272	-1.77242	-8.33263	
5.38045	-7.21448	-0.0449358	
-8.09826	3.83828	0.828138	
-4.4049	7.09467	-3.35596	
6.39535	1.49452	6.15353	
-8.24918	-3.58636	0.298303	
0.466139	-5.51177	7.09952	
-3.54054	-3.10735	-7.6687	
0.635258	-8.64802	2.41	
-6.7718	-0.460895	5.91019	
-1.88192	-8.00492	-3.65782	
-6.29197	-3.47405	-5.41683	
5.57749	5.82335	-3.99753	
7.78548	4.26925	-1.46961	
-3.34813	-3.65751	-7.51083	
3.36223	3.72067	7.47342	
-8.42081	3.17054	0.194173	
5.21428	6.41244	-3.56257	
-8.50365	-2.80084	-0.918242	
-1.83946	-7.32223	4.89912	
7.79016	-2.97937	-3.38182	
-8.70389	1.50609	1.72453	
-5.08499	1.38785	-7.29498	
5.36233	2.14431	6.90271	
-5.23807	4.8363	-5.49298	
8.83118	-0.938873	1.45901	
-5.8563	5.79347	-3.62484	
8.48433	-1.99831	-2.24119	
2.89523	4.16493	7.43445	
2.40413	-8.67295	-0.0126436	
3.25405	5.68728	-6.16977	
-8.93757	-0.0524271	1.0569	
-8.76844	2.02276	0.151103	
-0.84913	8.37369	-3.18753	
4.60856	-7.41	2.20297	
-0.11208	5.67927	-6.98093	
6.98385	2.18789	-5.23822	
-4.8373	5.93441	-4.73109	
0.306011	8.76154	2.03515	
-8.78502	1.59219	1.13507	
7.72652	-2.25507	-4.02685	
-4.74657	6.44864	4.10915	
5.70164	-6.96357	0.008687	
3.00087	-8.42538	-1.00385	
8.14562	-3.26027	2.00488	
-0.196019	-8.59387	-2.66589	
7.39346	-5.08029	0.7262	
-7.1564	5.45741	0.0501438	
2.24324	8.23677	2.85018	
-7.95052	-3.09017	-2.87055	
6.7962	4.65148	3.62979	
5.7621	-6.91358	-0.0241586	
7.89777	-4.16779	-1.12018	
4.623	-2.97531	-7.12569	
-2.50591	8.06343	3.11472	
6.70229	3.49144	-4.88765	
-1.62538	2.24468	-8.56268	
-2.44907	1.76602	8.4784	
1.88206	-7.98298	3.70539	
0.459615	8.92705	1.04716	
-3.46702	6.0648	5.67432	
6.80113	4.82018	3.39271	
5.87496	-6.13932	-2.96539	
3.16605	-1.73578	-8.24398	
8.93553	1.03452	-0.293392	
7.055	4.59536	3.17956	
1.74846	-7.7367	4.2528	
-2.32792	4.96674	-7.13528	
-5.19226	7.18829	-1.53913	
-1.53338	-8.09588	-3.62015	
-8.14608	-1.80917	3.37168	
-4.9954	-1.32144	7.36884	
8.75268	0.238588	2.08174	
0.00412042	2.07409	8.75775	
8.72513	1.32235	1.76735	
0.991553	-4.47115	7.74762	
-0.606206	6.8283	-5.83153	
6.73715	0.411455	5.95328	
1.83941	-4.06435	-7.8165	
6.36171	4.34152	-4.65616	
8.9369	0.606559	-0.874036	
7.78501	4.41994	-0.926138	
-6.00529	4.55208	-4.92089	
-6.47877	-5.62608	2.71527	
5.28161	-0.781374	-7.24528	
-4.27142	4.37218	-6.60598	
-5.8857	3.91017	5.57396	
3.30521	5.97092	5.86717	
-3.7731	8.16016	-0.419018	
-8.12928	3.70874	-1.07703	
3.63038	-5.38721	-6.22883	
2.35752	-5.40027	6.80288	
3.33666	7.6239	3.42679	
2.11927	5.66448	6.66501	
-6.40383	-5.49277	-3.13375	
2.81865	4.93192	6.98079	
-1.63479	8.83687	0.486935	
5.25374	-0.965462	-7.24335	
-6.79129	-4.08424	-4.26584	
7.07987	-4.33588	3.475	
3.17901	-5.54168	-6.33906	
2.58406	-1.49005	-8.49131	
5.64451	-4.27856	5.55278	
2.44369	6.52444	-5.69738	
-7.95397	-4.02981	-1.22273	
5.24244	-6.66658	3.01224	
-0.3499	8.30531	-3.44956	
0.790624	-7.73968	-4.52463	
-0.0222554	-1.31548	8.90331	
-2.29093	-8.11811	-3.13814	
4.642	-1.4601	-7.57099	
-1.1393	-5.77052	6.81198	
2.28677	-0.339931	8.69799	
1.63895	-6.73458	-5.74101	
7.58868	4.10703	-2.55817	
-7.09314	-5.40823	1.19931	
-2.6443	7.826	3.57232	
4.80776	-7.31974	2.07529	
1.47339	2.2303	-8.59389	
-7.93939	-0.862231	4.15002	
-6.36432	1.52983	-6.17698	
4.20919	-7.84241	-1.33392	
-6.36441	-3.73406	5.15277	
2.76665	3.55868	-7.78983	
5.90005	2.37113	-6.36923	
-7.72506	-2.94738	-3.55477	
-8.45011	2.80053	1.32385	
-4.15148	-2.79369	-7.48068	
3.60683	6.2033	-5.43229	
0.760137	2.7738	-8.52808	
-2.46883	8.62695	0.693233	
-6.40521	4.17244	4.75017	
-2.57898	8.29818	2.34287	
2.22172	-6.24603	6.08696	
3.04151	-7.50897	-3.91976	
-1.43519	1.26628	-8.79413	
8.31208	-2.56744	2.306	
7.92238	-4.24941	-0.422428	
7.52722	4.1646	2.64518	
-4.28821	6.43287	4.60755	
5.13733	4.66283	5.73288	
-4.07117	-4.88824	-6.36637	
-1.64406	-3.53759	-8.11064	
2.78833	-4.80764	7.07897	
-5.2851	-6.30408	-3.65053	
-1.05061	5.8824	6.73005	
3.3059	7.65212	-3.39354	
-5.31395	5.37893	-4.8815	
-3.30878	-4.31556	7.17132	
4.66574	5.57625	5.30437	
4.17537	5.05442	-6.16597	
8.15021	-3.40596	1.72436	
-8.77886	0.837583	-1.79723	
3.55958	-2.63332	-7.8355	
-0.910077	7.42387	5.00578	
-0.802396	-2.11901	8.71011	
4.45694	-6.94836	3.58553	
1.70971	6.66467	5.80164	
3.20901	8.39349	0.501619	
0.0655298	8.82512	-1.76434	
6.99421	-3.45487	4.48831	
5.94274	-3.6716	5.67479	
-5.39855	5.01317	5.16951	
-8.53144	-2.47977	-1.43711	
-8.73043	1.16028	-1.85295	
8.86462	-0.941104	-1.23808	
-5.7408	6.0939	3.30267	
2.0233	-0.686132	-8.74274	
-6.61983	-6.06203	-0.655532	
5.10639	7.24102	-1.57871	
-2.62873	-4.49351	-7.34153	
8.6161	-2.32635	1.16231	
3.94366	6.48678	4.83417	
0.377327	-5.29348	-7.26888	
1.72531	-8.47802	2.4792	
5.7731	4.16104	5.50972	
-4.28624	7.78912	-1.3992	
-0.0933675	-8.98734	0.467983	
-5.07692	7.41484	0.495008	
-5.07699	-7.21931	-1.76232	
-7.58884	-4.49019	-1.80214	
2.04273	2.50017	-8.40098	
5.78469	3.44913	-5.96999	
-6.66722	3.60201	-4.85528	
8.62868	0.357152	-2.53343	
6.76087	-1.55003	5.73481	
4.87008	7.3925	-1.62273	
1.27956	-5.74913	6.80517	
6.09934	-6.0567	-2.6673	
1.34469	-8.85761	0.857085	
-1.77704	2.24053	-8.53359	
-3.75107	3.28148	-7.49409	
-3.54063	-7.59785	-3.27669	
7.92333	-0.00258862	4.26858	
-7.26401	-1.74167	5.02003	
-0.902968	6.83986	5.77936	
-8.51081	-2.3859	-1.69516	
5.73319	-6.91013	0.616949	
6.23483	2.04788	-6.15898	
-1.87189	-7.29392	4.92897	
-1.0966	3.18124	-8.34729	
3.2179	0.285464	-8.40022	
7.4707	5.01874	0.0317166	
-5.88942	-2.91184	-6.15109	
-4.99945	7.38304	-1.2232	
3.28355	-1.42222	-8.25806	
-8.48091	0.399785	2.98569	
-4.86119	7.49019	1.12509	
-8.02044	-1.44647	3.81842	
-4.35018	2.34789	-7.52086	
-8.74546	-2.11635	0.1949	
3.34644	-4.57054	-6.99368	
0.857621	-2.28562	8.66259	
5.64574	6.89118	1.27953	
-7.9123	-2.69287	-3.33825	
3.93198	7.87353	-1.88336	
2.78362	-2.28249	8.24874	
8.18913	-2.77348	2.49918	
-1.47345	8.58838	-2.25137	
-5.89574	-5.00432	-4.60403	
-8.92235	0.607665	1.01118	
-8.64469	-2.14534	-1.29105	
-4.98318	-4.96986	-5.60967	
-4.85627	0.980018	7.51374	
-4.35382	-6.62688	4.25778	
-4.95741	-5.06374	-5.54821	
8.5415	-1.72766	-2.24901	
-4.48862	7.79941	0.146351	
3.85691	-7.99577	1.48052	
-5.27483	-5.15235	-5.16038	
0.349572	-8.45822	-3.05554	
-3.5306	2.07526	-8.01425	
1.2817	-4.76005	-7.52989	
7.48692	4.99424	-0.0592989	
-8.67108	2.39616	-0.266055	
-8.31904	0.393267	3.41158	
1.68468	-0.271741	-8.83674	
-3.93256	-7.15267	-3.79133	
2.55131	-6.22385	5.97951	
8.75877	0.864678	-1.88052	
0.0195114	2.06563	-8.75973	
-7.80042	4.48843	-0.0862031	
6.18063	-1.34135	-6.40317	
8.24124	1.05698	-3.459	
-6.12187	-2.26539	-6.19602	
-8.05145	-3.82359	-1.2467	
-8.67949	-2.3803	0.0258827	
-1.49771	-8.23526	3.30716	
8.37421	-0.0152962	3.29732	
-0.0909857	8.80284	1.87129	
-3.9504	-5.31726	6.09271	
-6.14527	0.111861	-6.57443	
-8.89532	0.326085	1.32926	
8.17985	-3.34219	1.70876	
-2.03635	6.13735	6.25989	
2.59925	8.60528	-0.439471	
2.3476	8.55366	-1.52434	
0.892157	-6.01574	-6.63438	
7.01037	3.35888	-4.5357	
-2.84472	-6.17362	-5.89864	
5.29635	2.89542	6.67572	
1.96721	-5.07297	7.16903	
-6.77422	2.89622	5.16931	
6.11934	-4.24753	-5.05095	
-8.42568	0.067072	-3.16281	
-7.48161	-2.29835	-4.44332	
6.60723	4.81688	-3.76061	
-1.19476	7.09483	5.40702	
-3.38787	-8.1371	-1.81932	
-1.92746	-0.950275	8.73967	
-2.40131	3.11518	-8.09502	
-1.50622	1.70824	8.70708	
-1.72301	3.68602	-8.02774	
0.01362	-6.97959	-5.682	
-6.5303	-5.55634	-2.73537	
0.649987	-1.80904	-8.79232	
6.1575	-3.27436	5.68891	
-6.80122	-1.28299	5.75304	
-3.03953	-8.43733	0.756793	
-2.53787	5.90598	6.29909	
-2.75222	4.58089	-7.2416	
-2.47871	0.191829	-8.64981	
-6.79971	-3.16377	-4.97539	
-4.98286	-5.3333	5.26564	
-8.78314	-1.47796	-1.29308	
-2.19777	7.14441	-5.0127	
-5.76074	2.63823	6.39168	
-2.78143	-4.2935	-7.4047	
-5.75831	-6.60121	-2.06542	
-0.920686	-6.89433	5.71144	
-7.39728	-4.80039	-1.79903	
4.71683	-1.4817	-7.52038	
3.23601	1.87548	-8.18601	
6.26101	2.48072	-5.97041	
-0.719102	8.84172	-1.51886	
-2.08846	-7.79715	-3.9803	
5.84477	-5.3285	-4.29485	
0.0145849	8.95146	0.933337	
2.90288	-5.63201	6.39169	
2.53331	3.58187	-7.85828	
8.28904	-1.66264	-3.08666	
-7.30311	-4.28372	3.05194	
-5.78112	-4.16212	-5.50049	
-4.33617	-6.70358	4.15446	
0.301352	1.11982	8.92498	
-2.98384	7.90729	-3.09378	
4.60802	-1.53855	7.57621	
-8.93258	0.999279	-0.458709	
4.53094	-7.05389	3.27311	
-6.21269	2.59371	5.97286	
6.06933	3.05468	-5.90188	
8.08016	-1.11596	-3.80336	
0.0977724	2.3578	8.68511	
-5.65845	6.93401	0.949442	
-4.17836	4.08103	6.84738	
-4.70586	2.9316	7.08947	
3.02152	1.33674	8.37159	
8.71681	0.357182	-2.21125	
0.715723	-3.36752	8.3155	
0.728899	8.3197	-3.35431	
5.62703	6.75792	-1.91494	
-0.145143	5.72401	-6.94368	
-7.98498	-3.99873	-1.1181	
4.13789	6.93224	3.97768	
-6.77745	-1.2717	-5.7835	
-5.12881	7.3569	-0.755805	
8.90354	-0.293466	1.28096	
-7.04585	0.741256	-5.55036	
-3.59817	3.52522	-7.45829	
6.59002	-5.862	1.79126	
-1.63216	-6.22529	6.29141	
7.21734	1.34899	5.20483	
7.02814	3.25896	-4.58088	
5.02551	7.29674	1.58173	
8.67438	2.16683	-1.02956	
7.73905	-0.642508	4.5491	
3.24109	0.479518	-8.38245	
-5.27184	-5.28946	-5.02287	
1.1229	7.55429	4.76149	
-0.921654	-6.57077	-6.08075	
-1.39059	8.07191	-3.72968	
1.14281	8.87319	-0.980042	
1.47109	-8.67865	1.87535	
-1.48693	-6.07883	6.46815	
5.73813	0.70808	-6.89728	
1.30794	8.68572	1.96151	
4.6425	5.85763	5.01353	
6.09391	-0.169379	6.62085	
-2.85468	-4.99733	6.91936	
-1.46533	5.76313	-6.75567	
0.529889	-5.20281	7.32462	
-5.3302	5.32146	4.92657	
-2.08822	-7.87786	-3.8182	
-2.24447	6.33903	5.98156	
6.56655	5.98278	1.44457	
5.35859	7.10927	-1.32053	
2.99912	1.63561	8.32647	
5.36086	5.59909	4.5729	
-3.06287	8.41666	-0.882428	
-6.19291	6.24773	1.90096	
0.657597	-4.37481	7.83764	
-3.02522	-7.66705	-3.61448	
-8.03621	-4.00357	0.625122	
-8.86574	-0.949316	-1.22368	
-0.798736	5.20814	7.29639	
-0.595123	7.15029	-5.43315	
0.219646	6.65945	6.05008	
-7.63101	-3.3606	-3.38733	
8.99831	-0.170447	-0.0365364	
1.47452	-3.41046	8.19723	
-3.27979	0.396848	8.37171	
-5.60674	1.46974	6.88508	
-8.91574	0.457286	1.14036	
-1.41594	-2.68956	8.47121	
8.47905	1.52034	-2.60658	
5.54618	6.02641	3.73125	
-1.54832	-5.24197	7.15014	
8.01684	-2.71061	3.06314	
-7.5414	-3.61114	-3.3297	
4.3739	-3.76897	6.9039	
6.05069	-6.08066	2.72298	
7.15741	2.67419	4.75607	
5.04016	-3.67878	-6.48563	
2.08088	-5.19035	-7.05196	
3.23751	0.706784	8.36774	
8.87482	-1.28475	0.766111	
8.60861	2.22693	-1.39021	
4.24867	5.41268	-5.80101	
0.8004	1.06258	-8.90114	
-6.87951	5.5065	1.83054	
-4.98124	7.39826	-1.20543	
-0.248145	1.04746	8.93539	
-1.43849	-7.60434	-4.59399	
-1.79173	3.46124	8.11231	
-8.54801	2.8094	-0.196982	
-5.54475	6.98561	1.20706	
-4.17034	-3.73535	-7.04666	
-5.38159	-5.70823	-4.41074	
1.10033	-7.42678	-4.96308	
4.56216	-6.97505	-3.39637	
-7.62391	3.62435	3.12091	
0.0866036	-8.71572	2.2425	
5.15685	6.38444	-3.69402	
-6.63325	6.0792	0.208191	
-6.26204	-6.13002	2.05175	
-1.7714	0.410648	8.81439	
4.81672	6.18397	-4.42241	
5.18943	6.09151	4.11865	
-6.40711	-3.47035	5.28258	
2.8248	8.17093	-2.50128	
1.92687	8.73394	1.00277	
6.94204	-5.07529	-2.6551	
2.84508	1.00405	8.47923	
-5.23389	5.66454	4.6389	
5.11447	7.17076	-1.84996	
-7.57799	4.16011	2.50351	
3.19379	6.3586	5.5107	
3.1354	5.77371	-6.1509	
-8.47856	0.826519	2.90361	
-2.06658	-6.55071	5.81527	
-1.39176	8.88989	0.181407	
3.50127	5.34875	-6.33498	
-4.50818	-4.36564	6.45116	
1.06326	-6.34161	6.2971	
-5.40368	-7.0755	-1.31819	
7.78624	4.46145	0.685582	
-8.48587	2.90692	-0.734756	
5.7921	5.02971	-4.70676	
7.7567	1.15203	-4.41661	
-0.339107	-1.49855	-8.86788	
-2.91474	-0.367486	-8.50701	
-8.33279	0.435655	3.37267	
-5.425	5.55065	4.55627	
-5.72433	-6.55381	2.29773	
7.00549	2.61845	5.00668	
-4.03074	-7.14384	3.70388	
-5.77912	-6.39039	-2.60091	
-8.61487	2.59575	0.214719	
6.10674	-2.92894	-5.92698	
-5.13679	-5.81105	-4.56564	
-8.03945	3.93312	-0.947549	
-7.80716	-3.87479	-2.24371	
-0.0100353	-8.04829	4.02802	
-8.00303	3.76158	-1.67392	
4.70507	4.85192	5.94316	
-7.21887	-4.32127	-3.19602	
-6.61255	5.09188	-3.36852	
7.03165	3.51842	-4.37912	
-4.51225	-4.60361	-6.28063	
-1.35988	-0.883395	8.8527	
7.77629	-3.4446	2.94348	
3.72808	4.50556	-6.84115	
-5.60889	-5.61552	-4.24338	
-0.479835	-3.29639	8.36084	
2.28026	7.37127	4.63301	
6.60515	-5.77751	1.9981	
-8.456	2.48103	-1.82773	
-4.65755	-3.25556	-6.97915	
8.20271	0.696408	-3.63738	
5.0192	-7.16592	-2.11122	
8.70606	-0.799498	-2.13665	
-3.41754	-1.15543	-8.24533	
-2.60027	8.44128	-1.72724	
-4.78588	1.65201	-7.44085	
-2.27675	-5.0564	-7.08867	
-0.324638	-8.93209	-1.05469	
-6.26856	5.96932	-2.46423	
4.16053	7.85119	1.43136	
6.22048	-4.74998	-4.44334	
-8.99489	0.181225	0.243026	
-5.37136	1.12771	7.1328	
-0.741566	5.11733	-7.36634	
7.59232	1.98052	4.40843	
-4.85087	3.47646	6.73671	
7.73205	1.31396	-4.41463	
-8.62176	-1.91395	1.73266	
-2.08589	5.43836	-6.861	
4.95891	7.00846	2.70014	
4.6851	-7.10747	-2.92124	
-1.919	8.09119	-3.44239	
-8.62693	2.16111	1.38049	
2.65026	3.64138	-7.79208	
-2.68686	7.79403	-3.61026	
7.61152	-4.43908	1.83286	
-1.66169	6.85285	5.59261	
-0.740075	5.67049	-6.94967	
7.81493	-4.04137	-1.89585	
6.92674	3.51465	-4.54615	
-1.08422	-7.56007	-4.76129	
0.63296	7.85444	-4.34823	
8.30523	-3.46655	0.0788871	
6.39925	-6.32294	0.264784	
-1.2618	-8.14369	3.61776	
-3.17269	8.41551	-0.33644	
4.79941	-6.38288	4.15023	
6.70453	5.94523	0.838781	
-5.63668	-5.64353	-4.16874	
7.36453	3.36066	-3.93315	
-3.19066	-7.73521	-3.31455	
0.200454	-8.49897	2.9542	
-7.46361	5.01666	-0.357117	
-0.855644	8.48162	-2.88618	
-0.342587	-8.88332	1.40327	
-3.6476	-7.98821	1.97065	
3.56941	-4.63067	-6.84224	
-0.390311	-2.52334	-8.6302	
7.94571	1.33964	4.00887	
3.38788	-2.75076	-7.87119	
5.93619	3.43186	-5.82958	
8.09856	-1.59929	3.58548	
3.49516	-4.33093	7.07297	
8.74339	-2.08074	0.472877	
-6.48474	5.88836	-2.06769	
-2.7598	2.12536	-8.29857	
-6.46326	-6.02865	-1.69754	
-8.35903	-2.28541	-2.42972	
0.2577	8.97327	-0.643431	
4.00588	-6.03145	-5.34552	
8.25536	-2.09761	-2.90672	
3.63493	0.737518	-8.2002	
3.46921	1.19851	-8.21755	
0.186181	7.9146	4.2807	
-3.60006	-2.19166	7.95212	
4.8591	-6.0256	4.59144	
8.35844	2.61996	-2.06694	
-0.64046	8.9769	-0.0712856	
8.56498	-1.68971	2.18771	
-1.48793	0.718824	-8.847	
6.84363	-0.39509	5.83169	
4.95186	7.06442	-2.56379	
2.56783	-6.50399	5.66607	
6.85528	3.11684	4.92854	
-4.30904	5.00399	6.11492	
2.60965	8.23522	2.52407	
-5.02123	7.22304	-1.90128	
8.07136	-2.76275	-2.86712	
6.25321	5.72972	-3.01126	
-1.74068	8.72561	1.35415	
8.61548	2.59479	0.201397	
7.16202	-5.44581	-0.220434	
-0.133745	3.07478	8.45741	
-7.77888	2.56358	3.73056	
7.87898	-1.08175	-4.21325	
4.27346	2.10008	7.63723	
6.64778	-5.24908	-3.04207	
-6.94297	-2.76578	5.01455	
-2.44313	5.92834	6.31553	
-8.4245	-2.58553	1.82833	
-7.18207	-5.41816	-0.247788	
8.82735	1.56877	0.785348	
2.36319	3.76696	-7.82466	
4.65012	-5.46508	-5.43225	
0.689591	4.64051	-7.6805	
-8.45519	1.80192	2.50256	
1.99406	5.81816	-6.57059	
-8.95028	0.774394	0.541064	
3.53928	-7.39199	-3.71914	
-8.10462	3.44882	1.84955	
-0.623881	-1.32473	8.88008	
1.69265	8.79853	-0.848992	
-0.0121578	8.84112	1.68356	
-6.874	-4.2956	-3.91101	
1.48723	0.747937	8.8447	
-6.3427	-4.74359	-4.27416	
4.87731	6.67545	3.55673	
-2.47016	8.65277	0.16719	
-8.13815	3.57382	1.41362	
8.43971	1.13792	2.91142	
4.59829	7.7352	0.149799	
1.85179	0.598035	8.78711	
-0.184275	-8.74739	-2.10931	
2.38989	-1.16045	8.59894	
-7.04789	5.38101	1.5401	
2.04129	-6.58995	-5.77977	
-1.67142	-8.62892	1.93599	
-8.28332	2.82157	-2.10366	
6.5289	5.88856	1.92309	
2.82892	-5.79952	-6.27397	
2.21126	4.53056	-7.45549	
-7.75102	2.14774	4.03843	
-6.65159	5.92778	1.27188	
-2.23366	-2.25523	8.42168	
0.000477173	-4.44179	-7.82754	
0.64584	-2.796	-8.53026	
4.11648	1.24398	7.90615	
5.22547	3.20627	6.58895	
-4.14574	-5.6824	-5.61455	
-2.56774	-3.58285	7.84665	
2.96867	-7.5268	3.94135	
0.134686	2.18158	8.73055	
0.168756	-3.89087	-8.11373	
-1.05516	7.19684	-5.30021	
0.356482	6.4237	-6.29357	
7.78893	4.50638	0.158391	
7.04501	-0.85148	-5.53559	
3.71306	-7.59387	-3.08972	
2.27526	6.39662	-5.90817	
-4.79911	5.43969	-5.32713	
-7.86445	2.37773	-3.67379	
-2.14848	-8.4136	2.36547	
3.55547	-1.8943	-8.048	
-2.27025	7.4277	-4.547	
7.56886	3.93774	2.86471	
-8.21006	-3.59564	-0.816209	
7.76266	2.45997	-3.8327	
7.61567	-3.17481	3.59474	
1.30877	6.33728	-6.25507	
-5.98349	6.70304	-0.516812	
-5.23778	2.20229	-6.97966	
5.13509	3.87018	-6.29703	
-4.38519	-2.50638	-7.44904	
4.70503	-6.1878	-4.53584	
3.5397	1.70054	-8.09807	
-1.939	3.03699	-8.24724	
1.99915	-4.11376	-7.75115	
-8.34337	-2.48333	-2.28501	
-5.60459	-3.83127	5.90846	
-5.33452	6.0222	-4.03434	
4.54551	3.86939	-6.73544	
5.69539	3.57443	5.98214	
-3.43732	-4.39159	7.06391	
7.01106	5.28164	1.98728	
-1.02346	7.31453	5.14298	
5.05052	0.0584044	7.44909	
0.796659	2.58769	-8.58308	
-5.95922	-5.97348	-3.13133	
7.373	-4.83915	-1.79484	
-7.91864	-3.64809	2.23308	
-7.58371	-4.81694	-0.533428	
-5.77666	-6.5205	-2.26126	
-5.17686	7.26873	-1.16859	
-3.19564	7.17968	-4.38636	
7.9044	3.58634	2.37878	
-6.53509	3.47551	5.1199	
-0.11263	-2.40589	8.67174	
-8.99023	0.419277	-0.0021558	
3.79873	7.68436	2.7423	
-1.45088	-8.72685	-1.65442	
5.44039	6.87594	-2.03065	
-0.651049	6.9328	-5.70197	
-8.82405	0.771461	-1.59402	
-3.87363	-7.66817	2.6822	
1.59206	1.38114	-8.74973	
-0.462718	-6.04989	6.64716	
-5.74053	6.88703	-0.784371	
7.44413	4.46646	2.37394	
-1.48185	0.984874	8.82237	
-1.40438	-5.04249	7.32127	
-8.86493	1.12943	-1.06646	
0.995313	-6.15606	6.4894	
-1.30623	-0.447602	8.89345	
-3.84249	7.76156	-2.44814	
-7.34066	-2.61645	4.5021	
4.02646	7.89518	-1.56647	
1.62312	-4.43786	7.65969	
-8.58807	1.15643	-2.43059	
-5.49993	-7.11575	0.341907	
-0.944344	-7.28866	-5.19459	
5.0665	0.0419552	-7.43834	
-3.77312	-8.12413	-0.872914	
-0.159602	-7.84235	-4.41272	
-2.54611	8.51481	1.4196	
-3.46779	6.51916	5.14539	
-6.23501	-3.71186	-5.32416	
4.18576	7.89429	-1.07686	
6.47976	-5.5358	2.89269	
2.43427	4.18289	-7.588	
-1.36158	0.729211	8.86647	
5.01927	-4.94074	-5.60322	
-7.2476	-5.17948	1.2827	
6.28365	3.40216	5.47185	
8.57074	-2.38495	1.36177	
-4.24801	-1.69873	-7.7504	
-8.65858	-1.94765	1.49519	
-5.47252	1.9107	6.88482	
-5.62553	-6.99049	0.697392	
-0.344247	1.43046	-8.87892	
7.59186	-4.42443	-1.94631	
3.54065	7.417	-3.66769	
1.30211	-1.62374	-8.75603	
2.12694	7.05664	-5.16527	
6.39011	-0.220327	-6.33387	
4.6252	-5.36401	5.55293	
-0.0260442	-4.62339	7.72163	
-0.49573	6.67871	6.01241	
8.93909	-1.00626	-0.282965	
-7.21644	-1.61562	5.1296	
7.20295	-0.571266	5.36574	
3.33013	8.07722	-2.16071	
5.55957	2.85737	-6.47507	
-5.57561	1.48745	-6.90653	
-7.09224	-5.40938	-1.1995	
5.92736	-5.2056	4.33223	
0.477529	5.82097	6.8475	
4.39558	7.80394	0.881708	
-0.693496	-3.43441	-8.28999	
7.49472	0.232271	4.97747	
7.5873	0.0308984	4.84066	
2.59164	7.70745	-3.85728	
2.28347	-8.53602	1.70944	
5.2507	-0.283066	7.30411	
3.02031	-8.10154	-2.49856	
1.25728	-7.09071	-5.39825	
7.89363	-1.74684	-3.95463	
-3.81744	7.42069	-3.37054	
2.57199	5.97076	-6.22374	
2.14398	-7.44086	4.58661	
-8.75541	-2.03156	-0.464308	
-3.90743	2.62618	7.67041	
2.67322	-8.2187	-2.51135	
-5.30546	-7.26622	-0.232558	
-4.41747	-2.89501	-7.28731	
8.49618	-0.257916	-2.95777	
-7.84336	-0.030232	4.41371	
-6.21504	1.74991	-6.26986	
-2.7606	-4.60219	7.22488	
5.21859	6.76946	2.81794	
5.53383	-3.02688	6.41987	
-5.09148	-6.71119	3.16809	
-8.61079	-2.54907	-0.597082	
-6.85038	-1.99913	5.48414	
1.68448	1.05564	-8.77771	
2.19507	-0.678704	8.70178	
-7.87459	4.34324	0.356617	
6.19868	-5.892	2.80369	
-3.37184	-8.31036	0.754004	
-6.93555	-1.09246	-5.63069	
-3.4724	-8.2153	-1.20466	
-6.80784	-1.21544	-5.75986	
-3.63236	3.96438	7.21731	
6.02832	-6.6607	-0.542532	
6.15253	-6.55059	0.485952	
-2.86753	-2.17753	-8.24837	
3.73109	-4.85928	6.59291	
-8.07441	-3.15278	-2.42155	
6.14761	-6.43148	-1.35756	
4.15899	-6.61429	-4.46699	
3.71197	-6.37646	5.15383	
1.63162	-8.42036	2.72679	
2.921	7.40666	4.19633	
-4.19596	-6.70564	4.29282	
2.25369	8.47658	-2.01706	
7.67138	3.61551	-3.01298	
-5.35275	-4.50814	-5.65904	
1.99461	3.60526	-8.00148	
-7.60773	0.886623	-4.72614	
6.05663	-0.913443	6.59416	
5.62196	-4.51919	-5.38242	
1.69908	-8.79456	-0.876808	
-2.2013	2.32214	8.41201	
0.909973	-6.33235	6.33034	
7.08226	-5.20639	1.93262	
-0.851163	0.0684113	8.9594	
7.61463	-4.00927	-2.63498	
2.21886	-8.72015	0.18872	
1.23828	6.70521	5.87425	
-5.92044	-1.45672	6.62015	
-6.86732	-0.765642	-5.7666	
0.739748	-8.96955	-0.0021216	
5.8587	6.67655	1.4489	
5.82716	6.83902	0.521508	
-7.62208	-3.17635	-3.57977	
3.55016	-5.19598	6.43414	
-7.62432	-0.9897	-4.67871	
-4.11848	-2.57305	-7.57744	
-6.75934	-1.45175	-5.76227	
7.10666	1.25313	5.3782	
6.07059	5.92242	-3.01211	
2.01367	-8.61811	1.63503	
-7.52942	-1.47457	4.70463	
-6.6299	-1.42577	-5.91706	
5.66197	2.35373	6.58802	
6.87898	5.08166	2.8029	
-8.62967	1.29335	-2.20364	
-8.94703	0.4611	-0.859045	
-6.86402	5.22283	2.57047	
-4.56011	0.324871	-7.75241	
-6.1438	5.18383	-4.04743	
6.9766	5.12359	2.46492	
8.06917	-3.7096	1.45855	
3.82924	-1.10242	8.06979	
-6.37114	6.29218	-0.903903	
-6.49396	-4.63786	-4.16158	
-4.97505	6.36404	-3.96835	
-0.634735	5.93713	-6.73406	
1.7331	8.29344	3.03565	
7.45345	4.7089	1.80895	
7.73037	-0.186087	4.60508	
2.45531	-0.0232114	-8.65857	
-2.20703	8.25016	2.83971	
7.0681	-4.82267	2.78994	
6.9179	0.188447	-5.75388	
-8.95783	-0.497514	0.713985	
-4.45038	-2.31035	-7.47371	
-3.9807	-6.67925	-4.53229	
-2.25444	1.34931	-8.60795	
7.64114	-4.66679	0.913244	
5.04329	5.34713	-5.19359	
5.14704	7.25052	1.39212	
-6.45783	5.26078	3.4089	
4.66591	-3.91151	6.62792	
1.37516	4.55788	-7.63771	
-0.610561	-7.28546	5.24874	
5.96963	4.06158	-5.37282	
8.23057	0.868482	-3.53603	
-1.84719	-2.89029	8.3207	
-0.759263	8.9077	1.03746	
-1.40006	-2.16689	-8.62232	
7.61958	-4.48953	-1.66915	
-5.26054	-0.15368	7.3009	
0.13707	5.05793	-7.44302	
6.16733	-3.11848	5.76534	
1.14866	0.914112	-8.87947	
-0.304511	-6.58176	6.13088	
0.784655	3.06094	-8.42704	
-0.228327	4.88792	-7.55355	
-2.61018	-5.68583	-6.4698	
-1.30543	-0.51642	-8.88984	
8.47007	2.42859	1.83299	
-8.11231	2.30337	-3.14403	
-6.81954	-1.62462	5.64398	
1.69921	-3.33719	-8.18388	
-2.47642	-5.98778	-6.24611	
7.37859	0.00895983	-5.15328	
-6.20495	-5.9637	-2.63303	
2.52748	6.95462	5.123	
7.95862	-1.72528	3.83194	
3.91717	0.418419	8.09202	
6.11323	4.94699	4.37673	
-7.10161	5.1031	2.12731	
-3.22097	6.34862	5.5064	
-4.33019	2.28437	7.55189	
-0.653064	-8.67617	-2.30164	
1.12761	-1.86841	-8.73141	
0.779182	-0.512854	8.95153	
3.63142	6.22274	-5.39355	
-1.96695	8.78239	0.0283374	
-5.98627	5.5509	3.78841	
8.61744	2.21102	1.36056	
-6.97771	4.3677	-3.63797	
6.42203	2.94414	-5.5758	
-5.02639	7.02514	2.52644	
-6.49852	-6.12848	-1.10044	
-2.30854	6.61433	5.64989	
-8.6634	-1.43327	-1.97264	
2.89392	0.101697	-8.52144	
-3.55624	8.08108	1.74622	
-3.43476	-4.3747	-7.07562	
0.490347	-8.48478	-2.96108	
0.587363	1.4674	-8.86012	
-1.90975	-8.29673	-2.91842	
-7.9906	-3.79786	1.65123	
7.8373	-3.96478	1.96399	
6.48642	3.33764	5.27129	
4.06161	-2.65431	-7.5801	
-2.83947	-8.30683	1.98344	
8.16133	1.30604	3.56188	
6.3777	6.3146	0.671432	
-1.16689	-4.33472	7.80055	
1.92772	-1.57729	-8.64847	
6.86045	4.43853	3.77275	
-2.58656	2.09242	-8.36251	
-7.84153	0.434683	4.39563	
-6.97928	5.5969	0.982017	
-3.84048	1.53181	7.99402	
0.00822021	-4.11992	-8.00164	
-1.20023	1.83969	8.72783	
-3.16027	0.0641287	8.42666	
7.47654	-4.51865	-2.16406	
-0.00358	7.16309	-5.44886	
6.14188	-4.88994	4.40065	
5.68585	2.92705	6.33273	
-6.56739	0.0161325	6.15379	
3.27561	-0.827935	8.34176	
5.57536	-0.679756	-7.0323	
5.94719	0.781661	6.70969	
0.218472	8.2391	3.61517	
-4.09485	1.78779	-7.81256	
0.60281	7.762	4.5153	
-6.74966	-3.36819	-4.9089	
0.167032	7.82747	-4.43879	
7.95409	-4.1875	0.444134	
2.82254	-5.9194	-6.16392	
-8.40791	-2.00621	-2.50644	
6.15085	6.51418	0.855894	
-1.76777	6.33896	-6.13942	
8.48073	2.5268	1.64087	
-1.67864	-1.3427	8.73953	
0.680856	8.17378	3.70483	
8.46315	-2.473	-1.80536	
-5.31104	4.78833	5.46487	
1.90305	0.599173	8.77607	
8.29783	3.47265	-0.294617	
-8.23081	3.51653	0.942246	
-3.48449	1.89304	8.07928	
3.47235	2.58044	7.89203	
-0.500165	-5.5545	7.06381	
-7.31175	1.55588	-5.01174	
8.48581	-1.65529	-2.50022	
6.94609	-5.38078	1.94912	
-4.07917	-6.51026	4.68795	
2.42636	-5.37635	6.79762	
-1.20276	-8.06553	3.80797	
8.00375	-4.05974	-0.677135	
-5.08579	0.334951	-7.41772	
2.68282	7.06058	-4.89394	
-4.42673	3.02095	-7.23035	
-1.74816	2.86414	-8.35109	
-7.6612	-1.06521	-4.60123	
1.69031	-4.45328	7.63617	
3.48952	7.77432	-2.89537	
-6.11067	0.968682	6.53615	
-0.645386	-1.09341	-8.90999	
1.45839	-6.42216	6.13425	
7.17311	-5.41261	-0.500234	
6.41541	-6.05673	-1.77724	
-5.50935	-1.97696	-6.83657	
0.0925546	4.91333	7.53993	
7.35516	4.98596	-1.42892	
-5.33712	0.312894	-7.23998	
2.49938	3.04005	-8.0939	
-5.32431	-2.49519	6.81364	
-3.99254	-2.46067	7.68145	
-0.184638	-7.83656	-4.42201	
-7.39574	1.54624	-4.89001	
1.89212	-8.04314	-3.5676	
5.4588	7.15197	-0.225605	
-3.59538	-5.83205	-5.83613	
6.06221	1.35805	6.51193	
7.0808	4.13668	-3.70811	
3.84405	-2.93354	7.59063	
3.37163	3.43232	7.606	
-2.44195	3.71299	7.82628	
-5.21474	6.0135	4.20052	
-2.82594	1.47389	-8.41675	
-4.46664	-5.69454	5.34989	
4.98491	3.53726	6.60594	
8.61426	2.46646	-0.843237	
4.76285	6.59657	-3.84715	
-3.13709	6.75287	5.05543	
-8.64147	0.807748	-2.3817	
-7.94323	-3.60069	-2.22266	
2.00919	4.40087	-7.58917	
-0.643824	-8.54528	2.7502	
6.24786	6.4554	0.540464	
-8.1859	-2.92351	2.33327	
7.73289	-4.53844	0.77781	
3.09745	-5.71838	6.22141	
8.41099	-1.737	-2.69037	
6.27506	-6.36176	1.07312	
-5.83918	0.28246	6.84282	
-3.11693	-8.3599	-1.18189	
7.66868	-0.572335	4.67588	
-8.2562	3.52218	0.655307	
-3.40601	7.83292	2.83628	
4.95973	-7.50915	-0.117431	
-8.06457	-1.19813	3.81146	
7.86066	0.212438	4.37777	
-6.45382	1.26938	6.14304	
6.94244	-1.98841	5.37111	
8.71084	2.14241	-0.72893	
8.77019	2.00022	-0.287894	
-3.22805	-7.83367	3.03535	
6.75551	-1.44027	-5.76964	
3.74939	-2.56124	-7.7706	
-0.296504	-8.9071	-1.25523	
3.62747	7.70536	2.91014	
-5.34327	-1.97408	-6.96796	
3.76536	-3.27776	-7.48855	
-8.30993	1.60808	3.05927	
-7.57658	-2.49511	4.16771	
-0.647167	4.0714	8.0003	
-8.40621	-1.12395	3.01204	
-3.85538	5.54703	5.94698	
3.18322	-5.17423	6.64036	
-5.76627	6.52434	2.27665	
-4.33365	2.67739	-7.41964	
-6.44355	6.11172	-1.45862	
4.67371	-7.44339	1.9371	
3.41621	-8.0134	2.26161	
5.65522	6.97715	0.581333	
-7.77743	2.59355	3.71283	
-7.672	-1.84228	-4.32971	
8.7504	-1.01756	-1.84258	
-0.690268	2.90641	-8.48978	
1.46683	-0.750408	-8.8479	
-6.55799	-4.03098	-4.66304	
2.09582	-4.48368	7.51692	
-2.02855	-5.09518	7.13612	
-4.34832	4.11678	-6.71895	
1.4115	7.32411	5.03637	
6.30228	3.59562	5.32474	
-4.67386	-5.88724	-4.94929	
-1.1014	6.08116	-6.54266	
2.6405	-4.19596	-7.51144	
-5.59111	-7.02813	0.587281	
-0.961834	-8.40783	-3.06321	
-2.64599	5.60718	6.52367	
-4.40584	3.61913	6.96351	
-6.4084	4.87506	-4.02073	
-7.11896	-4.68491	-2.89346	
0.872951	7.63649	-4.6821	
-8.87888	-0.148496	1.46404	
-0.415423	-8.96338	0.6966	
8.34824	2.4847	-2.26565	
-8.68545	-1.97772	1.2851	
-5.18764	-3.81125	-6.28989	
4.19787	6.20442	-4.98829	
0.2958	-3.45755	-8.30409	
-7.1069	5.15752	1.97279	
-4.50152	5.82818	-5.17385	
-7.59205	-4.75612	-0.860319	
-3.42417	-3.7427	-7.43419	
4.0325	7.20526	3.58094	
-1.98826	-4.49205	7.54111	
4.37185	7.75635	-1.31378	
6.45746	-5.99666	-1.8279	
2.80346	0.684781	-8.52477	
-1.38748	-2.89004	-8.40967	
-1.26198	-1.05778	-8.84808	
3.60546	6.40876	5.18926	
0.334041	-2.08827	-8.748	
3.33437	-7.6348	3.40469	
-3.13399	-2.69269	7.99547	
-3.12016	2.57154	-8.04063	
-1.35429	-7.2213	-5.19796	
2.45701	-4.46419	-7.4185	
-4.15782	4.68509	6.46239	
4.0191	3.18031	7.39814	
6.98802	4.84863	2.94251	
-2.43317	-2.12243	8.40089	
-8.0797	0.573563	3.92293	
7.3938	-4.96142	-1.31	
1.47446	8.05239	3.73964	
-5.89387	4.1776	-5.36749	
3.11149	0.794205	-8.40761	
5.24003	-7.02108	2.06071	
1.7913	8.45495	2.51098	
6.90167	-5.12534	-2.66418	
-2.05656	-3.16918	-8.16865	
-5.52689	-7.08585	0.494122	
-1.03452	8.81904	1.46774	
-4.68799	-4.17899	6.44661	
8.71018	1.76361	1.42212	
1.20069	-2.57228	8.54059	
-3.75251	7.98878	1.76013	
-2.93387	-8.2902	1.91441	
-2.84415	8.14909	-2.55011	
8.71471	-0.840245	-2.08514	
0.955682	-0.507594	-8.93471	
-6.45483	6.00981	-1.79371	
5.61907	-4.32553	5.54219	
-2.0782	-0.512103	-8.74179	
-7.52608	4.89251	0.649156	
-5.12621	4.81467	-5.61613	
6.72126	-5.85777	1.22927	
-4.91402	2.56038	-7.09203	
-3.00337	6.72654	5.17044	
3.46785	-4.41148	7.03654	
6.40882	6.31842	0.0678326	
6.27636	6.00486	-2.35563	
-3.87292	-0.296608	-8.11865	
0.598269	-8.97145	-0.393924	
1.04583	5.17865	7.28614	
4.01831	7.2251	-3.55685	
4.39227	-7.72918	-1.40274	
3.11509	-8.3753	1.07268	
-2.8531	1.23552	-8.44591	
-7.43508	-5.06591	-0.236736	
-7.0718	5.37481	1.4495	
7.0762	-5.44567	1.12785	
-6.90839	-2.41702	-5.23758	
5.23947	-4.40607	-5.84247	
-2.35901	4.81703	-7.22713	
-7.6278	-4.77432	-0.149883	
7.33243	-2.53781	-4.56016	
-5.77484	-5.9337	-3.52738	
-3.66658	2.88015	-7.69811	
-0.35836	7.07271	-5.55412	
-6.6521	-5.62824	2.25222	
6.4827	-1.87443	5.95492	
4.68019	4.31841	-6.35981	
7.99731	1.48926	-3.85034	
2.79174	8.05498	2.88506	
-1.72797	-4.31285	7.70801	
7.45416	-4.22048	2.76099	
-1.87411	2.68928	8.38185	
-3.45535	-7.51486	3.54788	
8.93296	1.0748	0.216931	
3.88932	1.37005	7.99976	
-3.8961	3.04586	-7.51952	
-4.85429	7.13439	2.55663	
-1.83701	8.70555	-1.35602	
-5.44492	5.34078	4.77796	
2.44643	-2.2436	8.36548	
4.8753	7.3086	-1.95342	
-0.368029	7.16649	-5.43194	
-6.67828	-6.00887	0.54226	
-3.98376	7.46242	3.07278	
4.23599	6.74013	4.19845	
4.6221	6.31312	4.44755	
7.12467	-4.91726	-2.46163	
-3.07871	4.19696	-7.34215	
-7.47809	-1.68714	-4.71505	
-8.50194	-2.92457	0.404798	
1.72526	-6.73443	-5.71585	
-4.85679	2.97805	6.96727	
-8.37643	-0.295801	3.27842	
7.31051	-0.435643	5.23131	
-6.71067	-2.97497	-5.20735	
-2.61538	-6.70907	-5.39891	
3.79089	-2.70421	-7.70172	
0.509138	-3.64126	-8.21474	
-0.622842	-2.1368	8.72045	
7.88567	-4.26599	-0.78581	
0.222742	1.68494	8.83806	
-8.09907	-3.90835	-0.360367	
8.27533	0.926697	-3.41469	
2.34774	6.32014	-5.96187	
-6.05563	-6.65483	-0.2064	
3.38999	5.68212	-6.10094	
-4.65427	-5.02954	5.83451	
-4.57231	2.94876	-7.16929	
-8.78124	1.75145	-0.906786	
6.1684	-4.94867	-4.29668	
-7.82948	-1.19253	-4.27518	
-7.20978	1.47266	5.18174	
4.46184	-5.16956	5.86239	
-4.06257	-0.460638	-8.01769	
-7.76691	-4.32313	1.40911	
1.76811	6.26819	6.21157	
7.91432	0.778517	4.21397	
6.22657	2.86172	5.83442	
-8.87806	0.246244	-1.4558	
-4.81277	7.5896	-0.485019	
-6.35632	2.51663	5.85352	
0.453723	-7.07317	5.54657	
-4.83292	6.14871	4.45379	
0.973664	-4.38593	-7.79844	
-5.59169	-4.72439	-5.23576	
4.26915	-1.58401	-7.76307	
0.444603	8.00318	-4.09286	
6.41612	2.66658	5.72038	
-2.31507	8.69304	0.267298	
-0.516614	-6.50294	6.2004	
0.0733732	7.41719	5.09705	
-0.551401	6.64273	6.04732	
5.21191	-7.32742	-0.380708	
-5.62298	-6.66019	2.24142	
4.4304	-7.66228	-1.6313	
7.63804	-4.75967	-0.0771238	
-8.89039	0.265159	-1.37499	
-6.88584	-2.31768	5.31164	
6.9312	-4.88693	-3.0127	
6.30849	1.39466	6.26561	
-3.35711	3.49833	7.58232	
0.422853	-0.036272	8.98999	
5.66601	6.86043	-1.35311	
8.41068	1.34158	2.90872	
3.79966	7.9535	-1.81779	
-7.08589	4.75628	-2.85798	
-4.369	1.86299	7.64468	
-2.35751	-3.92762	-7.747	
2.164	-2.84837	-8.25857	
-6.47412	-3.69473	-5.04328	
2.90295	6.42165	-5.59779	
5.20623	-1.61728	-7.16097	
-4.20664	3.97362	6.89307	
-8.39002	-3.04277	1.16149	
-4.69128	-5.07444	5.76558	
-8.42175	2.31943	-2.16665	
0.141802	-8.38902	-3.25641	
6.10176	4.21165	-5.10201	
0.349002	8.8315	1.69787	
5.04768	4.9714	-5.55033	
1.52563	-8.84741	0.629174	
6.15527	-6.56497	0.117686	
6.8612	3.86182	4.36008	
3.31368	-3.38621	-7.652	
5.38775	5.15431	5.04036	
-7.13718	0.0764973	-5.48222	
5.77292	-5.31231	-4.41053	
1.33984	6.87716	5.64885	
0.570506	5.92069	6.75425	
-1.14644	3.21795	8.32649	
3.32926	7.11556	-4.39145	
6.06429	4.39554	4.99035	
-2.5078	3.60632	7.85528	
-7.51558	-2.71416	4.14118	
1.52035	4.90473	-7.39136	
7.07808	3.10554	4.61046	
-2.0993	-8.74982	0.18302	
1.0874	8.84055	1.28924	
0.893454	8.50865	-2.79366	
-5.14457	5.73163	4.65637	
4.7135	-7.5184	1.50217	
-5.56351	-5.21048	4.78521	
-1.28714	-6.53664	6.05108	
4.87175	1.40907	-7.43509	
2.39355	8.06542	3.19685	
-8.92044	-0.438023	-1.11081	
-0.0587549	6.07879	6.63663	
1.03951	6.65771	-5.96609	
3.92497	1.1547	8.01631	
-6.57092	-5.96575	1.49427	
1.45789	-8.5554	-2.3832	
5.08585	7.39728	-0.643675	
6.20177	6.47107	0.814435	
5.63296	1.8159	-6.78029	
3.04859	-2.42526	-8.11321	
0.801404	-5.87109	-6.77407	
-4.89247	1.43869	7.41579	
5.0419	-3.11849	-6.77158	
0.791531	0.397539	8.95631	
0.357047	5.56989	-7.06037	
8.84005	1.34158	-1.02645	
5.73748	-2.99854	6.25221	
-2.01987	0.969083	-8.71671	
-4.65482	7.51753	-1.67912	
-0.0644643	1.93153	8.79005	
-8.58029	-0.191177	-2.70963	
6.5833	2.37003	5.66067	
-6.09674	-2.08654	-6.283	
8.41422	3.11518	-0.704715	
-7.17448	5.37004	-0.830435	
-3.52999	1.64413	8.11394	
-3.56096	7.75622	2.85669	
5.25794	-6.4809	3.36926	
-0.103723	-6.48412	6.24063	
1.73466	-8.79219	0.829675	
0.53882	-6.04228	-6.64835	
-6.63728	4.29912	-4.29698	
1.28535	-8.58538	2.37469	
0.111408	-8.48358	-3.00274	
-1.06839	-6.43643	-6.19927	
4.2096	4.12527	6.80158	
-8.57725	-1.41589	2.32937	
-7.2854	-4.53912	2.70543	
8.30281	-3.37244	0.830646	
8.40191	2.82163	-1.56407	
1.76319	-0.441169	-8.81456	
3.0811	-3.59744	7.65279	
-0.545318	6.04196	6.64811	
-8.46761	-0.901478	-2.91322	
-3.43054	-7.5396	-3.51935	
4.23783	-5.17986	-6.01746	
1.44928	-1.2421	-8.79527	
-0.0006426	-0.522893	8.9848	
-6.06894	5.9029	-3.05349	
2.35483	8.0724	3.20799	
-3.76076	7.90899	2.07473	
6.84351	-5.22511	2.62004	
-5.23503	5.86065	4.38716	
-4.98908	-1.7634	-7.28008	
1.35309	-6.99827	-5.49484	
-2.48535	6.55869	5.63974	
