0.463642	0.885955	-0.0109552	
-0.983548	-0.166918	-0.0690833	
0.347864	-0.52359	0.777718	
0.95756	0.0597827	0.281967	
-0.580885	0.631038	0.514162	
0.253556	-0.966864	-0.0297152	
0.815708	0.578172	-0.0183916	
-0.27711	0.834456	-0.476333	
-0.524517	-0.708049	-0.472808	
0.125709	-0.44379	0.88727	
0.39936	0.681247	0.613526	
-0.370783	-0.738411	0.563266	
0.611438	0.786322	-0.0885477	
-0.529517	0.389431	0.753628	
-0.212469	-0.515267	0.830275	
-0.556743	0.597389	0.577203	
-0.0831452	-0.621834	-0.778723	
-0.658847	0.6986	0.27907	
-0.515264	0.166648	-0.840673	
-0.125598	0.723386	0.678924	
0.495382	-0.867872	0.0373441	
0.928104	-0.372191	-0.00981958	
0.939148	-0.264069	-0.219703	
-0.864557	-0.310041	-0.395495	
0.0740658	0.534357	-0.842008	
-0.572082	-0.587067	-0.572778	
-0.57272	-0.648129	-0.501917	
-0.0783328	-0.198791	0.976906	
0.662265	0.14971	0.734161	
-0.986242	0.164701	-0.0141717	
-0.468244	-0.361099	-0.806446	
0.867731	0.447287	0.216742	
0.0754178	-0.901276	-0.426631	
0.854154	-0.501378	-0.13799	
-0.80291	0.595386	-0.0291691	
0.631491	0.0178678	-0.775177	
0.599497	-0.551454	0.580088	
0.745652	-0.431016	0.508162	
0.505088	0.79427	-0.337671	
0.184488	0.973533	0.134897	
0.339355	-0.312147	-0.887357	
0.516942	0.138696	0.844709	
-0.116816	0.122644	0.985552	
-0.643995	-0.713785	-0.275284	
-0.0123567	0.700259	0.713782	
-0.259483	-0.499952	0.826267	
-0.919736	0.0171101	-0.392164	
0.229354	0.233452	0.944932	
-0.0551373	0.226778	-0.972384	
0.221561	-0.45055	0.864821	
0.298278	-0.949355	0.0987658	
0.825661	0.452661	0.336722	
-0.897075	0.44187	-0.00251566	
-0.204481	0.692375	-0.691957	
-0.925938	-0.272878	-0.261106	
0.823897	0.461598	-0.328818	
-0.359385	-0.704165	0.612368	
-0.740808	-0.300192	-0.600906	
-0.948462	0.178227	-0.262021	
0.506556	0.519131	-0.688406	
-0.835181	0.543643	-0.0832185	
0.153556	0.919444	-0.361998	
0.416684	-0.191408	0.888672	
-0.24767	0.760865	-0.599787	
-0.616609	0.193666	-0.763077	
-0.624687	0.261589	0.735756	
0.793207	-0.352812	0.496332	
0.774533	0.350025	-0.526859	
0.048982	-0.305175	0.951036	
0.175931	-0.45529	-0.872788	
-0.297322	0.464244	-0.834312	
-0.834944	-0.0614548	0.546893	
0.236207	-0.334919	-0.91216	
0.736216	-0.630522	-0.245821	
-0.180299	0.00118047	-0.983611	
0.218068	0.592278	0.775663	
-0.675059	-0.53884	-0.503932	
-0.770774	0.177989	-0.611742	
-0.771025	-0.156294	-0.617327	
0.745356	0.608208	-0.272998	
0.498198	-0.563137	0.659299	
0.659067	0.160641	-0.734728	
-0.829226	0.324872	0.4548	
0.0971512	0.24861	0.963719	
-0.777085	0.564288	0.27878	
-0.832197	0.55424	-0.0163198	
-0.947105	-0.219846	-0.233792	
-0.0243261	0.925947	-0.376869	
-0.764393	0.000210483	-0.64475	
-0.29264	0.922228	-0.252699	
0.753281	-0.57354	-0.321899	
-0.320684	-0.947179	-0.00357281	
0.365019	-0.923898	0.114776	
-0.648841	0.109419	0.753016	
0.396261	-0.0335422	0.917525	
0.653888	0.754875	-0.0509318	
0.940115	0.24355	0.238469	
0.316178	0.942745	-0.106129	
-0.761177	0.498262	0.415144	
-0.240464	0.902336	0.357724	
-4.89041	2.46647	7.14146	
7.2339	2.51099	4.72923	
-6.77503	4.8815	3.35707	
5.05571	6.6454	3.35834	
4.24915	7.78974	-1.50491	
1.86991	-3.1006	8.23952	
4.27743	3.71141	-6.99493	
4.09131	-5.37225	5.9498	
-2.1444	1.28244	8.64621	
3.23436	-1.94712	8.16992	
8.03754	-3.91684	1.02782	
-4.04724	6.76418	4.34346	
-2.29083	0.296355	-8.69852	
4.53311	-7.75708	0.527793	
-3.97777	7.71471	2.37918	
1.67221	-8.63471	1.90934	
6.16587	-3.69029	5.41884	
0.853949	-8.95508	-0.277982	
8.56592	2.17488	-1.70145	
-4.5782	7.43631	-2.17747	
2.69303	6.79266	-5.25427	
7.63397	1.38987	-4.55969	
3.52463	-0.265621	-8.27686	
1.04958	4.79401	7.54426	
-6.91528	-5.35049	-2.13334	
-8.67998	-0.892185	-2.20498	
-6.78298	-3.76008	-4.5665	
-4.00967	-1.07904	-7.98487	
5.78649	-6.79111	1.1821	
-1.44466	-8.62677	2.11938	
-3.7025	-7.64899	-2.96387	
-7.67655	4.57505	-1.06743	
-8.62045	1.6099	-2.02388	
-4.41399	-7.81182	0.701534	
0.0373018	0.489318	8.98661	
5.9385	-6.73862	-0.570284	
5.60818	0.961941	6.97302	
-8.09318	3.79219	-1.0582	
-3.30606	-5.46893	-6.33725	
4.39673	-6.09299	-4.95422	
7.82529	0.357122	4.43139	
2.30298	7.99424	3.43342	
-2.7919	-8.07183	-2.8374	
7.49182	0.329801	-4.97633	
-4.35808	-3.07578	7.24891	
0.294188	-2.39065	8.67169	
-2.48453	3.15175	8.05565	
-4.795	-5.61694	5.14373	
6.64797	3.12116	5.20219	
7.40153	-2.64347	-4.38513	
7.65573	3.8109	-2.80479	
-6.60444	-5.8473	-1.78616	
-1.12364	-4.92529	7.44842	
-0.84404	7.11648	5.44457	
2.35706	-6.74973	5.46675	
7.64435	-4.58955	-1.22475	
2.90865	-3.3637	7.82466	
-7.68321	4.31064	-1.84028	
-1.5028	-8.55064	2.37238	
8.62679	-1.78706	1.8398	
-6.27758	-3.3811	5.49182	
2.045	7.89151	-3.8134	
7.49117	-1.09736	-4.86603	
1.91543	8.79355	-0.0677501	
-8.3336	-3.10527	1.38144	
-6.60886	-1.12541	-6.0047	
1.16723	-2.87486	8.44824	
-4.29479	1.65008	-7.73512	
-6.98844	-0.495911	-5.64941	
5.4548	-5.64483	4.40239	
-5.27839	-6.51885	-3.26239	
0.263049	8.72183	-2.20464	
-4.209	4.8994	-6.26739	
-1.69165	5.96311	6.52531	
-8.66472	-2.43315	0.0492591	
-0.678271	4.08717	7.98968	
-8.11523	-3.88408	0.23877	
-7.32953	-5.09434	-1.15142	
-8.71609	-2.21879	0.326759	
-1.86034	7.77612	4.13172	
-0.442626	2.65915	8.58679	
-3.45004	1.31927	8.20711	
5.73361	4.90767	4.90311	
8.72484	-1.95094	-1.03489	
-1.48999	7.70764	-4.40139	
-2.15426	8.68235	0.987898	
-1.00216	8.1348	-3.71762	
8.23223	3.45001	1.15231	
8.2714	2.9776	1.92819	
-4.18688	3.85787	-6.97043	
-3.40132	3.18076	7.70155	
2.15767	0.502761	8.72305	
-6.7597	-2.14744	-5.5403	
-6.85469	0.436184	5.81575	
4.07607	-6.8462	-4.18511	
-8.35307	3.3452	0.189351	
-0.604651	6.25368	-6.44406	
4.01362	7.85104	1.80334	
-5.5429	-6.67492	2.392	
-8.52441	-0.399219	2.85922	
3.49854	-6.59262	-5.02966	
7.5833	4.26341	-2.30586	
8.77139	-0.748365	-1.87156	
-4.99189	-5.96232	4.53119	
-1.16434	2.8192	-8.46737	
5.22108	0.288462	7.3251	
-7.15633	-3.31037	-4.33917	
-4.28008	6.16449	4.96789	
0.788134	2.58329	8.58519	
8.83225	-1.58234	-0.698263	
7.25199	5.32967	0.0568111	
3.05359	-1.16783	8.38521	
6.82237	-5.86982	0.0239434	
-7.59139	1.24207	4.67205	
-1.4617	-8.85037	0.731005	
-7.01373	-4.62267	-3.23086	
-1.51289	-8.00063	-3.83419	
2.11819	-6.46571	5.89134	
-2.79375	4.78936	7.08921	
6.5225	5.7677	-2.27829	
-5.90313	-4.98147	4.61931	
-2.38381	-5.8208	-6.43706	
-4.21214	1.5567	-7.79965	
-6.62281	-5.63646	2.31704	
-0.837133	-8.28494	-3.41453	
-6.45573	-6.26454	-0.281234	
-8.52808	-2.12198	1.94142	
3.49458	7.64984	3.20434	
4.10817	3.81478	-7.04062	
-0.409414	-4.80953	-7.5961	
-8.17591	-0.766963	-3.68325	
4.37529	-7.85032	-0.478869	
7.10278	3.93194	3.88463	
2.6945	7.36103	-4.4221	
1.21921	7.91488	-4.10708	
-7.27828	-3.16806	-4.24146	
-5.45866	-6.12046	-3.70715	
-1.67794	-3.64875	8.05426	
2.91043	-5.24582	-6.709	
-2.90253	-8.25848	-2.09113	
3.13062	6.921	4.8269	
-4.61095	-1.76967	-7.52379	
-8.90476	1.00753	0.830752	
3.72305	-6.71776	4.69155	
-7.00996	-4.23907	3.72703	
1.99701	8.5467	1.99145	
4.71202	0.701341	7.63577	
-2.32741	-5.02013	-7.09799	
3.87197	8.08458	0.804637	
6.03853	5.91303	-3.0939	
-8.48987	-2.98676	-0.0362735	
0.518809	-8.2877	-3.47058	
-8.40559	-2.74858	-1.67074	
-7.92043	-2.58682	-3.40222	
-6.30817	-1.62625	6.20985	
4.51372	7.11903	-3.15368	
0.366026	-7.22885	5.34881	
-1.27652	-8.2883	-3.26719	
-6.90294	3.83149	4.32077	
-3.39096	-7.91195	-2.62723	
-2.98094	7.33676	-4.27621	
-7.17161	0.966568	-5.35105	
-6.30666	-6.28494	-1.31361	
4.62128	5.31489	5.60319	
-6.75087	3.46404	-4.84006	
0.68571	5.13684	7.35817	
-6.99722	-0.37733	5.6477	
-7.18783	-3.36952	-4.24045	
6.1037	5.32919	3.91722	
-4.09941	-7.75982	-1.99499	
7.88865	3.31556	-2.78861	
-5.12604	5.80341	-4.5874	
7.03421	5.58752	0.547306	
-3.62359	-0.506047	8.22274	
-8.1221	-2.78585	-2.69639	
7.13426	4.75382	2.73926	
0.337796	1.53387	8.86189	
-2.17648	1.71686	-8.56244	
-4.44414	-7.72023	-1.28361	
3.10731	7.53366	3.8195	
3.7675	6.8079	-4.5231	
-5.53228	3.41846	-6.22158	
-3.00018	-1.4546	8.35961	
-1.54916	-7.8314	4.15562	
8.47393	0.976905	2.87023	
-0.87994	8.81831	1.56943	
-2.78716	7.46229	-4.18879	
-7.61186	3.06116	3.69984	
-6.05824	2.87367	6.00332	
5.59747	-5.45466	-4.46261	
-0.527869	-5.31031	-7.24721	
0.991988	-7.76555	4.43985	
-6.55148	3.51381	5.0726	
2.32952	-7.41259	-4.54167	
-6.29563	0.444951	-6.41616	
6.37971	-5.97441	-2.14611	
-3.08083	-3.57969	7.66122	
-5.46102	-6.47465	-3.04239	
6.30763	5.65372	-3.04125	
-4.65503	-1.01957	7.63486	
3.4697	-5.32003	-6.3764	
8.95256	0.886728	-0.255705	
-5.25288	2.34666	-6.92102	
5.44521	-2.45988	6.73043	
7.3918	3.71718	-3.54172	
-6.64651	-4.57038	3.99192	
1.19608	-5.69692	6.864	
1.36158	1.65234	8.74162	
-1.68442	6.63733	-5.84025	
-8.90776	0.275836	1.2553	
7.90021	2.65338	-3.39797	
-8.05888	2.80255	-2.86358	
-2.10858	1.32248	-8.64899	
5.13486	4.56047	-5.81681	
6.28638	6.30694	1.30535	
-3.39005	-8.19447	-1.53565	
-4.42387	1.02624	-7.77021	
1.1022	-6.00202	-6.6152	
1.00012	2.25479	-8.65538	
1.3465	-5.94518	-6.62131	
-5.12005	6.51744	-3.50829	
6.78442	2.957	-5.1213	
6.41461	-2.45961	5.81404	
-6.9698	-5.44444	-1.66733	
-8.22822	3.21728	-1.71624	
3.8163	-2.22459	-7.84137	
5.36141	-5.17897	5.04318	
-1.28655	-8.85748	0.943306	
-3.10014	7.70606	-3.46494	
4.12598	-6.16551	-5.09537	
2.21178	-8.28362	2.73673	
6.6199	-4.75315	3.81897	
-3.18602	0.857814	-8.37338	
-3.56091	2.47216	-7.88723	
-0.474726	6.54789	-6.15628	
-6.77479	-2.09466	5.54208	
-5.64114	-5.52711	-4.31609	
2.70456	8.19538	2.55364	
1.29856	-8.69048	1.94663	
3.79248	-2.19485	7.86128	
-6.63296	2.3228	-5.62214	
2.97706	-8.31165	1.74743	
3.32202	-6.00239	-5.82541	
-7.74143	-2.10309	-4.08011	
-6.44343	4.86858	3.9723	
2.39838	-7.0828	5.00816	
-0.00136843	-1.55016	-8.86549	
-4.70767	-2.48618	7.2565	
1.12339	8.92866	-0.130466	
-5.5465	-6.48492	-2.86044	
5.33291	-5.77951	-4.3769	
1.3239	-4.61345	-7.61337	
-1.0612	-5.20336	-7.26629	
-8.94827	0.962702	0.0415908	
3.83768	7.05989	-4.05342	
0.0318213	-2.38449	-8.67832	
3.71427	0.986597	-8.13823	
7.08008	-3.16397	4.56746	
-2.33564	-6.01019	-6.27873	
-4.63441	2.31384	7.35992	
-1.92717	-4.34948	-7.6399	
2.46331	4.62997	7.31406	
-1.35984	-8.76149	-1.54502	
-8.8967	-0.867242	1.04724	
-1.0729	8.91877	0.551742	
5.20832	7.28007	-0.934847	
-3.0669	-8.40388	-0.984319	
-8.82476	1.39911	1.07988	
2.33524	2.6421	8.28045	
3.82007	-0.754521	-8.11405	
3.06324	8.46178	-0.121862	
0.504474	-8.04138	4.01019	
4.25495	6.78031	-4.11373	
-4.51847	0.134969	-7.78237	
3.90114	3.11706	7.48766	
-7.4689	0.917078	-4.93706	
6.69836	-5.18444	3.04197	
0.129116	8.75255	2.09194	
4.23659	-7.9373	0.224881	
0.218542	3.19099	-8.41248	
1.88588	-5.75896	6.65416	
5.74337	-5.51318	4.19745	
2.68486	0.443758	8.57873	
-0.405123	3.72121	-8.18465	
4.0239	1.59809	7.89014	
5.64623	-0.927521	-6.94693	
-7.79606	4.34756	1.14898	
6.42503	-6.26949	-0.642291	
-7.63949	-4.59384	1.23889	
-7.30859	-2.7934	-4.44764	
1.43425	5.35042	7.09337	
1.27734	-3.53593	8.17714	
-7.39534	4.13019	-3.04146	
7.82949	1.5998	-4.14001	
-8.57563	-1.37365	2.36044	
5.47798	5.4061	4.66538	
1.27857	6.66136	5.91537	
-8.70121	1.95612	-1.20938	
7.47919	-0.455318	4.98541	
-8.91505	-1.12724	0.501194	
-8.5522	1.12543	-2.56774	
-4.63737	7.2612	2.60186	
-0.34371	7.7954	-4.48482	
6.0524	-3.87459	5.41811	
5.79297	-3.55847	5.89735	
-2.20912	6.49342	-5.82712	
-1.43048	7.98704	-3.89369	
6.87183	-4.14409	-4.07485	
8.35793	1.9502	-2.70955	
-5.25154	5.29056	5.04294	
-5.29173	4.69843	-5.56079	
6.88645	-4.8565	3.16089	
-1.3006	-2.59709	-8.51842	
8.17837	3.73955	-0.360728	
-2.11672	5.76085	6.58271	
-4.10327	7.98799	0.596027	
7.57112	3.30133	3.57482	
4.77541	-5.06929	-5.70068	
4.65681	6.15221	4.63297	
6.27234	2.79697	-5.81677	
-2.66297	-7.32102	-4.5068	
1.01083	5.8472	6.76671	
3.01254	-8.06597	-2.62006	
5.24791	-2.24933	6.95701	
7.21124	-2.35359	-4.84342	
-1.47288	6.48041	6.06918	
2.03681	8.02076	3.53818	
-6.10357	-6.32623	-1.93009	
-8.2293	-3.50485	-0.997334	
8.83192	1.12088	-1.3194	
-4.63778	6.41658	4.28002	
7.19682	-0.936872	5.32241	
3.9575	1.43352	7.95507	
6.45341	4.812	4.02469	
-7.11685	-5.18216	-1.86965	
-3.36363	-3.51823	-7.57021	
1.74709	7.53523	4.60087	
6.64993	-5.69327	-2.08928	
3.40581	-6.88406	4.6915	
8.989	0.415649	0.158657	
-5.65142	6.41938	-2.80234	
2.8408	8.51414	0.662816	
0.512275	-6.92418	-5.72655	
6.90144	-4.24587	3.91698	
2.15789	-8.58127	1.64481	
1.72202	-1.21558	-8.74969	
-7.99452	2.82834	3.01466	
-2.27978	-6.14398	-6.1688	
-7.32279	-5.20519	-0.531832	
-5.71831	0.552583	6.92788	
-4.43432	-7.80312	-0.669381	
-3.29137	5.12502	-6.62578	
-0.769731	-0.0418529	8.96693	
2.58551	-8.52201	-1.3002	
-0.0409509	-8.99865	0.150679	
-4.07597	-6.83569	-4.20236	
0.0872988	8.24399	-3.60958	
-1.86399	7.54014	4.54663	
8.05844	1.45244	-3.73523	
-5.05854	-2.94836	-6.83508	
-8.62835	0.665812	-2.47149	
-1.17289	-5.23214	-7.22835	
-4.30253	6.03127	5.11	
-8.54271	1.94694	2.05705	
-8.59256	0.438998	2.64105	
-7.58588	1.43769	4.62466	
1.43059	7.81061	4.23647	
1.57536	2.62128	-8.46446	
-3.56791	-7.49336	-3.48131	
7.11196	0.600072	-5.48269	
-6.11849	5.65405	3.40526	
-7.75815	4.0795	-2.04175	
-8.11095	2.84976	2.66298	
0.225975	-6.95417	-5.70863	
5.52657	-4.84357	5.19585	
-3.45211	-7.26509	4.0375	
2.00472	5.36612	6.9416	
5.50954	-4.67591	5.36478	
-3.03961	-4.13656	7.39254	
4.7835	7.595	-0.658877	
-6.64337	-5.86005	1.58917	
-3.8806	-4.28901	-6.89531	
-0.0409143	-2.27452	-8.70775	
6.82963	-1.52978	5.65826	
3.50355	4.86669	6.71122	
3.8713	-2.31213	-7.78891	
7.95615	-2.59472	3.31166	
8.9673	0.760704	-0.0940376	
-7.66856	-3.95346	2.56191	
2.9155	-3.60044	-7.716	
8.78432	-1.21868	1.53315	
6.21467	6.27699	1.7255	
6.14042	-1.04288	6.49675	
-3.10041	8.04634	-2.57758	
2.99021	5.43329	-6.52212	
-4.11985	-4.39894	6.68402	
7.7378	4.58858	-0.267348	
1.46162	4.6089	7.5909	
-4.01318	0.662753	8.0284	
-3.28503	-5.95095	5.89871	
-0.544248	-8.51989	2.84872	
0.795211	-3.68361	-8.17304	
6.807	1.88262	-5.57857	
-1.62658	8.53167	2.359	
5.42913	7.07517	-1.211	
-8.97414	-0.295102	-0.614653	
3.19739	-8.33049	1.17455	
-1.51682	-0.0196834	8.87124	
-2.44466	7.38145	4.53186	
2.3576	-7.97026	3.45206	
-1.45244	-3.50799	-8.15993	
0.198129	8.33501	3.38945	
7.20723	-4.26053	-3.30208	
-7.26475	2.71269	-4.56779	
-6.54033	6.15946	-0.534032	
-5.5787	1.62362	-6.87328	
2.28916	-0.00538323	-8.70401	
5.16977	-4.40077	5.90818	
-5.5144	-3.09144	-6.40581	
5.61342	-1.71377	6.82294	
-2.11072	-6.38038	-5.98628	
-1.81284	2.60758	-8.42105	
5.70784	-6.72708	1.77959	
3.92181	0.629636	-8.07607	
6.10506	-3.49405	-5.61425	
-8.15405	-3.80646	-0.149315	
8.03942	3.90564	1.05534	
-7.38912	-3.68104	3.58481	
3.51066	5.95686	5.76117	
-1.37673	-6.36857	6.20854	
-6.18047	1.70465	6.31632	
4.63296	-7.17191	2.84595	
3.92714	-0.0301381	-8.09794	
2.97604	-7.18435	-4.53082	
2.34444	-0.506126	-8.67453	
-0.0116165	8.71176	-2.25944	
-3.45752	6.2288	5.49978	
5.65821	4.77512	-5.11692	
2.33573	-2.81018	-8.2248	
-4.5912	5.17488	-5.75686	
4.99892	2.73909	6.96478	
-8.78252	-1.63027	-1.09981	
-6.10658	-2.00013	6.30152	
8.21284	-3.67526	0.204021	
-5.39219	5.52342	-4.62776	
-7.43283	-2.14914	-4.59719	
-0.246393	3.8319	-8.13977	
2.47687	-8.49585	-1.63878	
-4.51377	3.30411	7.05044	
8.36603	-2.34008	-2.35235	
-1.51106	-7.66969	-4.4601	
7.94209	2.83102	-3.14777	
6.67578	-2.5966	5.449	
-8.36233	-2.19848	-2.49764	
-0.689075	0.237137	8.97045	
-2.24881	7.93198	-3.60922	
6.42026	6.14598	1.41676	
1.08663	-5.32221	-7.17588	
-1.5751	-2.25619	8.56905	
-6.41462	6.19921	-1.19268	
-6.0836	-6.55288	-1.02449	
-7.32916	-3.38119	3.98133	
7.32303	5.16267	0.848573	
-1.22245	7.61488	4.63887	
1.05065	8.78994	1.62271	
5.26188	-5.38832	4.92734	
-7.48237	0.496085	4.97675	
-7.28648	-3.69444	3.77601	
-7.81597	2.65001	-3.59	
-5.87719	-4.19249	5.37417	
0.99245	6.38282	-6.26695	
-2.62725	-7.48218	4.25612	
4.79332	-5.06938	5.68554	
-1.55899	-8.84983	0.500066	
-5.92269	-2.38094	-6.34452	
3.09639	1.05904	-8.38396	
-8.62056	-2.48756	0.705651	
-5.80831	-1.66242	-6.67082	
4.55845	-3.4384	6.95686	
1.50926	7.90321	-4.03253	
-4.29938	3.88606	6.88577	
-2.51323	-4.089	-7.6134	
2.10822	4.21674	-7.66646	
7.03351	1.07287	-5.51168	
4.89593	5.11558	-5.55524	
1.32941	-2.23507	-8.6161	
-5.1152	-3.3315	-6.61331	
5.69922	4.70607	5.13535	
-8.54364	-1.54461	-2.37073	
-2.78656	3.0824	-7.98335	
-0.515506	3.41724	8.31004	
8.47261	0.290904	-3.02163	
3.52677	6.33572	-5.3311	
-5.75557	1.95213	6.63797	
-7.51883	-1.78032	4.61494	
0.701933	7.59433	-4.77843	
-5.32274	0.61662	-7.23106	
6.01994	-3.53136	-5.68241	
0.123677	4.36394	7.87024	
2.3542	3.44409	7.97471	
7.34828	2.03109	-4.78304	
-5.2039	-5.94584	-4.30887	
2.50913	-8.35705	2.20544	
-0.601109	8.45245	-3.0323	
-1.84663	-2.6334	8.40566	
1.79027	8.81336	0.34575	
-8.95755	-0.477803	-0.730798	
-8.24041	2.72786	-2.3779	
-7.0553	-5.49202	1.02979	
7.69226	-2.51775	3.93574	
7.39295	-4.7456	1.9554	
-2.1897	-5.28148	6.95063	
-7.46261	1.47853	4.80868	
6.44046	-6.19516	-1.06794	
-5.12486	-1.0952	-7.31685	
-0.72879	-6.05989	6.61413	
8.09617	-2.87967	2.67573	
4.86846	7.14218	2.50748	
-1.49323	-7.4752	-4.78452	
-6.34059	5.86759	2.52354	
-5.02713	-2.96027	-6.85309	
-2.03657	6.1897	-6.20806	
2.09285	-8.06107	-3.41161	
5.57095	3.54175	6.11723	
-1.57423	1.84349	8.66737	
-0.869891	-7.3712	-5.09005	
-4.1058	7.63523	2.41778	
8.71394	1.45721	1.71573	
-1.09742	0.159116	8.93143	
-4.21015	-5.30023	-5.93146	
7.12089	-4.41236	-3.28998	
-4.32831	-7.19138	-3.24804	
2.2185	-3.86399	7.81971	
-1.61419	2.46067	8.50526	
3.80686	-4.53197	6.78005	
-3.31141	-7.62771	3.44276	
8.42345	3.14772	-0.370586	
7.93365	1.23166	-4.06697	
3.15749	-1.22197	8.33889	
7.48899	4.64542	1.82624	
-7.55345	2.13697	4.40214	
-1.64022	2.27225	8.55257	
3.83918	-2.2449	7.82439	
6.38452	-1.8886	6.05566	
-8.99566	0.0984343	-0.261603	
-7.63391	-4.6511	1.04433	
2.97793	-2.27164	-8.18362	
4.51841	1.19711	-7.69096	
-0.181776	-7.54982	4.89563	
3.08655	8.40429	-0.917095	
-1.48235	-2.70122	-8.45613	
-8.77173	-1.84087	0.817325	
-5.28693	7.07521	1.72909	
8.16707	-3.57885	1.22095	
-3.8766	-4.24088	6.92726	
-2.49316	-0.00883434	-8.64778	
-4.69767	3.8487	6.64224	
1.88084	6.71838	-5.68558	
0.520004	-4.0137	-8.03864	
4.19249	0.43756	7.95183	
1.51881	0.296617	-8.86596	
-2.27742	-4.84481	-7.23472	
4.91576	-2.25612	-7.19342	
-6.72746	0.26802	5.97239	
-5.56993	6.92364	1.42795	
7.16995	-4.77526	-2.60552	
0.765067	2.71041	-8.548	
-8.12716	0.750358	-3.79292	
-7.92985	-3.79133	-1.93473	
-7.15324	-0.419054	5.44569	
-6.12308	6.59514	0.109412	
-4.85426	-3.11742	-6.90781	
-8.00884	-0.351202	-4.09085	
-6.9301	5.16569	-2.50787	
-6.90922	-4.7474	-3.27487	
-2.28777	-0.0399015	8.70428	
5.79969	-6.87622	-0.284967	
-7.98009	0.243314	-4.15439	
-2.32909	6.26087	-6.03132	
-8.18835	-0.0704862	-3.73443	
-4.59682	3.48492	-6.90829	
-7.68938	-4.25619	1.93861	
-6.08275	-3.90244	-5.36387	
-8.94353	-0.647879	0.770414	
-2.9209	0.136452	-8.51174	
-7.19219	-1.91261	5.06106	
1.3028	-7.93061	-4.05069	
-4.16854	-6.19814	-5.02059	
3.64387	-8.14948	1.14379	
2.49422	-2.06195	-8.39805	
2.7267	8.43594	1.54922	
6.96997	-3.88683	4.16077	
2.26498	-2.69995	-8.28131	
-7.66614	4.26666	-2.00649	
3.39386	-5.68819	-6.09313	
-2.04386	-7.98306	3.61849	
2.40608	-8.52213	1.60749	
-5.77912	-4.40308	-5.31174	
4.62049	0.168888	-7.72156	
5.68952	6.97185	-0.150679	
-8.3263	-1.77939	2.91659	
1.27974	-4.23537	7.83734	
0.627839	8.33002	3.34911	
5.68263	-3.59549	-5.98165	
2.74598	-7.74925	3.66179	
4.31017	5.38507	-5.7813	
-2.99688	-6.74881	5.14512	
-3.78039	-7.40449	3.44705	
-6.99309	-0.173617	-5.66274	
-4.9594	2.48174	-7.08839	
8.55984	0.169386	2.77498	
7.67516	1.0599	4.57915	
-3.37741	8.32935	-0.463668	
6.27731	6.44912	0.0643572	
4.41505	-7.7104	1.43424	
-6.83549	5.2814	2.52645	
2.97542	5.45177	-6.51346	
-6.95534	4.62052	3.35768	
-4.57836	7.74687	0.156665	
-8.49179	-0.704114	-2.89718	
-0.523078	-4.48045	7.78794	
-7.96867	-0.237889	-4.17656	
-8.68075	-2.32896	0.469683	
-3.40937	3.8214	7.40088	
-4.34511	3.54074	7.04153	
8.08279	0.91462	3.85123	
2.61073	6.35346	-5.81529	
5.70073	6.9495	-0.454069	
-7.77695	0.184063	4.52606	
3.33671	8.24259	1.38781	
0.26666	-7.83885	-4.41376	
-5.59703	5.60717	4.27	
-5.99975	-6.68078	0.608468	
-3.02083	-5.21937	6.68078	
8.58513	-1.71846	2.08384	
0.108363	7.29151	5.27467	
3.66885	-5.54129	6.06908	
-0.176636	8.98422	-0.502508	
4.43331	-7.49189	-2.28414	
-8.64523	2.47729	-0.350681	
1.22403	6.72782	-5.85134	
-1.73175	8.69024	-1.57506	
-4.8184	-4.25409	6.29967	
-6.27269	5.77104	-2.88938	
-3.89933	8.10913	-0.192917	
2.24448	-7.23315	4.8625	
-1.43824	8.62004	-2.1509	
3.77125	7.87158	2.19451	
8.08713	1.59112	-3.61479	
1.73683	8.62316	-1.9038	
8.64823	-1.39918	-2.06163	
-6.99097	-0.728766	5.62096	
-6.99571	-3.60989	-4.36219	
-5.45965	-6.01376	-3.87645	
5.2405	-6.4892	3.38046	
-0.118081	4.53081	-7.77546	
-8.31265	-3.34176	-0.855856	
-5.20949	-4.39211	5.87968	
0.312974	-8.50317	2.93226	
5.35863	-6.52109	-3.12417	
0.646061	-8.78522	-1.8446	
-6.22949	-6.06712	-2.32022	
-6.28649	-3.60529	-5.33684	
-5.99316	6.70345	0.381793	
-8.46391	0.983859	-2.89727	
0.404567	1.74063	8.8208	
8.25711	2.27692	-2.7633	
-2.17691	-4.02754	7.74855	
7.4174	1.9802	4.69692	
-7.10804	1.42977	5.33212	
4.12921	5.74993	5.55769	
5.70346	5.06293	4.77884	
8.58152	-2.14968	-1.65423	
-3.65854	-2.82201	-7.72343	
-2.3323	7.8522	-3.72872	
-7.52931	-4.05562	-2.80383	
6.4247	6.20937	-1.08031	
-3.66943	-8.21622	-0.170278	
-3.09099	0.0133665	-8.45255	
-0.238995	-7.10959	5.51331	
4.39491	-7.84905	-0.27785	
-4.32332	5.01204	6.09823	
5.83161	0.203662	6.85206	
2.09271	7.15428	5.04349	
8.46263	1.39502	-2.72725	
-8.7598	-1.75781	-1.08447	
8.60817	-2.17011	1.47989	
8.54283	-2.81	-0.352115	
6.6634	-4.53933	-3.9992	
6.71884	-1.49429	5.79865	
5.46809	-3.33501	6.32279	
-1.27275	1.91201	-8.70197	
5.22547	3.19548	-6.59419	
1.44376	8.29634	3.1759	
-4.89166	5.75792	4.89061	
-6.2109	6.44468	0.943779	
-3.60288	-5.21263	6.39123	
-0.598376	-7.74753	4.54067	
-2.32436	-8.56293	1.50785	
-2.21228	7.35236	4.6956	
7.57081	-2.45164	4.20384	
4.01301	-4.30808	6.80707	
5.88096	-2.40534	-6.37407	
-6.43744	-4.29937	-4.59072	
1.03429	7.41642	-4.99269	
-0.266826	7.59251	-4.8252	
-0.371711	-3.56366	8.25604	
-3.54118	-6.64361	-4.93178	
2.42346	-7.60188	-4.16393	
-3.69047	-6.1128	-5.47851	
1.51231	7.88508	-4.06675	
-4.80927	3.71591	6.63799	
-1.46565	-5.76006	-6.75822	
-3.70529	-5.61947	5.97431	
1.79256	-8.05803	-3.58536	
-1.90806	7.13295	-5.1459	
-8.10506	-0.963932	-3.79195	
-6.87013	-5.61924	-1.49179	
-1.65083	-2.1852	8.5732	
-2.49115	-6.16444	6.06579	
-1.16013	8.61361	2.33663	
0.203867	-8.99567	0.190549	
-6.85886	0.872838	-5.76144	
-6.23143	4.93724	4.21816	
0.314614	-1.19759	-8.91441	
1.26841	2.14949	-8.64701	
0.0614819	-6.02188	6.68829	
2.49119	5.72411	6.48294	
4.28751	-3.42847	-7.13182	
7.67575	-4.2112	2.08534	
-3.73736	-6.85547	-4.47601	
3.82276	-6.38252	-5.06457	
-8.3918	2.76642	1.71013	
-4.0214	-0.622515	8.0275	
7.21537	-0.352868	5.36785	
8.26312	-3.1394	-1.69262	
4.04768	-6.75298	4.36046	
2.1607	-8.38824	-2.44312	
-5.57057	5.77455	-4.07717	
4.11293	7.77324	-1.91325	
8.60282	2.15012	1.53895	
-6.90958	4.89994	3.04109	
7.6675	-1.76	-4.37171	
-4.33207	7.66455	-1.86755	
-6.633	3.85597	-4.70477	
-1.79253	-7.58115	-4.50699	
2.84276	3.26373	7.89093	
3.88504	-6.67595	-4.61932	
-1.5103	-7.70192	-4.40447	
-0.903598	-2.26893	8.6623	
-6.15475	1.20496	6.45501	
-2.46837	7.39497	-4.49684	
0.945141	8.93835	-0.461151	
5.37247	2.97132	6.58087	
1.37723	-8.8544	0.838406	
-8.18696	0.617307	3.68681	
-2.71554	-2.78366	-8.11647	
-5.27798	-5.39511	4.90263	
0.257714	1.38482	-8.88909	
0.655203	2.84869	-8.51209	
-6.21941	6.06324	-2.35715	
-5.98069	-0.173708	-6.72318	
-2.91352	-8.2534	-2.09589	
-1.61334	1.54814	8.71782	
5.459	-5.10386	-5.01497	
8.6525	2.34779	0.788783	
6.84376	-1.31024	5.69616	
2.89372	-5.99217	6.05973	
4.23654	-2.85531	7.40938	
1.63135	2.20627	8.57153	
7.60202	3.95864	2.74562	
4.80971	7.25483	2.28783	
6.19654	0.0489917	-6.5269	
-7.54457	-4.80461	0.997557	
-8.78672	-1.12061	-1.59302	
-0.736959	-6.01179	6.65698	
0.301195	-8.98482	-0.426869	
-0.273959	-8.44464	-3.10049	
8.32617	-0.39666	3.39375	
-6.41139	3.53452	-5.23462	
-6.36534	1.54272	-6.17272	
3.17052	7.75552	-3.2863	
-1.21105	-3.52238	-8.19306	
5.96691	-6.66219	-1.0056	
-1.67568	4.80401	7.42385	
-6.7829	5.78997	-1.21183	
0.594404	-4.82863	-7.57173	
0.728463	6.06579	6.60875	
-4.92495	-2.85987	6.96894	
-1.46075	3.15959	-8.29959	
-7.97059	4.17882	-0.0846601	
8.32656	-3.31557	-0.82179	
5.70953	6.9445	0.418638	
0.857261	8.351	-3.24437	
4.10096	4.13215	-6.86349	
-0.890126	-8.28029	3.4124	
-3.81057	7.22876	-3.77156	
8.85731	0.161949	-1.588	
1.60312	-5.47091	6.96413	
8.90496	1.03112	-0.79903	
5.36886	7.19846	0.597873	
3.71731	-1.70131	8.01793	
-4.54717	-5.88788	-5.06518	
4.02418	-6.89032	-4.16287	
-5.98155	-6.27937	2.40637	
-7.82339	-1.97447	-3.98699	
-6.32245	4.65678	-4.39785	
-5.7357	-5.76343	-3.85806	
6.03696	4.89097	-4.54242	
-4.48506	3.11295	7.15498	
-4.34294	4.54062	6.44372	
7.39594	-2.48535	4.48587	
7.31608	2.85333	4.39699	
8.26547	-0.527739	3.52187	
-1.08194	8.80333	-1.52668	
-6.75596	-2.55092	5.3712	
5.27152	7.12845	-1.548	
6.40699	-4.92837	-3.95748	
3.16611	1.079	8.35533	
7.38609	-0.262582	-5.13582	
7.05475	-1.72613	5.31517	
-0.877572	-6.92946	-5.6756	
8.14137	-0.436684	-3.81148	
8.18436	3.16226	-2.0041	
0.584701	-5.6375	6.99119	
-6.44545	-3.54656	-5.1844	
4.53769	5.97113	4.97544	
5.25658	4.67492	5.61369	
-2.28401	-6.98172	5.1999	
-2.58986	1.51919	-8.48438	
-6.64979	1.53449	-5.86734	
3.83279	-7.8387	-2.20556	
5.33218	5.7283	4.44459	
-4.70705	5.495	-5.35244	
-6.80776	-5.06379	-3.00208	
-0.523931	3.57869	8.24127	
-5.14226	5.11043	-5.33298	
2.43888	8.20408	2.78296	
-6.71162	-2.34475	-5.51872	
-2.4125	-3.80007	7.79354	
0.264462	0.832939	-8.95747	
-8.1629	3.53864	1.35833	
-6.02881	-6.09898	-2.73057	
-8.05243	4.01222	-0.246017	
5.70015	4.39793	-5.4006	
-6.83368	-0.0405824	5.85655	
0.83244	8.95981	-0.169977	
5.38484	-2.7046	-6.68495	
-8.80018	1.15549	1.49051	
0.613286	-3.3857	-8.3163	
-7.57247	-4.2867	-2.29825	
8.44318	-1.81967	-2.53012	
6.58249	-5.74342	2.16426	
7.54959	-2.01788	4.46452	
-2.45639	-1.86452	-8.45516	
-3.83412	7.89001	-2.01176	
2.23229	2.10351	-8.46121	
-2.32692	-5.78349	-6.49127	
0.68202	7.2911	5.23209	
3.22358	0.00641341	8.40289	
5.34593	4.1993	-5.89805	
-0.769123	0.199736	-8.96485	
-6.20524	3.52678	5.48242	
3.79785	-7.99777	1.61619	
-1.8135	7.41964	-4.76027	
7.09116	-5.47814	-0.839916	
-3.19495	-8.22543	1.77049	
3.58025	-4.60378	-6.85471	
-0.669335	2.80536	8.52537	
5.84383	-6.83249	0.408344	
7.75972	4.5284	0.529479	
-7.33803	-3.97102	-3.37408	
5.39694	-1.93647	-6.93708	
-8.43544	0.265565	-3.12615	
8.02874	-1.7234	3.68363	
7.19842	2.91012	-4.55126	
-8.81816	-1.77595	-0.293384	
-7.46182	-4.79336	1.53133	
0.669926	4.8096	7.57753	
-2.43693	5.62142	-6.59249	
-1.75146	8.82597	0.186345	
-7.95856	3.33183	2.56128	
5.33364	-6.17591	3.7961	
-1.28314	8.90142	-0.343851	
2.14986	-8.42318	-2.32984	
7.99215	-2.80616	-3.04155	
-7.00328	-4.99892	2.6391	
-3.32702	0.94348	-8.30908	
8.11791	-1.39895	3.62526	
2.64117	8.51283	-1.24735	
5.74432	6.79512	-1.3525	
-2.9751	0.423289	-8.48349	
-4.18367	-7.21664	-3.3789	
-2.51799	-8.41742	1.9511	
-2.86236	1.17457	8.45146	
-5.28401	5.89452	4.2818	
1.51693	-0.948504	-8.82039	
5.74124	3.97173	5.6801	
-0.957843	-0.631299	-8.92659	
2.76775	-7.21677	4.61062	
