3.76482	-6.24261
-2.00428	-5.9166
-10.7274	-5.5431
-0.756587	0.847028
-5.75097	0.728496
-2.51655	-10.4427
-4.42536	-4.38465
-3.16321	-3.54592
-2.78875	0.650094
2.56437	-5.45719
-5.02815	3.92314
-2.80976	-10.6993
2.07582	-6.85388
-3.34233	-2.0947
-8.93268	-7.02666
-1.44772	-1.94415
-1.29266	-4.63511
-2.03569	-11.3938
-7.03839	-10.4356
-3.08034	0.67081
-11.9778	-5.58848
-1.3514	-8.6711
-4.89823	-1.69312
2.76248	-3.27877
4.17653	4.75837
-4.37888	-8.43988
-4.27712	-9.06186
-8.16449	2.70349
-4.10353	-5.52914
-6.22585	-1.82294
-9.21351	-1.62933
-3.64527	-4.77728
-1.14741	-7.21283
-3.00689	-9.58047
0.201841	-3.89613
-5.28273	-7.75179
-4.86782	-5.17327
-5.50289	-6.76422
0.763131	-1.96644
-0.751311	-8.39171
-3.81046	-7.16611
-8.23968	-0.705041
-5.96417	-11.6781
-5.49781	-1.46982
6.28704	-0.596055
1.66558	-5.11348
-1.66246	-0.358963
-5.83697	-4.72505
-3.37043	-7.16436
-2.89053	-3.03274
-10.2158	-10.4745
-8.8031	-7.61759
-3.61464	-1.57604
-3.64798	-5.36641
-0.194005	2.13532
1.01205	-0.214624
3.03166	-6.28353
-2.68516	-2.70276
-3.02465	-3.60725
-9.45317	-5.63819
-2.69853	-4.57561
-6.94203	-5.57307
-4.24567	-5.36559
-0.765905	-5.95252
-2.30261	-3.62507
-1.24892	0.110957
-6.37967	-6.32263
-2.66753	-9.07056
0.998986	-0.465944
-0.76343	-3.54237
3.76389	-8.86866
-9.04967	0.801689
1.05949	-7.59593
-8.73571	-0.37574
-6.11517	-0.915434
1.06278	-5.89632
-0.252852	1.25352
0.906071	-0.134716
-7.94341	-0.701124
-4.92583	-4.77588
-10.0417	-4.25428
-7.51613	-2.07901
1.19455	-7.82377
-7.37937	-0.645687
-6.06279	-4.82278
-2.70461	6.17931
0.800477	-5.44532
-0.856423	-5.50107
-3.38938	-6.97963
-2.75379	-0.0425163
-1.22031	-8.35342
-1.36337	-2.34839
-7.29201	-1.45796
-2.37486	-0.0582955
-12.5493	-3.80825
-7.40883	-5.05457
-7.45666	-5.44028
-2.97791	-3.18874
-8.25893	-2.35585
-0.0968198	-5.00364
4.40759	-7.85738
-12.1555	-4.98145
-6.93068	-7.55798
-8.11447	-1.9005
-3.37182	-0.656362
-9.05342	-14.3087
-1.9856	-5.62521
1.62645	-3.32809
-3.44519	-4.50022
-7.22068	-2.48531
-1.09885	-3.74402
-5.80153	0.88373
-4.37887	-10.5913
2.89865	-8.95544
-4.26757	-14.4363
-2.95916	-2.14755
-0.749446	-0.819436
-6.37631	-5.85274
-2.46015	-8.62261
-8.14224	-4.95905
0.523558	-4.84345
1.13264	-7.76535
2.78129	-4.00533
-1.91973	0.318242
-4.77761	0.221286
4.25774	-0.584376
-6.53623	-3.83663
-3.13727	-7.00613
-2.75314	-5.62145
-1.2253	-4.35457
-3.8456	-6.8898
-4.60635	-8.88834
-4.50646	-3.07632
-2.95515	1.50205
-8.92493	1.75594
-3.49071	0.0249082
-1.12608	-5.53989
-2.51526	1.09393
-7.28633	-0.642465
-3.46327	0.0994269
-0.89071	-16.9568
-4.12748	-4.63497
-6.40073	-0.586671
-3.89827	-1.5741
-1.51511	-4.5182
-5.94608	-8.50657
0.420096	-6.91822
1.40299	-6.53867
-8.37562	-11.3984
-0.163775	-2.32464
-3.15213	3.45228
-6.84193	-10.4334
-1.43959	-7.7162
-0.187811	-5.05974
-2.76815	-2.75405
-3.89889	-2.41474
-7.3853	-3.99063
-3.46919	-4.00139
-4.91056	-2.31933
-0.881229	-2.59371
-7.44398	-4.41004
0.85057	-9.71042
-0.882244	-5.87341
-5.35398	-6.82601
-8.62191	-8.75478
-1.1775	-2.51337
-5.99229	-5.16769
-6.1791	-3.2406
0.647474	-0.694865
5.18009	-5.40839
-7.16276	-3.46998
0.427908	-4.10112
-6.44254	-4.77872
-6.26588	1.1367
-1.11582	-2.04588
-6.08641	-7.47492
-6.88504	-1.44503
-6.39278	-0.89798
-3.79552	-2.96305
-8.36007	-6.21152
-0.872244	-4.35166
-6.39006	-9.26638
-5.84558	2.08109
1.129	3.79434
1.31493	-1.59713
-9.29451	-7.43214
0.418375	-9.27617
-6.68187	-8.99585
-5.10804	-4.20442
-6.38834	-0.177554
-7.85209	1.35143
-1.26885	-5.36931
-6.14005	-6.069
4.0472	-5.29476
-6.98516	3.53727
-4.05972	1.95851
0.523678	-3.92834
-3.44176	-3.74019
-6.57026	-3.16687
-2.46378	-11.2346
-2.46535	-7.25884
-7.70755	-5.53142
-2.07438	2.02556
-0.4851	2.32454
-9.51856	-7.04489
-7.04628	-8.05539
-6.30137	3.19923
-3.96943	-7.0463
-0.66357	-6.57075
-11.6466	-4.40659
-8.73885	-0.757469
-8.31033	5.3869
-1.52565	-5.98805
-3.9931	4.65883
0.122108	-3.31647
-5.90121	-1.62618
0.17978	-1.69975
-3.58277	-10.8178
-4.60204	-6.55085
-1.78412	-9.20843
-2.39624	1.62905
-5.21953	-5.37761
1.51661	-0.0251052
-7.83682	-5.52482
-5.8057	-9.47222
-10.514	-3.18317
-8.36008	-0.757224
-7.1168	-9.76757
-2.86179	-7.53484
1.26032	-8.72848
-7.15682	-0.2895
-5.50453	-4.06259
0.718935	-1.17067
-3.31952	-7.00075
-0.319194	-5.03075
0.793479	-6.61684
3.07875	0.382956
-6.04217	-1.02367
-3.81201	0.23014
-10.3612	2.95825
-7.68006	-8.76113
-6.66793	-5.73727
-9.06319	-4.93856
1.88804	-8.47755
-6.66636	-3.05671
-1.16779	-6.13264
1.31674	-5.68246
-4.75666	-0.457048
-8.0918	-1.28799
-2.53768	-7.1133
-7.05209	-2.20077
-0.200463	-2.95056
-4.59552	-4.50101
-0.0805435	-1.54968
-1.49872	-9.51164
-3.15944	-2.82208
-8.97022	-0.868538
-11.1292	-5.779
-0.726109	0.146455
-0.667364	-1.41359
-1.50392	-3.10807
-6.54829	-0.499478
-4.39629	-4.03144
1.32857	-4.82221
-7.08587	-10.3609
-5.77822	-0.22826
-2.62397	-5.25367
-2.88536	-5.94114
-4.47948	-6.35165
-3.77181	-4.12345
-4.56728	-6.7646
-5.13328	-3.12981
-0.349489	2.70976
-9.53978	1.89098
-2.69142	-6.58315
-6.48589	-11.0797
-2.58423	-6.27019
2.91464	-1.06317
-1.4466	-6.25615
0.73138	-5.91671
-8.99991	0.604983
-2.22542	-2.05187
-3.87869	-4.27586
-5.86712	-8.01216
-2.82911	2.36058
0.953219	0.879625
-7.76202	-7.74246
-8.47333	-4.88631
-4.40836	0.559865
-7.92466	-6.02097
-7.86293	-9.59287
-3.82723	-1.75702
-2.11639	-8.06918
-5.23147	-5.89633
-12.5071	-4.92163
-0.287917	2.40699
-2.57857	-10.1436
-7.25664	-0.853726
-5.23036	-2.16121
-9.30516	-3.98899
-8.11522	-8.00288
-5.50064	-4.69982
-4.19019	-2.71421
-4.8235	0.235415
-9.40698	-10.2003
-6.78518	-0.601296
-7.23379	-1.50515
-4.12493	0.235942
2.44189	-7.44806
-3.17382	-2.92166
0.0986048	-8.17181
-4.91354	-3.42299
-1.28106	-8.91915
-9.70285	-4.81702
-3.70132	4.71975
2.4834	-4.50736
-2.92955	-10.7492
1.73314	4.61689
-8.88585	-8.66908
-1.14061	-4.93328
-1.6052	2.17167
-3.86298	-2.244
5.29143	3.2424
-3.16224	2.73966
3.02605	-0.773933
-0.262688	-10.1777
3.82379	-8.05778
-5.4197	-3.69271
-2.44047	-7.68944
-4.37273	-7.25283
-3.42715	-5.08064
-4.94477	3.46249
-8.29316	-3.47822
-2.10872	1.65958
-4.49036	-2.18761
-0.718385	-4.17959
-1.02136	-4.3131
0.623078	-8.51498
-6.32899	-7.68853
-1.62353	-9.31798
5.03203	1.26146
-5.09249	-6.8989
-0.300549	-1.24212
-5.16784	-1.82208
-5.95728	-6.30951
-2.26917	-4.78167
-3.18495	-5.24427
-3.5828	-2.93457
-4.1514	-6.79841
-7.96626	-7.43889
-4.6833	-4.18209
-5.59553	-7.28728
-3.55329	-6.57943
-8.72864	-1.71537
-5.483	1.78732
-6.13687	-4.91611
-4.67745	-3.26224
3.56175	-3.58364
-4.27477	-3.10943
-4.07271	-6.98707
-6.30537	-5.00181
-0.875564	-0.307755
-1.20643	-8.87663
1.51089	-0.0873329
-7.41037	-10.9858
0.552625	-5.62314
-5.47757	-9.48373
6.49375	-1.13707
1.45366	-2.08629
-7.77289	-2.76032
-2.28977	-5.20239
-6.94054	-5.86975
0.806948	-0.796271
-3.01554	-2.84989
-3.40872	3.72411
-8.46718	-8.0158
-4.04288	-6.98001
-4.95342	-7.93756
-0.693125	-3.39885
-4.17079	-3.64991
-7.29372	-2.19774
-5.69213	-1.96886
-1.3647	-3.39867
-7.1096	-0.00633169
-7.24332	-8.80292
-6.8698	-6.67583
-1.30828	-0.285143
-4.38449	-3.5571
-8.61805	-4.7281
0.194675	-12.4624
1.19867	-3.13447
-8.43844	0.49719
0.366577	-10.3022
-10.582	-4.55843
-6.23172	1.08854
-0.683294	-6.74588
-11.3281	-5.95592
-5.75015	-4.45637
-3.46704	-1.6515
-4.90242	-8.09279
-5.24452	-6.15066
-11.7883	6.56877
-0.240364	-6.92745
-4.93999	-0.616421
-3.91649	-1.94033
-8.55856	1.61108
-9.63455	-4.93755
-1.77754	-0.697554
-3.20534	-3.79331
-7.09053	-6.95503
-3.29573	-2.00468
-5.98345	-10.4056
-5.51363	3.507
-4.26863	-2.15611
-2.92585	-1.42463
-2.22869	-0.253638
9.11063	-10.7955
-0.197917	-6.57397
-2.08212	0.0490829
-9.69665	-6.69265
-1.65311	-7.87258
0.195111	-9.0342
-0.179041	-5.12644
-1.59864	-1.83682
-6.66022	-0.40185
-3.38661	-2.63187
1.86789	-5.26064
-5.82599	-5.7002
-7.68139	-2.07187
-4.34027	-7.21069
-12.0598	-9.39057
-6.7898	-4.48039
-8.03809	-3.99653
-4.01427	-11.3427
-0.114915	3.2524
-6.2922	-6.83971
-0.714603	-3.51784
1.46374	-2.25075
-4.85113	-12.0202
-3.34629	-1.41031
-8.53038	0.0833543
-5.03689	-6.09177
-3.9103	-11.0193
-7.75976	-5.0029
-13.1652	-3.76239
1.43273	-6.61709
-6.98699	-0.998467
-4.48537	-7.84731
-4.03897	-4.13606
-1.85644	-2.39065
-20.8677	-6.28431
-3.74001	-3.91966
0.0245553	-1.73161
0.970037	-3.80849
-8.15135	-5.6727
-2.99912	6.82946
-5.41553	-0.981207
-1.96511	-3.41146
-1.68082	-0.725379
-3.04825	-0.461511
-3.58522	-3.24733
-4.75162	-6.73052
-10.2591	-1.48959
-5.08961	-3.56278
3.61966	-8.85946
-3.75235	-6.79258
-2.63534	-4.41471
3.75027	-1.99656
-4.0972	-5.52804
-0.448034	-0.697945
-1.83109	-7.84432
2.74794	-0.152086
-9.35031	-8.87669
2.83448	-2.90127
7.20318	-3.74713
-2.76239	-3.25029
-10.0388	-2.53791
-6.99156	-5.44368
-1.155	-9.34859
-1.14524	-0.885173
4.05295	-11.4824
-1.69821	-13.9166
-1.68621	-4.98998
-1.29766	-1.1849
2.15237	2.14162
-8.66172	-1.64804
-3.26807	-3.6133
1.06797	-7.12091
-12.5973	-6.65759
-2.97894	-5.61076
-0.859142	-8.24984
-2.34826	-5.61909
1.3185	-4.76418
-10.1111	-3.88468
-8.67228	-5.76884
-1.28178	-4.16686
-0.553025	-3.46721
-1.52212	-8.0146
-5.73807	-7.41857
-8.30887	-7.73323
0.354098	-8.15272
-8.90659	-2.30197
-8.20174	-11.0286
-2.99395	-7.22284
-4.47554	2.41463
-12.758	-5.91713
-0.564617	-0.768098
-2.33075	1.85975
-4.24462	-0.823294
-4.25338	-6.25126
-0.219628	-5.8755
-1.78302	-2.14755
0.0443821	-9.26602
-10.8547	-4.03964
-5.43108	-2.51982
-5.71702	3.8245
-8.51811	4.57186
0.304309	-3.53287
-8.37235	-6.70029
-0.311724	-5.42785
-3.83488	-8.24585
-0.677991	-6.68275
1.0625	-2.62295
-2.44098	-7.89912
-2.34548	4.35208
-3.11041	2.16938
-6.83794	-8.65899
-3.69878	-2.75329
-5.25123	-6.7302
-6.5139	3.54135
-7.24064	-7.97184
-5.9426	-7.85813
-2.4125	-8.63744
1.4791	-4.76376
-2.58511	-2.12352
-6.97811	-1.47208
-6.29189	-9.01328
-0.761121	-5.22924
-8.58292	-3.56722
-4.23296	-0.551604
-2.36737	-0.0161071
-0.191509	-6.42108
-3.04437	-1.94633
-10.8803	-5.44033
-6.453	-1.88515
-10.6276	-5.11746
-7.61028	-2.30898
-1.12501	-8.031
-4.14433	7.83488
-12.5423	1.18635
-8.96552	-4.33919
-4.35668	-5.2306
-0.42204	-4.52368
-6.61753	0.185921
-6.84057	-7.04577
-3.31818	-5.07297
2.12876	-2.36679
-0.687614	-4.07792
-7.74223	-5.11271
-8.87206	-1.90599
-5.83035	-5.82842
-2.87456	-6.30066
-6.84169	-1.75763
-0.370316	-16.2048
-8.63946	2.82862
-7.4953	-7.39756
-4.82044	-1.77046
-1.68283	-1.08476
-10.966	-3.66401
-7.99295	-3.18396
-4.31762	2.62238
-8.92562	-6.2227
-11.4786	-6.2972
-3.28117	-5.96392
-8.64032	0.197808
-1.86121	-3.8106
-7.86943	-5.36831
-7.05308	1.77898
-6.88847	-4.57755
2.79142	-9.07262
-5.81428	0.929111
0.0618212	-15.2711
0.822673	-0.577927
-4.59286	-2.73534
-1.20423	-2.11182
-12.265	-8.32459
-7.70341	-3.42806
-1.74215	-0.272868
-6.26229	-3.38063
-10.0616	-5.49742
-0.597767	-3.46008
-1.94647	0.421837
-3.57733	-4.52864
-9.78301	0.935894
-7.67936	-7.61151
-2.12747	-7.86758
-9.6499	3.08044
-10.8384	-0.563502
-2.97269	-3.60245
-9.80937	-2.60607
-7.45591	-4.86627
-1.25454	-5.82859
-5.26653	-1.88511
-5.98819	-7.42278
-5.49129	-3.34305
-3.0982	-1.34495
0.444192	-4.18965
-14.088	-3.09882
1.10958	2.05389
2.98202	-7.77282
-5.24042	-6.3448
-6.98926	-4.70789
-7.69753	-4.92165
-11.4108	-2.59108
-7.55041	-13.9318
5.90519	0.203643
-8.69914	-3.67057
-9.35213	-9.71141
-2.89481	-0.706443
-4.7807	-5.20316
-6.91477	-3.72359
-9.0003	3.85624
-1.42196	-0.822618
-0.525126	-2.77581
3.01199	1.03067
-5.35463	-3.77149
4.46638	2.30496
-5.00931	-0.335817
-9.28661	-8.10156
-5.11037	-4.3827
-8.15082	-2.91183
-6.12696	-3.05823
-8.64819	3.59136
-4.57375	-4.28526
-2.80573	-10.1781
-13.3108	-8.92527
-2.36041	1.9075
-6.01369	-3.01671
-4.72279	-2.13985
-1.97991	-8.52136
-4.92588	-5.07541
-6.80183	-2.69382
-4.63632	-6.62547
-8.70141	-4.66008
-7.30943	-0.507421
1.0309	-0.464427
-6.84977	4.35232
-2.67524	0.860255
-7.32849	2.06973
-4.30051	-2.1336
0.72685	-7.0032
-1.10271	-7.76504
2.8501	-4.77623
-8.78974	-2.45478
7.53627	-0.976362
-1.51055	-0.28172
0.51004	-3.26902
-4.64828	-4.90696
0.0320272	-9.9044
-4.20986	-11.7583
-4.77041	0.053711
-1.20107	-0.500586
5.86429	0.45814
-1.47555	-0.32986
3.06431	-3.28511
-2.25424	-9.0302
-0.153452	-3.36344
-4.48902	-3.73157
-5.13402	3.2673
-11.6783	-7.49861
-8.59648	0.837725
2.71463	-11.4032
-5.71478	-13.3716
-3.32962	-3.16283
-6.93474	-8.49802
-4.75123	-1.55331
-3.60723	-3.65358
0.259737	-4.57011
-3.91851	0.819093
-6.05709	-3.3008
-11.6617	2.92195
-1.16895	-3.91874
-4.0782	-2.07357
-11.4826	-5.16196
-5.84113	-1.78622
-0.614921	-3.93893
-0.841661	-3.2701
-1.13132	-4.00753
0.649207	-1.80624
-1.03679	-0.598328
-2.40051	-2.98449
0.0526268	-7.86605
-5.17537	-7.60361
0.343712	0.857145
-6.01747	-5.14409
-7.61966	-5.08374
-2.70536	-4.79957
0.950087	-4.95979
-10.8267	-0.705991
-4.2804	-1.83261
-5.92947	-2.89817
-1.29088	-6.57866
2.15082	-4.32232
-1.44695	-4.30457
-5.66184	-3.62596
-12.279	-1.97149
-1.81187	-4.75195
-6.53793	-6.97677
0.594973	-6.29846
-9.18776	-4.29198
-4.07908	1.75108
-6.34572	-5.27647
-7.09675	2.1779
-1.03235	-3.88143
-9.39125	-5.6561
-4.08954	-2.72545
-3.76326	-11.5219
-8.33425	-6.24836
0.214732	-1.17347
-0.998535	-4.7904
-3.9496	-10.4946
-3.67453	-12.065
-3.43222	-2.84333
-5.17241	-0.864279
0.662437	-1.23904
-4.59222	-3.77068
-0.149139	-8.17219
-0.050363	-0.643574
-3.12002	0.706388
-4.6711	-2.34845
-2.0983	-3.58185
-8.63767	-5.97406
-4.01772	-1.02194
-5.87566	-6.8846
-0.589719	-2.48817
-0.582193	-2.86984
-5.39224	-5.80175
-4.99067	-4.74845
-4.87059	3.762
-11.4391	-2.46181
-8.19093	0.179534
-4.86821	-4.32259
-1.34253	-1.71856
-0.418233	-5.02165
-14.7859	3.30953
-2.824	-8.91362
-4.41105	-14.2458
-6.87642	-1.02275
-2.64891	-6.2642
-2.14709	0.713756
-7.70445	-3.31862
0.919345	-1.89701
-2.3774	-4.61063
-1.71021	-2.21217
-6.98664	-4.78623
-6.17525	-3.70378
-7.00538	-3.68302
-5.76588	-3.39364
-0.86357	-1.8881
-9.13583	-8.64044
-2.87962	-3.29105
-9.07979	-12.0361
-0.217859	-1.524
2.59079	-7.25406
-0.93509	-2.73544
-1.8728	-4.36047
-13.0154	-9.31582
-7.70548	-7.76239
-2.72949	1.76869
-9.17243	-9.80907
4.34333	-1.68497
-2.33584	-1.37999
2.23555	4.85175
-7.28012	-5.17505
-7.34063	-6.63188
-7.67585	-2.97649
-5.11534	-5.97674
-3.41304	4.96295
-9.59967	-2.55013
-1.33053	-10.2101
-4.98528	-2.0807
-10.3268	-0.733597
-5.50567	-4.47132
-4.67672	-3.21407
-3.35278	-1.99636
-2.52993	2.28666
-8.60572	-2.48122
-3.58215	-0.233324
-2.18422	-7.4875
0.107114	-4.21227
-2.05792	-11.0488
0.625213	-3.0166
-3.18255	-9.7132
0.580451	-3.61576
-3.75909	-7.72893
-4.48564	-4.87529
-6.00495	-5.96163
-9.43824	-4.23905
-5.33165	-1.81309
-2.09014	-4.56682
-2.30977	-2.10483
-10.1952	-6.37811
-13.0409	-4.40823
-1.45091	-3.1811
-7.84027	-2.75368
-2.26437	0.51384
-5.66718	0.216959
0.436761	-4.17306
4.90071	-2.42861
1.47545	-4.53632
-8.89328	-4.46792
2.29933	-4.85984
-2.14775	5.39026
-11.2694	-9.58512
1.13145	-13.5508
-6.74478	-5.36361
-4.15956	-6.01457
5.09776	-6.19301
-2.50026	1.89582
-16.8104	-8.565
-9.11075	-6.52478
-4.38076	2.79092
-6.22653	-6.61925
-2.59938	-8.22304
-2.26819	-7.69206
-5.47448	0.329804
-2.48454	-5.93024
-0.428726	-10.9398
-1.60834	-7.21557
-1.40998	1.44629
-11.8426	-3.31315
5.97327	-11.9191
-2.21345	-3.04206
6.05337	-6.14657
-3.09955	-1.73971
-3.39729	-2.18378
-3.55743	-10.5459
-2.25354	-8.73943
1.5837	2.95132
-6.57902	-1.27317
-3.27989	-0.449667
-6.72697	-8.1087
1.50187	-6.17955
0.828093	-0.174865
-10.1915	-3.35204
-7.32271	-2.28666
0.0234892	-10.8344
-9.29184	-0.478457
-5.96128	-4.09942
-6.72388	3.47213
-4.27196	-6.62435
2.70099	0.957252
-12.3187	-4.95259
-1.09043	-4.53293
-7.08687	-0.942934
-1.43429	-3.84717
3.32789	-5.30478
-6.85562	-2.58987
-1.11404	-11.8047
-9.60953	-4.30893
-2.04278	-3.96013
-2.1004	-7.37282
6.44092	-6.20391
0.240193	-3.90963
-5.91844	-1.88294
-5.52905	1.09806
-5.0642	-8.22201
-0.997666	-8.35962
-2.60352	1.16641
-10.4149	-0.594293
2.53304	-3.51517
2.6339	-9.34845
-11.4388	1.39276
-10.9129	-6.503
-0.802695	-7.18678
5.04002	3.79518
-4.44078	-1.41749
-0.0997831	-6.3613
-6.32952	-5.61177
-7.72258	6.76389
-1.58035	-2.797
-1.04942	-2.06979
-9.2103	-5.35966
-4.35512	-6.87483
-2.52642	1.92781
-4.94855	2.71693
-4.17133	-5.82999
-1.93429	-3.73341
-6.5818	-4.89286
-2.01316	-0.361472
-8.74396	-5.53306
-3.69384	-5.04125
-5.82595	5.34923
-5.42034	2.86124
-5.24228	-6.01918
-6.20738	-9.234
-2.98537	-4.3806
0.441137	-6.20428
-5.82452	0.181208
-4.94998	-6.67119
-5.90614	1.75152
-10.0658	-8.0948
-1.5806	-2.97957
-7.44013	-6.14878
-0.926503	-1.43346
-5.16872	-0.625785
-4.09265	-5.25282
-2.99011	0.0700463
-4.83854	-7.27256
-0.556819	-1.25611
-4.76838	-7.50338
2.48188	-3.87878
1.09931	-6.65692
-4.39434	-8.28693
-5.04807	-2.33794
-3.79427	-7.01927
-4.64039	-5.95495
-1.47594	-9.00951
-2.00256	0.48317
-5.38509	-13.5854
-5.6956	-1.43601
2.87568	-3.13851
-3.36955	-7.83641
-0.122646	-3.19865
-1.99451	-1.9221
0.651747	-7.5451
2.09848	-6.57608
-4.95212	-7.57165
-6.372	-5.77105
-5.27249	1.24998
0.765187	-1.01152
-4.29151	-2.03084
-4.53134	0.643784
-0.67585	-7.49522
-4.66638	-5.32599
0.253751	3.56893
-0.567839	-4.19646
-7.69993	0.353206
-6.34401	-4.66765
-8.72067	-3.28315
-11.6284	-3.46331
-1.22043	-9.04509
-5.33547	-13.1513
-3.90245	-10.8718
-4.05729	-6.34815
-6.48152	-7.64565
-10.8162	-7.43906
-3.52236	-5.44962
-7.78628	-8.26832
-4.49506	-4.34154
-6.1683	-1.79467
-9.02141	0.0247839
-3.31962	-2.96495
3.42604	-6.99631
-1.4588	-0.323234
-1.28684	-8.55515
-3.75025	-5.58095
-3.67509	-0.677768
-9.03047	-1.23164
0.508195	-0.702572
-11.1161	-2.6289
-4.73755	-6.99608
-10.7119	-4.41597
2.55938	-1.93124
-6.22774	-1.7468
-3.83981	-1.60236
-2.0575	-2.82333
-6.34504	0.172597
-0.111951	-10.8842
-6.63736	-5.63324
-9.57832	-1.04039
-7.7083	-10.3241
-0.289756	0.815861
-7.62196	-7.39312
-6.82182	-5.26826
-8.54567	-2.82441
-9.52697	-3.53544
-2.67206	0.249862
-5.72573	-4.9961
-13.0645	-8.75851
-7.77919	-9.07495
-0.905087	-0.578944
-6.15759	-2.8056
-2.86622	-4.79357
-1.47488	-3.17829
-8.1366	-10.7423
-3.4351	-5.62808
-1.10413	-6.38829
-8.18414	-5.80884
-3.41499	-3.64277
1.89829	-3.15901
0.957903	-0.190703
-5.40073	0.822307
-11.1582	-7.846
-4.07732	-2.48523
-3.09068	3.6017
-0.583874	-8.13945
-5.49399	-7.37469
-5.01795	1.65496
-0.0917004	-12.2731
-2.55018	3.55331
1.51909	-3.2874
-2.06154	1.70068
-8.75716	-3.24181
-1.11084	-1.56976
-9.56845	-12.3183
-4.87122	0.559166
-0.323157	-6.63322
-1.70563	-9.62462
0.459327	-3.22011
0.500324	-9.54461
-0.979414	1.20408
-9.76322	-11.9025
-10.1817	-4.83274
-4.15432	-2.78968
-1.42322	-7.9681
-10.2398	-3.80261
-4.44767	-6.94546
-8.61299	-1.94687
-3.73183	1.67364
0.690827	-10.0326
-12.1799	-4.77565
-6.25558	-8.157
-8.09465	-4.23688
4.76875	0.839948
5.01821	-11.3851
-3.46575	-6.59561
-1.58893	-7.52958
-2.49051	-8.93442
-7.47221	-1.69529
-2.81989	-2.81992
-0.013405	-9.24958
-6.04789	-8.19749
-6.59736	-2.41766
-7.56735	-7.63499
0.707948	-3.85682
0.186261	-3.09515
-10.7199	-10.4856
0.828934	-7.99199
-13.6603	-7.29785
-7.98648	-1.69314
-4.69465	-5.38274
-1.22572	-2.91184
-7.61272	-0.797473
0.0356973	-0.58673
-6.42456	0.630569
-8.19915	-1.30053
-5.92653	-3.28429
-10.2783	-3.17541
-4.65115	-11.2293
-4.58586	-1.50088
4.43093	-6.26133
-3.09861	-0.51394
2.17389	-0.882262
-10.4524	1.25506
1.35118	-3.26342
-12.0579	-8.54395
-7.24522	-5.05454
-0.428369	-0.138068
-0.287057	-2.16664
-10.1372	-6.04446
-4.98331	-4.76484
-7.82044	-3.07925
-0.79444	-9.55909
-2.63428	-4.05937
-2.52386	0.871615
-0.565872	-2.78879
-2.20155	-2.15241
-7.94042	-4.8973
-5.2973	-6.77775
-6.1151	-1.59644
-5.09626	-9.90217
6.67135	-10.9346
-1.40258	-1.89249
-5.72334	-1.43306
-6.75261	-1.27246
-3.52457	3.33812
-0.199014	-6.67279
-4.59656	-6.23311
-0.177676	-4.55439
-2.83485	1.39322
-5.55352	-8.32956
-4.70253	1.36723
-5.86555	-7.57673
-5.93524	-4.8052
-4.61397	-3.59593
-3.90945	-3.39811
-5.96513	-4.7843
-1.04276	-13.0422
-7.43922	-7.282
-4.54302	-3.7732
-5.43849	-4.00064
-6.37298	-3.75645
-2.90242	-6.99641
-7.65645	-4.8192
-1.03565	-2.55974
-5.82584	-2.76277
-0.287614	0.173422
-3.55546	-11.9754
-7.54935	4.69747
-0.106049	-13.7979
-6.41405	-7.09237
-16.0648	-8.60019
-2.19728	-9.02708
-6.86333	-2.92538
-6.58968	-4.92994
-4.45253	-10.5032
-4.9715	0.895893
-3.19177	3.39478
-0.973477	-13.7088
-3.54189	-19.977
-7.27823	-3.05859
-6.61251	-4.95636
-9.9268	-10.0116
-4.51117	2.13089
-5.21796	-4.28788
-11.6433	-13.8752
-1.58617	5.53606
-1.99223	0.290588
-4.01769	-0.743053
0.375617	0.242331
-8.28451	-3.81163
-9.49226	-1.62735
-1.21843	2.85366
-3.3998	-8.40735
2.85171	-7.55979
-0.948109	-1.3787
-5.46026	-5.15869
-7.96302	1.31882
2.17341	-6.09945
-0.0120599	-0.163543
-1.8494	-3.99587
-3.51064	-6.4785
-2.83853	-11.3536
-4.74724	0.0465109
1.39533	-6.06356
-2.84149	1.18849
-6.7289	-5.27458
-3.35671	-5.38811
0.203986	-2.59954
-4.37685	1.1844
1.68627	-5.35827
-10.9873	-3.99074
-2.9767	-7.28565
-14.2672	-1.87269
-6.54244	-8.80742
-3.19844	-10.8603
-4.63462	-5.13207
-4.17291	-6.35314
-4.39706	-2.21982
2.09124	-1.12762
-2.25403	-6.96885
-6.60017	-3.48215
-1.97028	-0.640507
-0.749565	-0.319652
-1.66438	-11.7808
-3.91669	3.22863
-2.1645	-12.2097
-4.74851	-4.52761
0.122316	-2.23954
8.55388	-9.48243
-3.79135	-3.76618
-2.27805	-5.09339
0.0935535	-0.802863
-9.5094	-2.57005
-7.11271	-4.64665
-3.43733	1.40376
-8.32507	-4.36094
2.38911	-9.61704
-7.98495	-0.912864
3.37362	-1.95064
-1.3095	-9.35007
-5.69795	-6.76007
-1.38295	0.60224
-19.0612	5.87165
-9.13562	-4.45736
1.20339	-9.00864
-11.2285	-9.29354
-1.68641	-0.69555
-5.37496	-6.00326
-8.39551	1.61639
-3.85433	0.788112
-8.15137	-6.83339
-3.94478	-4.35968
-11.7423	-3.43208
-3.49289	0.109679
-2.461	-3.56647
-5.96374	-0.271335
-5.95855	4.13547
-3.21329	-9.19333
-4.9235	-10.5193
1.2098	-5.12199
-5.09843	-5.47526
-4.26966	0.0139849
-4.8688	-7.27234
-3.00467	-4.64537
-3.42436	-4.72167
-7.11317	-1.82259
1.00002	-7.4861
1.86171	-8.12839
-10.1201	-0.796538
-6.5048	-1.75068
-4.64981	0.39747
-2.07615	-10.3389
3.80468	-4.0977
-5.39883	-5.6259
-5.01775	-0.933609
-5.70506	-6.27852
-3.21576	-4.71316
-4.09033	-9.75179
-2.04635	-5.31902
-2.55441	-3.86143
-13.4877	-3.09119
-3.76858	-3.99986
-10.4792	-5.03976
-2.05759	-4.35035
-3.34285	-4.25592
0.517013	-2.72675
-3.60915	-7.34722
-4.94983	-4.1003
-6.57546	-5.61636
-5.60147	-0.966357
-1.95264	-4.65684
-7.89189	-11.5846
-4.91474	-7.57309
-7.46796	3.63514
-2.63153	0.45887
-2.12368	-2.74972
-2.81818	-4.60883
-3.39165	-6.94956
0.759497	-6.20366
-10.1962	-3.3508
-8.77496	-9.85603
-8.65942	-9.85824
-8.92921	-7.79496
-0.32965	-7.55217
-5.02848	-1.30528
0.191411	-0.353382
-5.90692	-7.07863
-6.62622	-0.911582
-6.27457	-2.52435
-6.45781	-4.94596
-7.84921	6.61555
-6.6453	-12.0126
0.456194	0.699717
-7.03775	-7.03042
-0.288344	-4.50794
-9.35237	-3.64412
2.46451	-5.63168
-2.66398	-3.38546
-8.58207	-3.58858
0.52404	-2.23564
-7.6524	-3.16876
-3.26738	-4.12918
-11.4779	-2.61551
-5.11346	-7.20624
-9.24069	-4.13781
-4.33268	-8.48112
2.55426	0.973111
-8.62082	-10.1339
-6.17749	-5.19954
2.30382	-9.09797
1.63004	-3.12316
-4.08436	0.50136
0.681626	-6.5476
0.6064	-4.62008
-3.65901	-1.09656
-8.76501	-3.5228
-2.17998	-10.8981
-3.73434	-9.1139
2.1374	4.0621
1.6966	-5.54482
3.00307	-3.32688
-8.94343	-9.64912
-14.172	8.29785
-0.771876	4.32427
-9.3293	-3.41631
-2.23724	-5.83726
3.65253	3.94408
-9.72668	-12.6815
-8.88686	3.6846
-2.10336	-6.31345
-1.70729	-6.7395
-5.67921	4.17766
-0.146571	-1.1216
3.52475	-8.88735
-2.17402	3.42899
-0.357747	-6.62409
-5.32728	-3.62328
-4.90454	-7.16072
-5.33635	-5.40651
-2.53313	3.59223
-8.3067	-5.20916
-3.76055	-3.14173
-1.66696	-10.5797
-7.88612	-7.17249
-8.52034	-5.77095
-7.59273	-0.0192253
-6.83423	-7.02692
-8.12179	-3.97062
-6.22956	-3.74856
-1.79832	-5.82028
-3.76962	-1.13344
-0.299867	-4.88785
-7.77866	-8.15098
-6.33077	-0.0841423
-2.5847	0.72304
2.60357	-3.78626
0.0307678	-3.29571
-10.9139	-3.03655
-3.64546	-7.53082
1.21905	7.56727
-7.84433	-0.00241095
-7.44198	2.10472
-9.82659	-7.38303
-8.50884	-1.98797
-7.16568	-2.90767
-4.90415	-4.8809
-4.25838	-0.528491
-9.18735	-11.3685
-2.79379	-7.38006
-8.71543	-1.88706
0.418448	2.17878
-1.07167	-0.536111
-0.632749	-7.61967
-16.3656	-2.54661
-4.26029	-9.50209
-4.37253	-8.79968
-8.59845	-7.6631
-1.17215	-13.2011
-12.6045	-4.31119
-2.34402	-0.591115
-4.69833	-0.655054
-1.96485	-4.65648
-9.31378	-1.84819
-12.8578	-6.24029
-3.4788	-9.05538
-2.93082	0.171984
-0.411391	-5.26866
-6.31771	-3.17533
-3.29163	-7.27917
-3.94779	-2.82078
2.61459	-2.43249
-9.4308	-1.90339
-5.11646	-4.90398
-5.65327	4.7943
0.0866182	-3.78559
-6.57997	4.39196
-0.373868	-9.55639
-6.33722	0.154819
-10.7074	-13.7744
-10.3626	-1.3373
-4.31816	-2.96018
-4.58885	-2.14424
-4.37892	-1.93789
-7.45102	-6.54627
2.48146	-11.2999
-6.21136	-4.07896
-2.60034	0.570134
0.933883	5.82567
-9.12782	-7.89991
0.269648	-10.5476
1.12233	5.21859
-1.94401	-1.4998
3.25926	-3.88696
-8.10417	-4.81428
1.55684	-4.34132
-2.02251	-9.06077
2.37776	-1.41308
-5.02845	-1.36806
-7.51444	-4.22204
-6.23267	-3.27956
-6.77937	-4.34426
-4.00232	-4.61303
-4.32841	-10.1603
-16.5119	-3.91118
-10.855	-9.69538
-10.0031	-2.52664
-4.4232	-8.87192
4.27092	-10.6527
-3.65206	-8.95427
-3.88201	-4.45884
-3.80934	-9.16297
2.00085	3.01523
-1.30339	-1.18208
3.45174	-7.95884
-1.78015	-8.38853
-8.6758	-4.76904
-2.56363	-4.69584
-1.77919	-2.02244
-8.04587	-4.76199
-1.3645	0.496501
-2.88686	-0.535505
-4.81719	-4.87484
-1.2104	-8.95418
-1.27553	-2.52526
-10.1213	-0.0738129
-1.56362	-6.61603
-2.77757	-1.83223
-8.02962	-8.23358
-7.71996	-3.87153
3.70176	-2.70219
-0.350487	-2.83266
1.18177	-7.7387
1.35144	-7.88587
-10.2333	-8.68575
-1.70739	-3.47413
-3.72641	-7.02429
-1.10668	-2.57888
-5.45691	-0.315825
-4.73813	0.456384
-2.45232	-0.14245
-2.53622	-4.20025
-2.86996	-5.13693
0.956083	1.0029
-7.35667	-4.90472
-3.50045	-9.06883
-3.2731	-3.2812
-2.46526	-9.2774
-4.43081	-9.39219
-1.56532	0.425376
-0.88125	-0.657994
-6.25759	-2.31068
-4.88287	-3.63078
-5.17534	-6.61807
-2.76142	-5.107
-1.53974	-8.92001
-8.65531	-1.15202
-2.93416	-10.9434
0.577526	-12.3447
-7.15957	3.43935
2.18905	-5.77625
0.691229	-5.36746
8.44227	-5.15085
-4.3144	-3.93064
-11.8677	1.29207
-7.39325	-6.25666
-6.38804	-6.4912
2.43942	3.38798
-4.87615	-4.01453
1.53086	-9.81073
-0.145252	-4.1665
-3.24601	0.240156
-9.11575	-0.848731
-6.13221	-0.209248
2.39084	-3.72618
-6.4157	0.506614
-0.075176	-2.25408
-15.6957	-5.29805
-11.3865	-5.36684
-5.18002	3.01727
-4.69399	-0.360852
-0.196948	-4.69456
-1.6731	-4.77845
-10.5651	-6.36347
-3.27914	-5.6655
1.48522	-2.59937
-7.82144	-4.76368
-12.4759	-2.35373
-4.50463	-0.382649
-8.22814	0.61201
-8.70601	2.22422
-9.00388	-9.16944
-7.24244	-11.9773
-6.77595	-8.9911
-5.25761	-3.46849
-4.95232	4.62444
0.503465	-4.63101
-3.1363	-11.2362
-3.03605	-1.94599
-12.6205	-3.18793
-4.85125	-13.3067
-3.17562	-0.266103
-5.59625	-10.9653
-3.96089	-2.94984
-0.943163	-12.6758
-1.26643	0.452133
-6.03381	-3.05711
-4.75587	-6.71526
-7.94941	0.357772
-7.88857	-2.32669
-6.36681	-5.95179
-6.72212	-3.22664
-1.97344	-5.33882
-1.69055	-11.2904
-1.96292	3.90068
-3.64451	-4.79083
-4.56569	-5.19772
-12.4381	-6.24572
-1.52363	-0.900222
-0.863809	-3.47066
-5.79321	-0.181578
-7.58164	-4.2845
-1.6956	-3.91278
-9.13028	-0.488694
-6.7985	-3.47342
4.46604	-12.7053
-11.2369	-5.11916
-3.46445	-3.5445
3.75893	-0.0438003
-3.14336	-2.00062
-6.80427	1.94836
-0.667314	-8.3992
-4.28047	-7.48173
-9.16527	-3.6167
-2.81081	-3.43408
-1.7856	-4.64954
-7.09195	0.694061
-0.125996	-5.7082
-8.30328	-4.50775
0.719651	-7.63742
1.84396	-6.89862
4.21427	-7.21216
-9.08738	-4.3004
-4.77268	-6.71886
-3.47806	-5.08959
-13.6867	-4.21397
-7.15029	5.0581
1.72731	-5.06181
-4.36661	-4.40591
-8.70359	-10.7622
0.509725	7.32682
-10.2523	-6.2279
-4.17367	1.11434
-1.54796	-3.99105
-5.67298	-2.76369
-2.56503	-5.88897
-3.75184	-11.8515
0.617855	-1.19695
-8.12317	-1.40296
-6.59219	-4.29865
-10.2722	-13.8135
-6.52885	-7.26617
-1.36754	-1.65028
2.18246	-0.480547
-13.5626	-1.62066
-1.30779	-3.45293
-3.33331	3.78469
1.09674	-6.1013
-2.50016	-12.5142
-11.1807	-2.17112
-1.3256	-1.89558
-1.68103	-7.47137
1.00683	-3.3293
-5.60721	-2.98018
-9.82764	-1.83046
0.638091	-5.00922
-3.08504	-3.75697
-1.98969	-3.95968
-7.48681	-6.55722
-4.76021	0.0715129
1.06964	-1.0373
-3.55884	-1.28796
4.32426	-4.5209
-6.55593	0.0312093
-5.17801	-2.43082
2.58209	-10.1277
-1.48683	-12.3381
-4.7668	-4.92598
-3.82484	-5.11258
-4.76481	-6.61582
-5.8641	-0.795935
-4.1959	-6.79879
-0.859152	-3.04262
-6.92679	-3.63486
-9.21508	1.24148
-0.361613	-6.70436
-3.70453	-3.57427
-10.7718	2.77387
0.496984	-3.73059
-4.48862	-5.88728
-4.51547	-4.73821
-5.85021	-1.53912
-13.0349	-2.03545
-3.09798	1.55102
-6.84618	-6.73378
1.93534	0.268715
-2.94162	-0.0047122
-5.83598	-4.35127
-5.24075	-6.25874
-8.16602	-7.11065
-2.8072	-10.2195
-7.67121	-1.54018
-1.08061	-9.87395
-7.26448	-3.08987
-2.38361	1.85709
1.82051	0.707929
-13.0226	-7.13207
-8.96258	-2.60132
-9.23235	-2.30753
-4.97796	-7.39822
-6.79	-6.71594
-9.85729	-4.57197
-8.77596	-3.22888
-4.53051	-4.29834
-13.1556	-9.97911
-2.5471	0.119494
-0.537653	-9.12518
-2.31817	-7.569
-9.43381	-8.33812
-8.94187	-2.68066
-5.6436	-6.06585
-1.12945	-5.06105
1.2765	-6.75819
-6.52326	-6.57729
-2.46305	-0.920273
-10.1734	-1.03998
-8.48819	-2.2294
-1.85239	5.12377
0.226403	-5.23175
-8.24164	-3.21598
-3.6033	-8.95399
-4.12515	0.668415
-9.20446	-7.82193
-1.71255	-8.23222
2.93812	-5.53439
-2.58608	1.07669
-0.689365	-4.27139
-8.00903	-0.0123047
-7.60418	-3.64221
-5.13551	3.75199
-0.112801	-2.67346
-7.43737	-4.69727
-4.8128	-1.66062
-4.27643	-3.488
-1.97461	-4.77271
-5.39147	-8.55886
-9.6345	-4.61052
-2.83858	-3.47313
-7.84581	-4.01723
-5.15949	-2.74186
-9.0793	-5.54922
0.380984	-5.04241
-9.94982	-4.36736
1.00543	-10.602
0.156471	-3.15195
-2.31902	-3.0229
-5.02163	-1.00151
3.0375	-1.92682
-2.7665	-5.42232
-11.9438	-8.41916
-6.79553	-2.6168
-2.1859	0.367907
4.41921	-0.649391
-5.78137	2.97963
-2.17135	-1.86516
-7.16645	-4.22474
-5.95877	-9.16774
-3.84543	-6.31962
-10.1333	-6.49575
-12.548	1.74011
-8.65524	-6.16761
3.49437	-3.45213
-5.86106	-5.68071
3.12159	-6.45864
-4.69252	-4.19457
-4.77995	-4.90045
-2.23365	-6.67139
-8.82973	-3.28556
-7.19091	-0.68673
-2.00647	-1.45676
-3.16507	-2.17047
-4.8874	-3.93831
-0.539402	-3.90315
-1.39878	-8.47908
-7.46875	-7.04325
-4.96902	-3.58467
-6.63698	1.75171
-6.96183	-1.92497
-6.80406	-4.96438
-1.53211	-2.51825
-1.9403	-9.31598
-6.94351	-8.83466
4.84826	-5.32118
-7.90949	-2.24416
-4.54977	2.77262
-1.78444	-3.66274
-7.43313	1.78501
-13.4871	-3.25406
-0.135522	-3.77062
-1.44149	-8.25171
-10.0705	-5.68567
-7.41848	-10.3871
0.048613	-2.76373
-8.10768	-3.62257
2.16413	-1.28099
-2.93603	-1.21189
-4.63632	0.463293
-1.46458	1.74694
-2.43939	-3.08822
-7.43526	-6.86804
-5.77624	-1.74133
-1.38823	-4.25795
-6.84409	-6.32356
-13.6684	-1.53337
-3.62707	-8.63344
1.1726	1.68029
-6.93425	-7.3077
-7.22843	-6.00022
-5.23005	-10.1309
-1.31125	7.05337
0.402285	-2.08287
-4.20141	-3.48894
-7.44453	-11.5526
-7.10933	0.915766
-5.5702	-5.38993
-5.01106	-2.90148
-4.11062	-5.83892
1.33023	-2.2207
-5.93176	-7.96063
-0.309159	0.423939
-0.389504	-8.89418
-12.3951	-1.53084
-9.55716	-6.37276
-6.55133	-3.82401
1.52166	-6.04343
-7.737	-4.75988
-1.32011	-4.14752
-1.15154	-10.1953
-4.91607	-3.08591
-1.46355	-8.53671
0.0726453	-7.56314
1.13979	-3.23848
-6.66546	2.49968
-6.55072	-0.88881
-6.12254	3.27948
-4.40366	-6.20831
-4.87565	-3.07486
-5.70128	1.26326
-1.48012	-2.99761
3.51201	-8.22347
-5.12558	-1.72479
-2.39863	-2.60396
6.54641	-6.56974
-1.24457	0.75688
-0.147617	-1.02892
-11.4997	-1.49281
-0.605811	-0.256568
0.0301967	-7.72307
-2.50142	-2.65638
-4.1222	0.900789
3.1209	-10.208
-1.73965	6.25265
-4.06817	-1.96734
-3.91286	-3.17082
1.68416	-6.6925
-6.46829	-8.43832
-5.6642	-5.57515
-4.37744	-4.40245
-9.6778	-7.34673
-6.97328	-5.47179
-6.05454	-0.723927
-5.61485	-8.30659
0.259775	-4.68643
-4.65657	-0.0834571
2.16452	2.65729
-3.8621	-0.86223
-3.48887	-4.29646
-8.20425	-0.332256
-3.8201	-5.44885
-0.715935	-6.57284
5.90474	-2.48739
-2.90843	-5.02424
-13.9869	1.56272
-3.76052	1.80453
-7.12979	-5.53052
3.28599	-4.70064
-7.06675	-9.56282
-8.71558	-5.79625
-9.3293	-0.381974
-3.85069	-13.9742
-3.85539	-5.49358
-8.26846	0.115964
-9.86264	2.10321
-6.05912	-3.11314
-1.50073	-8.77815
-4.78984	-0.435628
-4.49424	0.0173616
-3.04294	-9.75561
-3.21863	-1.39569
0.814029	-2.19108
0.480681	-0.609555
0.422813	-2.54336
-8.12205	-7.1684
-6.9488	2.40132
-6.50046	0.643628
-3.25425	-2.61126
-10.4049	-8.43224
-4.8649	-5.8207
-1.68768	-5.26125
-5.13296	-3.01435
-10.2265	-6.02528
-6.937	-6.43389
-7.59421	-1.40675
-3.00397	2.85856
-1.71348	-7.25377
-8.37498	-5.29679
-6.80081	-7.82982
-10.5351	-11.0443
-0.856241	-2.72769
-0.89845	-6.04579
-6.02752	-6.87592
3.96086	-5.16728
-4.0894	-10.9661
-5.14792	-8.63087
-1.18309	-1.18557
-1.29873	-11.6732
-0.178378	-2.88144
-0.88667	3.55402
1.33543	-2.42323
-3.77683	-0.399721
1.59541	-6.48526
-8.68118	1.28565
-10.3041	-6.5687
-5.2414	-6.47032
-8.43669	-0.927886
-4.30079	-10.6857
-1.01261	-4.88951
-1.37087	-4.23774
-3.10564	-1.77179
-3.93761	-4.00726
-9.72898	-3.43514
-12.2986	-2.00814
0.183734	-3.50674
-8.01463	-7.48573
-4.7274	-12.2125
-9.61513	-3.35968
2.10884	-4.2504
-7.22908	-4.65767
-8.83918	-1.16666
-0.728439	1.13084
-3.47858	-1.89043
-1.02073	-2.70335
6.77559	-3.70615
-0.615134	-2.28087
-2.79209	-4.11395
-10.3735	-12.399
-2.9486	-5.49541
-1.81453	-4.47617
0.58776	-3.62806
-8.6747	-1.82173
-7.52868	3.23209
-6.63305	-4.83748
-4.75558	-0.848942
-6.03643	-3.19141
-4.21237	-6.53717
-2.44646	-7.71809
-12.2077	-5.6163
-4.4753	-4.97099
0.246285	-11.9779
-7.5126	-7.53599
-13.0348	-2.79142
-5.77755	1.70577
-19.5524	-4.54169
1.33254	-1.1413
7.82076	-5.39027
-4.00411	-1.14458
-3.45011	-1.03143
-4.40473	-8.13446
-2.78594	-6.62038
2.3727	-3.02344
-4.67871	-4.17284
0.650152	3.02874
-11.8399	6.31536
-10.9337	-4.87943
-8.33424	1.57503
-1.10417	-9.10669
-4.36298	0.368135
-8.45524	-6.53827
3.24691	-0.872478
-2.39801	-4.04375
-5.39168	-0.234376
-3.51339	-1.49687
-5.49878	-4.76839
-0.557595	-1.08531
-5.3155	-4.95379
-0.202366	-3.65812
-6.32705	-6.2661
-3.0017	-6.42684
-2.31944	-6.11253
-2.5213	0.177989
-1.70572	-10.3152
-8.40534	-0.521955
-5.36899	-7.35824
-4.77754	-10.895
-1.27259	-5.61736
-10.0157	-6.76303
1.91552	-0.460154
-8.54806	-3.74855
-2.80143	-5.42268
-4.85764	-3.37843
-2.0359	-4.33517
-7.71825	-0.759689
-5.94943	-3.98907
-1.24212	-10.0324
-4.08479	-3.95012
-0.447793	-2.79151
-5.49353	-7.87379
2.90406	2.02863
3.81242	-4.15448
-1.7728	-0.684526
-3.94381	-12.0595
-2.61827	-3.75405
-3.75465	-1.83528
-0.499669	-1.64203
-1.86302	-10.0615
-5.87316	-3.88187
-2.91706	-3.03758
-4.66095	-4.36229
-14.4395	-3.88909
-3.64014	-8.27929
-3.81892	3.33497
-3.22964	-4.75567
-7.00128	1.47948
-8.15845	-12.1942
-5.45112	-4.96833
0.0702478	-7.06604
-8.0236	-3.15318
0.859849	-2.40273
1.04735	-2.04469
14.2852	14.2388
15.7676	11.8076
14.5618	14.4933
13.2118	13.7614
14.8013	13.4477
14.6992	13.3934
12.1639	13.9395
14.1645	13.9877
13.654	13.1287
15.0544	13.818
12.766	14.9749
12.8057	14.1722
15.5828	13.5044
14.3749	14.3722
14.3881	13.0449
14.7778	14.0906
13.9302	13.0042
13.9707	14.3564
13.9239	13.2629
12.0318	12.6149
12.8237	13.7267
14.5287	11.9298
16.0586	13.2635
13.7649	13.6044
12.7652	13.5477
14.3425	15.2079
11.6033	14.0859
14.5024	13.3289
15.6083	13.5432
15.4708	15.203
13.4856	13.2542
14.5679	12.598
13.6027	13.2689
13.1707	14.9215
13.1341	14.8116
11.8358	15.6344
12.6883	12.8897
12.3908	13.3505
12.1012	13.2562
14.6902	15.5501
13.0773	-16.0787
12.9769	-15.5485
14.7842	-14.4025
12.4946	-16.9981
12.238	-15.7127
14.2849	-16.4049
16.1498	-14.9191
12.6285	-14.1525
12.303	-14.3225
13.2424	-17.2645
13.597	-16.3343
14.7992	-15.9894
13.5671	-17.8168
14.0952	-16.5073
11.9798	-15.8761
13.5652	-15.1943
12.0486	-15.4636
15.0637	-15.1683
14.3738	-16.3504
14.0203	-14.5104
11.9756	-15.0146
12.9329	-14.8451
13.9659	-18.7494
15.1674	-15.0689
13.0231	-16.2714
14.0688	-16.8532
13.6196	-15.5865
13.8475	-15.9152
15.9446	-16.234
14.7897	-16.6068
13.1523	-15.5153
13.6636	-15.9504
14.0018	-16.4946
13.5861	-16.2759
15.965	-16.7941
12.6384	-16.9588
13.1905	-16.4457
12.7335	-15.1582
13.7765	-15.8564
15.5374	-14.1747
