-1.09219	-2.30003
-10.9557	-9.71055
-1.58245	-2.4643
-2.95077	-1.37373
-1.45581	-4.02466
-5.39125	-1.9728
0.687428	-7.37886
-6.41704	-5.89392
-1.4743	-4.98758
-4.74372	-4.80629
-0.976343	-5.73193
-3.94308	-9.02061
-3.42186	-5.61629
-6.42655	-5.1821
-3.71258	-1.25204
5.86627	-3.84325
-1.67454	-7.26782
-6.56507	-5.16097
-0.397636	-1.50028
2.40172	-4.15975
-10.2491	-10.2893
-11.18	-8.69266
-4.1936	-0.77149
-3.09679	-2.57929
-4.55805	-6.99166
-2.41077	-7.88752
-2.54489	0.0173742
-4.43153	-6.70691
-5.88148	-7.15183
-3.47228	-4.23933
-1.8469	-9.89206
-4.71421	-10.919
-3.05676	-1.51262
-4.60625	-6.08515
-0.0844013	-3.16183
-5.53937	3.00816
-3.4531	-5.94546
3.59949	2.57095
-8.3867	-9.94443
-5.36643	-2.6006
-3.00915	-1.60679
-4.07548	-0.594933
-10.0643	-2.67119
-4.49863	0.745189
-4.83218	-2.63553
0.572495	-2.66315
-3.41516	-9.03445
-3.98102	-8.78317
-4.11306	-3.29623
-1.19058	-1.35461
-0.470712	-9.31561
-10.6513	-0.31823
-3.18442	3.79849
-7.67888	-4.75468
-4.86012	-8.96945
-0.478529	-6.44489
-9.322	-8.37124
2.88919	-12.2112
-7.42312	-0.0739884
-8.52217	5.85694
-8.99211	2.5216
-4.54365	-8.2793
-10.0547	-2.73987
-6.29198	-2.44505
0.161262	-0.391042
-5.06873	-4.47576
0.408304	0.0757434
-6.58847	-5.88135
-3.14033	-2.75988
-4.96344	-4.42245
-12.6562	2.8031
-7.17218	-8.11729
-6.40777	7.05508
-1.09167	-5.25362
-5.61919	-6.34364
-3.02652	-5.93922
-1.25359	-3.69373
-4.93859	1.40502
-8.13573	-6.49668
-15.1088	0.367661
-4.33354	-8.03889
3.17351	-3.19575
-6.71456	-9.12613
1.91472	-9.28588
-7.03467	-10.2112
-3.30983	-3.62304
-6.03287	2.68403
-9.60095	-4.61179
0.712242	-1.66721
3.73212	-6.91347
-8.84219	-1.08972
-5.73713	-1.88871
-3.01194	-0.359395
1.11404	-2.16369
-7.87161	-5.22677
-2.09934	-2.06173
-10.4944	-0.32713
-2.81911	-9.93265
-2.98914	-2.70647
-2.72474	2.05054
-4.00437	-10.8715
-14.0213	0.27064
-10.3838	-6.26766
-7.88968	2.11852
-7.29587	-9.03212
-3.39482	-6.54489
-4.92717	2.10715
-5.9462	-4.57386
-4.77023	-5.96957
-3.1822	-5.51484
-0.172263	-5.6771
1.72536	-4.20331
1.89587	-3.98048
-1.55058	-5.82561
-10.6925	-7.27734
-6.66162	-3.89507
-2.70894	-4.39848
-2.16124	-4.03839
-7.08006	-2.77478
-4.12006	4.92231
-8.45977	-7.64788
-0.702059	-8.37649
-3.48239	-0.211585
-3.60101	0.707635
-0.844722	-4.68931
-7.55948	-2.26692
3.537	-5.79853
-2.5658	-0.102833
-5.08598	-16.9259
3.79294	-8.70783
1.97073	-5.41632
-1.54751	-3.83392
-2.43626	-3.94202
-2.15396	0.230553
-4.43571	-3.47749
0.157774	0.0165751
-2.36654	-5.52588
-4.0697	-5.57191
-1.75318	2.87523
-1.50837	-9.95115
-10.1468	-1.10589
0.823006	-2.1849
-4.1546	-3.86849
1.23094	-0.120542
-2.82247	-2.93371
-3.79385	-6.7149
-2.92547	1.10966
-11.8115	4.49873
-1.48998	-1.10784
3.11216	-0.0727258
-4.31508	1.75389
-4.67288	3.53008
-3.145	-6.83531
0.193754	-6.09882
-5.13126	-4.66261
-2.86415	-6.41044
-8.33837	-0.316519
-0.373743	-9.81143
-3.71816	-7.42278
-6.47483	-4.2499
-2.02532	0.435516
-4.89144	-7.06358
-2.60354	-0.642342
-6.7495	-1.63625
1.26621	-4.2403
-5.17007	-6.37326
5.82568	-8.11331
-0.224291	-0.749878
-9.41675	-1.1108
-10.033	-2.59811
-0.231072	-1.55285
-3.38022	-4.25327
-0.28086	-2.11684
-6.41233	1.69058
1.67498	-3.58595
-7.65966	-8.25221
-9.04416	-8.19929
4.41753	-8.45536
-15.4089	-3.40428
2.82181	-4.902
-9.99638	1.20734
-2.71341	-6.83794
-5.53569	-9.58977
-5.27103	-7.61797
-7.80928	-3.1197
0.683146	-2.56912
-4.74348	-0.957339
-5.76158	-0.949615
-0.433287	-4.81428
-2.57246	0.868173
-7.31091	-2.9733
-1.89969	-5.03863
-9.26912	2.78429
-1.56455	2.01377
-7.36427	-7.12803
-1.16267	-5.39699
-10.7951	-5.19362
-4.64817	1.11205
-1.7086	-6.38669
-3.80022	-6.41637
0.170154	-5.69199
0.95952	-2.36296
-1.75158	-0.718688
-11.8817	0.423094
-2.5872	0.0882718
1.11757	-5.89877
-6.38588	-6.07536
-3.04769	-4.08459
-11.5552	-6.05252
-9.35458	2.48768
-0.891798	-12.4999
2.31787	-6.13206
-2.33226	-4.81553
-6.11786	0.427914
-8.39359	-3.9906
-0.97552	-5.59865
-0.408392	-4.14305
-0.847971	-7.78244
-2.40543	2.46559
1.70861	-1.61308
-6.63406	-3.9557
-3.97406	-9.62963
-5.25462	-4.54646
1.84324	-2.06118
-2.92372	-4.70503
-1.88402	-0.487808
-6.99706	-8.02505
0.348255	-4.62179
-2.45336	-8.72347
-2.87091	-1.31416
2.86037	-8.50694
-2.36481	-6.73167
-2.9523	-8.62514
-5.82539	-8.60483
-1.31326	-2.99254
-1.49516	4.04959
-2.35017	-1.5388
-2.3226	-5.90005
-1.78175	-0.970698
3.2581	-5.27495
-10.2909	-5.96226
-2.8792	-4.60352
-5.17764	-2.0831
-7.46924	-11.8471
-4.73142	-3.01997
-1.93768	-1.62141
-6.47331	-2.47391
3.85103	-4.48708
-3.3228	-11.6384
2.60783	-0.45885
-1.94471	-8.43899
-3.17769	-5.44905
0.671157	-4.95224
-3.78551	-4.28529
-5.77281	2.24513
-0.528796	-6.49573
-9.78917	-2.40513
0.353053	-3.74305
-1.29774	-3.16804
-9.79837	-7.66161
-3.65513	-4.06097
4.63466	0.923027
-2.37654	-5.90993
-1.72639	-6.00901
-3.67722	-2.05838
-2.31484	-1.68134
-0.706348	-1.37888
-7.82781	-6.32363
-2.89055	-4.06445
-0.394728	-7.18175
-8.10815	-10.3988
-6.64401	-0.368277
-5.79253	0.169541
-8.34827	4.60368
0.520367	-10.4434
-11.4607	-3.51492
-9.9459	0.820013
-1.56744	-0.321341
-0.853594	-3.47998
-6.39058	-1.43979
-1.49681	-4.81955
1.12011	3.67258
-5.08865	-3.30438
3.21123	5.46402
-4.71469	-5.04232
-7.71094	-0.675712
-2.1151	-4.34626
-4.48975	-4.73847
-9.84167	-1.67344
-7.84416	-1.36273
-6.58928	-6.86088
-0.986436	-0.0460459
-4.20991	-2.17209
-10.4076	-4.22985
-4.21984	-7.05331
1.16855	-5.19099
0.854782	-6.68677
-5.4251	-8.50373
4.60977	-8.1168
-1.04632	-9.54674
-6.41801	-0.00505009
-8.60614	-6.38671
0.0381285	-0.865059
-3.89424	-7.53514
-8.9082	-6.2115
-4.15176	-8.77309
-2.02618	-10.5524
2.76837	-6.01021
-6.67628	-0.173635
-2.93325	-9.68853
-9.56049	0.436116
-3.66345	-3.93544
-2.14166	-2.41194
-3.62111	-5.69082
-1.31544	4.36815
-7.37769	-6.99673
-4.5016	-2.68833
-5.57478	-2.32223
-6.79806	-4.60722
-9.4568	-10.5376
-0.75069	-5.30493
1.32721	-4.63454
-6.50032	-0.646052
1.59994	-0.806735
-4.93562	-7.54611
-8.1659	-3.42787
-3.52448	-5.46616
-3.78168	-3.15472
-3.6315	-1.97718
-6.84476	-2.5915
4.59713	-3.29305
-0.698895	-5.42655
0.201693	-2.84346
-4.24295	-5.17984
-7.00281	-9.45703
-8.00553	-10.2635
1.09642	4.18771
-4.64489	-4.9023
-11.7002	-5.09421
-5.53988	0.486876
-1.76712	-6.2261
-4.66189	-4.90274
-4.05126	-6.20478
-0.861042	-7.47467
0.349174	-3.72905
-1.6443	-1.49704
-0.447991	2.37215
-4.05863	-10.0072
-12.7668	-4.76625
-4.13078	-9.86384
-3.34682	-2.13925
-2.40861	-13.2788
-5.67507	-2.92473
-8.61944	-5.36409
-3.7672	-9.22329
-0.0274644	-4.56284
-2.08937	-1.06217
-5.37481	-7.99016
-2.74016	1.38845
-6.16921	-5.66114
1.97711	-6.53932
-5.08109	-2.57046
-10.3361	-6.40785
-1.47352	5.28128
-4.22107	-4.96285
-0.316786	-4.48861
-8.99178	-5.49644
-8.06435	-1.15258
-6.10539	2.56976
-1.69261	-7.70484
-3.08635	-6.1484
-10.1442	-5.29532
-8.63042	-5.73379
-8.00419	-7.66731
5.82908	-3.33026
-2.25649	-0.542862
-9.06533	-2.81766
0.29688	-8.75679
1.83218	-1.29186
-1.13053	2.66728
-1.25414	-2.82331
-8.09045	-4.28959
-7.3187	-3.34233
1.0685	0.946451
-4.50816	-3.7262
-4.11807	-8.52793
-2.44776	-6.91105
-2.64191	-4.0018
-2.5002	-8.14038
2.2674	-2.77583
-9.66733	-3.52103
-0.984194	-3.45292
1.46657	-13.009
-1.94251	2.44319
-0.646846	-4.48484
0.949847	-5.42797
-5.18122	-0.787217
-2.5212	-12.4588
-3.99992	-4.4716
-2.51543	-4.25678
0.696172	-3.93373
4.98085	-2.32366
-0.82596	1.8344
-2.16513	-3.67055
-4.1992	-7.51618
-6.92863	-2.22423
-2.95647	-12.4631
1.33008	0.889063
1.60916	-11.3979
-1.44743	2.96945
-11.496	2.04041
-9.98805	-3.90937
1.21542	-4.26385
-5.5508	-1.61386
-0.908185	-2.23928
-1.39962	0.273003
-2.41825	-5.99374
-12.6512	-6.32585
3.57359	-7.71091
-2.68444	-1.98861
-2.38265	-1.03304
-2.36277	-3.30458
-4.61955	-0.319729
-7.6305	-3.5759
-8.8411	-3.85167
-0.870355	-4.94818
-7.97731	-3.35426
-11.4468	-3.39926
-0.61071	0.146821
-0.807114	-1.86824
-3.73609	-0.902271
-10.3855	1.73174
4.55923	-2.22177
-8.6136	-9.49755
-4.53121	-6.20885
-5.57058	1.25781
-4.29828	-3.08784
-1.10431	1.80016
1.07659	-1.0197
-4.25696	-6.26904
-4.20057	-10.1135
-1.23048	-3.79063
2.57305	-4.74422
-2.19301	-8.3489
-7.0361	-0.223405
-11.0785	-10.1639
-7.82279	-7.92106
-6.59092	-3.45603
0.43717	0.651685
-10.1949	-7.77584
-10.0178	-4.02105
-11.6956	-5.21232
-1.87438	-6.75456
-2.72384	-5.11135
-8.87891	2.02734
3.48106	-0.378692
-7.58472	-11.3002
-3.90424	-10.8578
-9.22892	-0.185316
-1.79324	-0.787669
-1.79283	-7.42076
-3.72231	3.37185
-7.52641	-9.37118
-3.37384	-4.09462
0.798974	-12.7537
-3.39906	-5.16798
-11.4472	-1.69077
-5.53691	0.476028
-6.33124	-4.42503
-1.55626	-5.00524
3.9789	-16.1403
-3.97278	-8.16621
-3.38968	0.637027
-9.99478	-2.54325
-0.28869	-2.21867
1.56498	-5.374
-3.16646	-2.02367
-11.0359	-8.51333
-3.2226	-8.93315
-4.39641	-4.344
2.27983	3.21839
-6.73709	-11.4309
2.82883	-7.56647
-6.47723	-2.14402
1.29347	1.01102
-6.75117	-0.202319
-2.36924	-4.34422
-8.13911	-5.70949
0.832058	-2.61716
-7.37322	-0.160704
-7.40973	-7.02495
-5.46392	3.26863
-5.25813	-5.50227
4.4495	-0.493962
0.1616	-6.35676
-3.86986	-5.78321
-0.189552	-8.16085
0.451739	-2.74746
-5.50641	-5.70147
-4.22704	-5.4237
-7.48436	0.974007
-3.85095	-2.28019
-5.37381	-6.63366
-3.73172	-8.22354
-8.91354	-2.55353
-7.53099	-1.68486
-7.02897	1.47192
-6.22738	-9.38609
-8.05835	-8.56198
-1.95861	-3.95596
-11.0455	-3.24972
-0.961912	-4.02807
-2.12358	2.15358
-6.64518	2.31679
-5.52374	-2.10272
-8.60928	-2.43826
-2.2887	-2.93774
-2.55404	0.752785
-3.94931	-1.06513
3.68727	-4.39441
-1.23892	-12.0259
-4.6887	0.0127713
0.140146	-7.09505
-10.9379	-4.36476
1.53332	-9.80494
-14.6431	-6.31973
-7.72781	-12.6902
-3.63578	-3.82828
-2.72296	-1.24828
-3.45755	0.45076
0.684829	-4.39135
-8.21531	-8.35122
-1.57975	-1.48242
-1.35135	-5.51995
-1.09836	-8.10675
0.593762	-4.76899
-7.06327	-5.455
-3.98913	-3.08627
-3.98866	-9.5708
-6.27111	-5.20442
-4.87651	-1.61608
0.0846926	2.24365
-5.1529	-0.545255
4.36361	-10.7343
-3.96479	-5.57814
-7.09634	-7.07763
1.81274	-4.31764
-8.10169	-2.39827
-6.30692	3.67271
-7.84107	-2.92762
-0.435519	-7.11978
-10.3294	0.810318
-7.48145	-2.90865
-1.65017	-11.3244
-3.25162	-3.24419
-4.68279	-5.89918
-4.52198	-1.5201
-7.67026	-6.3095
-1.6289	-9.25591
-14.5166	-9.51387
-0.386174	-4.95408
-6.10201	-5.13737
1.20951	-9.43174
-7.76021	6.67102
1.97512	2.46919
-6.10555	-0.773452
-2.89775	-2.27032
-2.80663	-5.26414
-1.54161	-10.8226
-7.36329	-9.23289
0.99328	-7.04039
-5.74596	-0.35282
-7.91649	-0.413134
-8.12368	1.24617
-8.74864	1.34539
-6.96985	-7.24078
-1.14638	-6.83088
-9.02121	-0.0360358
-2.66088	-4.13364
-4.52161	-7.46411
-4.54185	2.10066
-4.90693	2.45524
-5.261	-0.106299
-0.931565	0.00708659
-3.85625	-8.15037
2.00011	-6.45629
-0.3653	-5.63682
-1.31891	-6.29912
-0.47115	-5.04559
-7.31517	7.13745
4.29257	-10.7619
-6.70189	-5.78144
-2.75814	1.11929
-0.240723	-3.5852
-1.65151	-0.646069
-0.969013	1.8227
-7.03692	-5.50995
-3.94315	-3.23914
-0.655724	2.46248
-2.43657	-10.6859
-3.77912	-10.6023
0.968457	-6.72129
5.60805	-9.58696
-0.450417	-0.839761
-6.47797	-8.61069
2.35991	-0.720966
-4.10501	-6.05677
-7.23021	-3.43843
-1.21545	-1.56684
-5.28746	-1.81048
0.0352802	-6.56825
-6.1707	-2.15696
-1.0987	-7.18857
-9.48153	2.1239
-8.37052	-3.68628
0.177303	-3.9391
-1.80122	0.3166
-6.275	-1.20762
-0.302414	-3.89095
-2.9201	-2.09601
-3.37438	-6.19146
-13.3288	1.84046
-1.92473	-4.36975
-5.39708	-10.0417
7.89078	-4.82956
4.71124	-5.74654
-4.49788	-2.59739
-1.88265	-1.95463
2.40565	-9.14604
-8.98738	0.80994
-8.05765	2.02999
-8.56111	-1.01198
-7.73596	-13.4874
-1.36658	-5.35266
-5.25615	-3.25084
-5.62697	-3.93443
-3.17201	2.34006
-1.82065	-6.61506
-5.30814	-4.36119
-1.20087	-3.8357
-1.19797	-3.16119
-6.11204	-11.1937
-7.99687	-6.57379
-7.50052	2.05341
-8.49901	-6.63906
-3.19744	-1.1809
-6.98797	-6.27169
0.191984	-1.25364
-4.028	-0.470885
-2.93983	-2.96441
-8.94216	-1.83818
-5.34672	-3.02817
-2.69463	-1.39188
-5.30756	-3.58299
-4.09843	-8.27566
-1.93022	-2.32924
2.52916	-9.0419
-7.75562	-11.7999
-7.31593	0.711366
1.23695	-2.41124
-5.37506	-0.785615
-5.94429	-9.64698
-2.12113	-3.90892
-4.96375	-4.36063
-6.82252	-6.04273
-2.0633	0.236078
-5.96725	1.69064
-11.5851	-2.73557
-7.91652	-6.27919
-1.94086	-3.47479
-3.60413	4.18966
-13.744	0.64888
-0.495697	-5.7195
-7.01221	2.52761
-5.76189	-4.81271
-6.65901	-1.99469
-5.79427	-12.1859
-2.30882	0.932773
-2.01183	-0.701936
-3.9286	-6.32083
1.52036	-13.3168
-2.76717	0.617646
-2.04666	2.86053
-4.96865	-0.614662
1.84806	3.36618
2.15161	-9.60495
3.44608	-5.01142
-7.40638	-6.7384
-6.90533	-1.67221
-5.1742	-2.9583
-4.07107	-2.56363
-5.28945	-1.94621
-7.15036	-9.03387
0.264316	1.90263
-2.18849	-4.64359
-4.66218	7.01363
0.387018	3.79107
-6.01419	-8.07245
-1.84405	-0.919063
-0.283641	-10.4307
-4.4623	-2.86185
-9.31798	0.446118
-7.00565	-5.84191
-7.74872	-0.812546
-4.10903	-1.44996
-8.12719	6.28204
-3.09971	-6.27789
1.11483	-12.3783
-2.97968	-10.8911
-5.1695	-4.64174
-4.54171	-3.47345
-4.40582	-3.41469
3.60013	-2.157
4.61269	-2.36893
-1.25338	-0.690023
-3.84796	-2.62807
-0.645517	-1.97681
-5.13124	1.94227
-13.0918	-6.95426
-3.43042	-1.76488
-0.348553	-5.52434
-10.401	-11.9931
-7.8683	-4.75144
0.807492	-9.24302
-5.99077	2.55716
-2.976	-7.70475
-3.03231	-5.03081
-4.04514	-9.83327
-11.9999	-3.84859
-8.07589	-7.38095
-0.134989	-0.14683
-2.91722	2.85709
-3.41407	-2.7105
-6.99064	-2.98772
-5.19406	-6.91652
0.258965	0.0974407
-6.00242	-8.04371
-2.81059	-1.09928
-7.40622	2.48011
0.967708	-4.89875
3.63883	-5.20713
-7.1686	-4.10544
-7.36519	-5.02173
3.34647	0.958493
-7.76434	-1.84987
-0.483571	-6.2647
-6.93763	-4.63492
4.23068	-6.09657
-0.558976	8.12261
0.381649	-4.84018
-9.01466	1.78316
-3.86314	0.62032
-2.36633	-7.97185
-6.76679	1.80136
-4.82845	-2.99588
-2.77752	1.15716
-6.30762	-2.87998
-1.47755	-2.74667
-3.09459	-4.45641
-3.89782	-0.486161
2.87574	-1.62006
-1.70846	-5.2233
-4.62554	0.709128
-3.86009	-2.08355
-7.17662	-4.9416
-1.94147	0.87894
-4.30702	-9.59753
2.79698	-14.6034
-0.51815	-6.08176
0.498625	-4.441
-4.51334	-9.83371
-6.30529	-6.63195
1.05477	-4.10152
-5.95195	-5.52748
-9.33984	-4.54847
-7.84063	-4.32135
-0.130781	-7.39153
-2.62213	3.73966
-2.3175	-4.3069
-3.82887	-3.39716
-1.08516	-0.348803
-5.31026	-7.85535
-7.47625	-1.82838
-1.06378	3.42032
-4.58802	-6.77221
-8.40003	-1.69348
-9.53368	-3.14913
-9.34117	-3.34789
-13.5141	0.154486
-3.61639	-7.35326
-7.17093	-1.03901
-8.33797	-3.0071
-3.19724	-4.09507
-6.01684	-4.98019
0.836557	-3.47731
-3.3125	-1.31188
0.466212	-6.95063
-12.1527	-5.44608
-2.5357	4.5
-0.125976	-6.55801
-4.61253	-2.89479
-6.21277	-3.55885
0.272895	1.38338
-6.96272	1.53226
-2.42829	-2.80819
-10.2262	-1.82281
-9.74916	-4.73969
-9.10246	-0.599965
-0.951181	-5.30627
-2.32959	-8.05347
-0.774416	-9.25882
-0.977858	-4.03009
-11.3059	-8.48704
-1.74728	-2.6716
-6.24313	-1.77784
-8.04827	1.88579
-3.39155	-7.67058
-8.36448	-3.65103
-6.91686	-4.15324
-8.88997	-6.83853
-6.95173	-3.26006
-6.6404	-2.33538
-4.39278	0.858395
-7.4846	-2.72026
-6.1829	-9.93202
-0.912354	2.22657
-7.1452	-0.843895
0.929281	-0.207145
-2.20837	-8.69792
-6.87745	-0.405544
5.29902	-5.71258
-3.14177	-3.38676
-0.260524	-8.78258
-8.88994	-2.74247
-0.168111	-2.03634
-3.8068	2.77326
-0.775592	-4.01595
-9.16262	-5.26061
-7.5078	-0.207268
-2.14088	-0.660071
-3.71853	-5.89038
-6.1122	-5.18946
-5.21487	-3.51799
-2.91374	-6.5592
-6.01978	-2.62404
-4.22998	-8.58281
-7.32154	-3.77643
0.22605	-8.47318
-2.24731	5.83538
-2.73611	0.186438
-0.856779	-1.45904
-4.33419	-6.77389
-4.5418	0.454856
-2.93123	-9.63969
2.37678	-0.477171
-4.28434	-5.81092
-11.0455	2.05431
-6.07785	-2.72866
-12.7574	-8.6602
-4.3105	-5.37036
-5.47461	-8.4202
-6.5108	-4.03526
-5.37816	-1.22844
-6.79291	-8.08454
-8.18436	-10.8353
-3.35745	-13.5262
-8.70425	-4.64943
-5.07249	-5.10579
-4.64309	-5.83806
-3.66729	-8.88614
-6.13495	4.68362
-6.44435	-4.05004
-9.65211	-8.41424
-3.8403	-6.0331
-11.3603	-6.17614
-2.28402	-4.26505
-6.86577	-3.22501
-7.30649	0.579438
-7.30468	-8.03008
-5.4655	-4.2557
-2.02489	-1.82409
-0.0298354	-4.67082
-2.80363	-9.79042
-8.65187	-2.22025
-6.86622	-8.56276
-0.313856	-2.32351
4.23973	-3.09971
-4.56442	-2.13601
-2.30999	-6.87977
-6.15721	-3.38823
-6.277	4.02151
0.755394	-6.06815
-9.55197	-0.517994
-4.70502	-1.48116
0.552322	-1.1884
-7.25874	-3.42499
-1.98063	-9.34594
-1.65581	-6.70978
-5.96437	-3.29562
-9.00723	-4.00421
-2.00816	0.232917
-5.84529	-6.72673
-3.07078	-6.16859
-5.40616	-2.91476
-0.057704	-0.46779
-0.0436219	-3.33866
-2.46766	-0.61495
-12.1607	-6.86706
-0.199211	-1.57608
-1.80756	-6.37003
-1.52805	-3.30541
-7.72576	-12.4234
3.61089	-6.26752
-6.85814	-2.15011
-10.4587	-1.95356
-4.85303	-5.79605
-11.9273	-1.39386
-4.67887	-7.72709
-7.1374	-2.27479
0.992796	-3.97944
-9.2243	-5.37927
-7.92088	-5.78539
-8.669	-5.0209
-6.88889	-7.51899
2.01383	-9.45008
-7.12289	0.67748
-5.22489	-2.74584
-8.48095	-3.7319
-1.52938	-7.33569
-3.02036	-6.94182
-2.795	0.714464
-3.49486	-11.6834
-3.08114	-2.65252
-5.43196	-3.82094
-1.66771	-0.493954
-13.3412	2.51944
-7.04453	-4.14272
-3.11177	1.62034
-2.43542	-5.64123
2.76585	-9.3851
-5.85485	-2.29454
3.54084	-4.80728
-4.69392	-6.73027
-4.55642	-4.20017
-5.12166	1.43981
-6.05468	2.94738
-4.37742	-5.02808
-5.7502	-2.70589
-4.9434	0.258062
0.488286	-4.91239
2.59721	-10.9387
-1.8139	-7.2336
-4.65268	-6.11938
-1.93839	2.38139
-0.432409	-8.4439
4.96346	-4.24606
-3.39214	-8.2836
-5.26992	-6.03292
1.5231	-10.1733
1.4269	-3.11266
-5.91261	-4.10994
-6.62824	-2.88298
-5.7547	0.561653
-3.87607	-12.2082
0.90999	-9.60617
-4.63476	-1.23487
-4.20965	3.07685
-1.47139	-2.26141
-1.87968	0.470035
-4.15285	-6.40911
-8.45778	-4.07308
-2.12955	2.09245
-1.64451	-4.01014
-6.22287	-10.5521
-5.52037	-5.18697
-0.335426	1.11974
-3.06652	-3.12477
-4.41706	-0.902212
-6.02549	-3.57927
-0.606929	-7.76031
6.97566	-8.2448
-1.14687	-7.76756
-4.96689	-7.19544
-3.71933	-5.17629
-6.28811	-3.44209
-8.61844	-3.74115
-6.38163	0.67728
-5.34491	-0.524018
2.55699	-12.9352
-2.422	-2.55903
-1.42399	-6.5487
-8.94136	-6.02487
-3.14129	-2.90806
-14.2045	-1.16307
-1.80063	-4.97437
-1.05719	-5.03168
-11.2754	-7.13685
-4.94926	-6.14907
-2.8949	-4.76356
-5.53494	-5.65991
-4.04056	3.47561
-7.472	-4.91571
-4.83941	-4.30538
-4.20592	0.57824
-8.76288	-8.0598
-3.07482	-0.155725
-7.05822	-11.2291
-0.933512	-9.26533
0.44466	-6.89614
-0.922339	-1.23921
-7.07922	0.358615
-4.94463	-8.11705
-1.55795	-6.61022
-6.23996	-10.0101
-1.18978	1.02838
-2.86993	0.232622
-6.70487	-5.25423
-9.37051	-0.940451
1.41778	-4.21814
-5.65165	-4.39714
-0.781197	-12.7661
-6.10257	-4.04703
-7.42023	-2.28509
-3.64566	1.13576
-12.623	-0.945529
-1.86551	-9.1791
-2.72315	-3.59799
-8.69974	-3.2591
-5.13784	-2.71947
-2.43057	-6.01333
-10.4384	-7.534
-4.54631	-3.50026
-5.80041	-6.25906
-8.58481	1.14602
-5.70946	8.02555
0.0685142	-8.59898
-5.3436	-8.71535
0.118152	-6.25952
-9.7238	-0.870668
-1.91114	-4.14732
7.89975	2.86102
0.0899124	-5.76656
-10.2328	-4.0712
-3.35158	-6.50684
-5.05082	-1.9437
-11.7996	3.59823
-6.17076	-1.0958
-5.21485	-11.6351
-6.80766	-1.92849
-1.72093	-7.4075
-7.54952	-9.44168
-3.82319	-1.30667
-3.64047	-0.791024
-7.76245	-9.00824
-11.2654	-6.82442
-7.01427	-6.61429
-9.40383	-5.10841
-6.21641	-6.47054
-5.39924	-0.154592
0.326333	-10.1665
-3.62895	1.12604
-6.02787	-7.49473
-2.90467	-8.74248
4.11735	-4.9615
-8.12365	-2.34863
-8.52796	-0.588722
6.83433	-3.81743
-4.32931	-3.10028
-4.79069	1.88162
-6.38407	4.86454
1.50756	-11.1816
-4.54035	-0.835593
-8.04512	-3.50221
-7.21701	-5.61531
-0.795636	-4.33997
-4.76765	-1.32277
-3.44972	-1.76693
-6.89535	-4.44088
-2.50512	-0.275774
-7.43604	-6.89285
-5.86693	-3.14621
-0.224571	-4.18929
-7.3431	-0.32037
-5.52009	-2.9017
-2.51163	-1.08152
-6.97603	0.917116
-16.1874	-14.565
-6.26546	1.81854
-4.50585	-1.77291
-3.68204	-8.01862
-8.28704	5.24718
-1.4031	-1.8813
-5.18966	-6.85062
-2.96337	-4.0949
2.1574	-6.81652
-12.7697	-4.15261
-9.03012	0.994238
-5.45689	-1.90894
-2.1681	-1.71713
-3.26947	-4.42647
-7.6018	-7.28686
-1.85968	-2.57094
-0.00897783	-3.71003
-4.20707	-3.37572
-3.05693	-6.8461
-5.34351	-3.07216
-9.18615	-5.31364
-4.62881	-6.93947
-2.83071	-1.72785
-6.57725	0.0161704
-3.8287	-2.20945
-0.496217	-12.3815
-0.991162	-1.34699
-2.03946	-0.604406
-3.93793	-2.13899
-4.11499	-7.58137
-4.70584	-3.21589
-5.45396	-12.9285
-5.83604	-6.0684
-3.73031	-1.72259
-4.67381	-2.15892
-0.658894	-10.2844
-7.86764	-1.38236
-7.08722	1.30116
-3.82968	-0.562661
-10.6636	0.563348
-5.99457	0.577332
-2.50768	-5.39988
3.06531	0.123059
-1.9787	-4.97187
0.1694	0.0239716
1.53404	-2.93917
0.436673	-3.2198
0.933516	-9.00825
-2.66749	-6.04338
-3.14635	-4.01016
-5.33023	-2.70818
-2.71277	-2.10547
0.136797	-4.94393
-3.67023	-0.695183
-4.09526	-3.45154
-6.90464	-2.22483
0.462578	-1.19928
-3.18997	-2.44291
-2.72341	-6.63275
-15.5496	-5.55561
-3.17278	-4.05945
-1.04503	0.17512
0.410938	-2.92592
-9.20214	-6.12353
-0.535479	-5.49621
-0.503746	0.538467
-12.224	0.644933
-2.37259	4.96211
-3.17195	-1.72498
-7.00286	-3.93989
-0.949491	-7.00858
-1.02036	-5.2421
2.1343	-7.81987
-3.0678	-7.18626
-4.04772	-4.09306
-2.48669	-4.01051
-2.7533	-1.53955
-8.70821	-7.14348
-2.21084	-4.01845
-8.61645	2.53001
-0.567448	-6.39549
-2.26397	-0.0870829
-9.184	-12.1844
0.939067	0.656083
-4.14737	-8.04738
-5.23527	-2.1825
-4.85608	-6.33426
-13.593	1.66153
-1.64037	-3.86616
-3.02489	4.68552
-5.15334	-5.85518
0.300074	-6.73226
0.291915	2.24097
-12.1275	-7.38127
-0.110262	-1.32969
-2.66875	-5.80425
-1.91167	5.12379
0.57141	-9.65636
0.798883	-5.1373
-9.33579	-0.468846
-4.66765	-9.6337
-4.77078	3.85967
-4.93503	-6.14701
-5.96984	-6.56191
-4.47108	1.65648
-1.17719	-1.17533
1.51739	-3.31942
-5.10759	-5.35723
-0.443225	-7.55448
-4.02392	-0.684087
-10.3453	-5.40401
-6.4844	1.15915
-2.03174	-0.737892
-2.40679	-8.67359
-4.79747	-6.16955
1.74179	-1.33232
-1.86668	-1.94136
0.368812	-3.2717
-3.61852	-6.01853
-11.3277	-1.58279
-5.93704	-3.70688
-6.03775	2.6256
-1.16435	1.41983
-7.6194	-2.41186
-11.5511	-9.79343
-5.90943	-0.586737
-7.75977	-1.69075
-0.134388	-6.31523
0.864973	-1.53447
0.456392	-1.70615
-5.94783	-4.37101
-8.41499	-5.22315
-0.902928	-1.65318
-11.4807	0.462715
0.685135	-6.69204
-2.59241	-2.61384
0.372088	-5.6903
0.67019	-6.42784
-2.75769	-3.55487
-10.1184	-0.704044
-14.4972	-1.29683
-5.35105	-2.11139
0.450893	-10.9413
-3.74668	-2.28914
0.754034	-7.13943
-6.42552	-11.0056
-0.0558901	-2.88037
0.474005	-4.23355
-2.58368	-4.92416
2.90954	-9.96533
-1.69698	-7.22523
-3.39545	0.132134
-8.20786	0.619099
-3.30067	-9.8343
-2.41908	-1.98669
1.89536	-9.21109
-9.47451	-7.6249
-3.4916	-2.88107
-2.59753	-6.28384
1.94084	-4.67675
-0.98353	-6.69236
-4.25672	-6.99904
-1.47169	0.353798
-1.39347	-8.22253
-3.93903	-5.34517
-8.2939	-8.24921
-10.733	-3.80993
-3.2626	-4.71891
-2.3021	-4.2362
0.903937	-2.98934
-12.5251	-5.90616
-11.8529	-7.15389
-3.19996	-6.24817
5.86677	-0.670428
-0.744755	-2.61195
-10.4909	-4.61763
-1.39395	-7.46908
-2.95489	-8.10082
-6.73377	-3.87118
0.670757	-6.13935
-5.89471	-3.57963
-0.976012	-0.540548
-2.82219	-6.08753
-1.0645	-7.17477
-8.14615	0.151476
-5.29556	0.487341
-6.14905	-7.23668
-4.87219	-1.99629
0.974751	-9.05489
0.0746724	-10.1346
2.51061	-10.4211
-11.6317	-2.05053
4.3709	-3.89682
3.213	-4.77725
-5.66354	-1.26247
-6.45244	-1.66071
-3.35997	2.61869
-12.1351	-8.54355
-8.1182	-6.49099
-1.97308	-4.11432
1.93842	-2.62715
-3.39604	-7.86756
-9.88733	-3.97203
-3.89145	-2.39703
-3.07695	-7.01616
3.65603	-1.44554
-3.4994	1.43095
-5.84827	-8.41036
3.45899	-5.15625
-5.76733	-5.59189
-7.81188	-6.27082
-1.76449	-9.10105
-0.74949	-3.22606
0.0452194	-2.96703
-2.15375	1.52112
-3.9686	-1.07351
-2.97482	1.25242
-9.04174	-5.14032
-5.44965	1.22518
-3.72562	-0.759406
-3.37132	0.648238
4.25482	-5.74658
0.623648	-6.59272
-4.90397	10.1615
4.19207	-8.35706
1.87757	-3.38466
-3.68018	-5.80092
-10.6896	-7.47773
-4.65708	0.181682
-10.267	3.9506
0.838379	-4.3908
-5.06121	-9.62629
-3.45197	-10.9256
2.14565	-8.25878
-1.01412	-0.301947
0.689267	-5.86316
0.499092	-4.80743
-6.83074	-4.61746
-5.97379	0.858539
-5.70394	1.58318
-12.1727	-0.855827
-7.88226	-4.90133
-12.9762	0.811848
1.0744	-5.3618
-5.49557	-1.9447
-2.14009	-0.9803
-3.8282	0.538475
-7.75992	-4.4759
-6.89509	0.50093
-6.54912	-9.46961
0.288107	-10.4957
-5.23931	1.91088
-4.63891	-6.04265
-1.24125	-10.8104
-4.3568	-2.15551
-6.99665	7.21436
-10.6931	-5.56175
-8.18535	-4.78719
-2.96391	-4.77004
2.36756	-5.10919
4.04305	-8.35185
-3.47009	-4.87411
-6.03092	-5.09296
-9.28734	0.564454
-2.46654	1.49282
-4.82614	-2.87221
-6.34157	-2.49214
2.14086	0.0731933
0.190071	-2.57722
-2.2149	-7.13971
-7.02468	4.86586
8.97582	-8.34383
-5.44824	-4.55466
-2.63873	-1.38061
-3.74405	-0.943983
-4.24944	-3.47317
-0.607701	-2.44201
-4.99705	-6.95972
-6.7676	-11.4038
-10.5676	-3.00018
-2.45709	-8.39485
-1.84801	-9.86729
-9.90552	-4.34118
0.346405	-1.75329
1.64669	0.29137
-2.50108	-8.97718
-1.78797	0.876437
-1.33336	0.40552
-4.42643	-2.01104
-2.17421	-8.6855
-4.04532	-5.95636
-0.696651	2.12288
0.577233	-5.59747
3.0505	-7.80847
-4.72318	-1.3346
2.39974	-1.57284
-6.94362	4.19577
1.90022	-8.02214
-3.60439	-2.47189
6.76672	2.88736
-8.0351	-5.81018
-6.64907	-1.24161
-1.25868	-6.25923
-2.17906	-0.179173
-1.63522	-4.36712
-4.332	-9.89301
6.06281	4.52253
-3.57057	-6.35681
-2.62004	-7.06019
-8.20101	-7.70209
-5.5451	2.75203
-5.38819	-5.17562
-6.67506	-6.79104
-1.69502	-0.306404
-9.95485	2.90734
-6.83533	-11.2744
1.97635	-6.41123
-2.61794	-5.12108
-0.612904	-4.51827
-1.28498	-4.83756
-9.32107	-8.12372
-3.12492	-0.761202
-2.49568	-4.45009
-3.59063	-6.40155
1.71074	-5.37603
-12.1554	0.603047
-9.98871	-2.97675
1.96967	-6.72032
-2.38263	-1.43876
-0.141121	-7.15664
-8.39042	-0.292736
-12.9755	-3.59669
-9.10729	-6.82909
-9.63015	-6.49015
-6.49407	-2.56632
-8.48854	0.457854
-7.88017	-7.4151
-3.38918	3.25987
4.81335	-10.1375
-3.2316	1.49619
-1.77992	2.34469
-5.2358	-5.36504
-1.43519	-4.88365
-3.43658	-3.61692
-1.811	-8.07892
-8.71232	-5.71599
-8.08562	-14.6743
-4.50634	-8.23838
-6.53189	2.43603
-5.31649	-2.10346
-0.626542	-3.84323
5.88564	-5.40155
-7.79677	-4.43658
-0.665617	-3.38083
-5.08994	-7.49415
0.382404	-3.84137
-5.95152	-7.90413
-4.95627	-4.94188
0.271855	-4.29369
-2.43381	-0.810654
-1.2589	-5.84607
-5.92108	-1.72406
-2.43595	-0.897152
-7.4034	-3.46279
-0.866616	2.98933
-12.4421	-7.63619
-0.263531	-0.891343
2.28033	-8.07525
-2.24798	-6.49692
-4.58865	-4.85896
-2.48194	-9.44991
-14.5968	-10.3474
-3.68981	-6.06019
-4.41937	-3.11502
-5.53924	-1.89199
-5.62686	-10.1278
-2.23205	-9.6915
-4.03962	-9.68516
-1.42497	0.986448
-2.33451	-8.47035
-11.3755	-1.33684
-0.581765	-1.12023
-6.70523	-3.04024
-9.03454	-2.52252
-3.2103	-4.20196
-3.31285	-10.8886
-5.46098	-5.25701
4.29754	-13.8643
-4.04596	-6.82508
2.88685	-6.19091
-4.11747	-2.94722
0.197029	-0.536604
-8.36507	-5.11973
-5.77933	2.96031
-9.76102	-4.94962
-6.29291	-9.78294
-2.56305	0.42824
0.732773	-3.13875
-5.95041	-0.830168
-2.47516	-3.60678
-8.40438	-9.50253
-8.11192	-7.80588
-0.613884	-11.3806
-0.379437	0.621076
-6.17715	2.24309
-7.37364	-0.285456
-12.7843	2.41067
-1.90922	-3.82964
2.07107	-3.58136
1.60314	-0.451885
0.4173	-4.69652
-5.03112	0.4
-12.1862	-8.09744
-1.19484	-5.95206
0.892771	-2.96328
-3.98213	-1.87242
-0.581103	-4.49559
-3.54088	-3.60477
-5.86198	-2.38435
-1.30731	-8.93319
-4.60614	-0.0781227
-9.89078	-0.0356972
-3.39805	0.483445
1.18944	-12.06
-0.389075	-1.77387
-1.74847	-1.73377
-4.24255	-0.820776
-6.16718	-6.0553
-3.98359	-0.123834
-1.97062	-9.59414
-3.23242	-8.58563
-14.8152	3.31766
-3.99418	-3.09639
-4.96205	-1.21663
-6.44915	-1.82936
-13.608	-4.13157
-1.89889	-1.79479
-8.25687	-4.80995
-4.1259	3.1445
-10.4511	-1.48517
-5.11214	-7.95508
-0.592344	-5.2314
-1.2517	-0.99223
-5.38811	2.30553
5.99347	-6.97732
-7.51561	-0.054508
-7.60336	-8.59129
-0.586587	-4.86847
-3.99625	-4.83153
0.70136	-2.82288
-8.41209	-5.80675
0.0744233	-6.50248
-2.86971	-10.304
-13.6772	-7.20667
0.189055	-2.95214
-7.43008	-2.34757
-7.42068	-4.03521
-5.19132	-2.98719
-1.84442	-1.44753
-13.5206	-4.14436
-2.05844	-1.1917
-6.55883	3.67158
-5.61582	-2.2222
0.298999	-11.1842
-8.22973	-0.1448
-3.19835	-7.25391
-7.07828	-8.85079
-3.6383	-1.92493
-8.6573	-7.51608
-4.38948	-6.03129
-4.65385	-6.46495
-9.30682	-10.9258
1.3512	-7.19021
-5.10199	1.5393
-10.8705	4.22609
-8.80699	-8.8537
-8.64758	-1.99933
-1.35291	-8.08179
-9.8115	-5.51135
-5.4562	0.923101
-1.39959	-3.95178
-5.28964	-1.54587
-10.144	-3.13687
-3.50345	-0.198571
-5.85444	-5.27909
-2.37794	-5.66402
-4.66781	-4.46967
-4.12488	-3.75787
-11.4352	-3.93316
-2.74609	-1.18024
-3.83169	-13.9069
0.518844	-3.23148
0.105036	-2.54354
-6.08976	-4.80594
-7.12017	-5.67687
-10.0897	-4.11274
-5.27844	-4.17415
0.668908	0.710327
5.18247	-0.369236
3.04821	-1.11819
7.50206	-8.34409
-11.2247	-2.17252
-1.74848	-3.33555
0.210358	-8.04457
-6.80262	-9.98779
5.70024	-4.14149
-2.07047	1.22102
-7.56853	-4.66325
-3.32765	-4.13058
-6.56897	-3.16031
-6.2329	6.5343
-4.44536	-2.63306
-2.45618	-0.22609
-5.01008	-2.93373
-0.249379	-4.37814
-6.41546	-8.45744
-1.98567	-4.19169
-4.37766	-10.8516
-4.58438	-1.5913
-8.7129	-1.35664
-1.28762	-0.595551
-8.4414	-12.3649
-3.88485	-8.30685
-5.12723	-8.07006
-0.0546459	2.93424
0.318927	0.428696
-6.15555	-2.65518
-5.36242	-0.481185
2.41478	-2.01082
-10.1404	-2.46312
-5.55107	-7.66389
3.7203	-8.77566
-7.80924	2.81363
7.99297	-1.32122
-3.37527	-2.04718
-3.22203	4.25983
-1.9509	-4.01533
0.0377127	-1.05593
1.35313	-4.85655
-3.2012	-9.93706
2.01487	-6.4095
-6.67935	-5.36096
-2.47883	-8.13111
-5.0288	-7.85035
-3.82816	2.66662
-6.90805	-0.333301
3.47024	-2.39223
-9.45039	-11.0559
-3.33419	-0.42106
-8.21561	-0.498878
-11.9107	-0.717329
-5.83009	2.47432
-12.0016	-6.65384
1.1062	-8.89375
0.209565	-6.293
-7.39054	-0.807574
-6.38525	-2.14226
-6.5889	-1.57348
-9.88418	-5.19625
-2.57802	-5.08029
-3.23234	-4.14603
-7.87202	-1.06487
-6.4702	3.53872
-0.302401	-4.27525
-7.88165	-14.5128
-3.29759	-4.54332
-0.909429	-4.80239
-6.62538	-0.906331
-0.842002	-9.6198
-0.464885	0.531438
0.513344	-6.3533
-5.34587	-3.4772
-13.2442	3.79493
-6.6137	-7.70398
-3.6393	-4.17727
-1.34207	-5.77569
-2.68158	-6.06857
-5.90066	-9.79684
-7.09808	-5.37771
-4.33621	-1.86066
-0.59182	-3.5232
2.90789	6.28624
-8.19055	-11.3006
2.3328	-0.835471
-4.57299	7.9003
1.99968	-5.18818
-0.379455	-0.530843
-2.19468	-8.10939
-2.81628	-3.52094
-3.65503	-3.82162
2.42065	-0.72508
-3.57766	-0.0839263
-10.0633	-1.39053
-5.77406	-0.953338
2.8392	8.17231
1.17381	-8.24015
-9.21387	-2.3112
-8.83185	-7.00477
-2.09434	-2.73945
0.929699	-5.84879
4.82823	-3.80591
-5.78407	-4.22831
-5.57997	-7.79206
-3.84843	-2.25481
-1.99186	-6.86659
-3.26788	-5.66401
-6.78077	-4.89321
-2.29824	-8.74606
4.7622	-2.08466
-3.71098	-1.92749
-9.07101	-3.37525
2.28828	-7.01231
-1.00703	-6.98433
-0.116388	-3.34252
-1.64538	1.23837
-4.15466	5.03946
-5.22996	-2.90889
-8.27458	4.31142
-4.56428	3.25035
-2.97568	-8.1607
-6.52093	-7.39081
-2.18732	-5.29817
-8.08109	-4.55382
-13.9399	-7.26964
-4.61347	-1.94204
-9.47926	-2.88399
1.15088	-2.57361
-0.0884813	-5.7617
-4.91572	2.2872
-5.57674	-7.04316
2.25766	-4.98478
-1.59134	-8.01973
5.71512	-6.40139
-1.96939	-7.8801
-7.71233	-1.3524
-0.15337	-5.0151
-1.35966	-3.14316
-5.56768	-8.40672
-12.8832	-10.208
-8.7788	-0.599725
-3.10717	-3.23626
-1.64831	1.23367
-4.68311	-1.90201
-6.37196	-4.68684
-13.2664	-4.77414
-7.62107	-7.24326
-6.14578	-9.38722
-9.29557	-5.68357
-0.581126	-6.05784
2.56349	-3.80674
-2.37279	-3.00103
-6.72992	6.26155
-6.89932	3.30277
4.86139	-4.66097
1.6763	-5.85856
-2.81416	5.40348
-1.33751	-4.57023
-11.3054	-9.53376
-9.99998	-0.826238
-6.16852	-6.75532
-3.91449	1.44218
-5.73553	-5.01703
-1.53802	-2.929
-3.99251	-7.1024
-2.90568	1.37274
-1.84867	-5.67529
-12.092	-11.2852
-3.87846	-5.5806
-9.88976	-6.90175
-6.96023	-9.05892
2.91867	-7.1605
0.577241	-9.15824
-8.63843	-3.59543
-5.2567	-3.5954
-7.04994	-6.9164
-5.61884	-0.165393
-6.80998	-1.56085
-6.41758	1.42615
-10.6038	-1.51894
-7.31301	-6.37002
-1.81083	-5.87992
-4.01165	-1.28574
-8.22293	2.00638
-4.41723	-1.50772
-7.06849	1.76391
-8.43808	-10.6761
-5.3589	-7.94773
-2.92386	-6.49005
-4.60014	-3.09011
-5.72763	-10.7367
-2.29686	1.91947
-2.98433	1.29112
-2.29748	-5.09256
-9.40757	3.96952
-1.99256	-6.13079
-3.26899	-0.160191
-6.00745	-3.37859
-3.85324	-3.31225
0.184318	-0.482943
-1.36666	-0.362902
-6.84842	-6.12601
-14.4854	-2.12636
-2.99155	7.21978
-1.81897	-4.64945
-2.37398	0.600529
-12.5272	-2.66309
-4.06085	-2.77118
-0.31575	-2.22993
-12.3131	-10.3317
5.87364	-2.20337
-1.36595	-7.2442
-4.648	-5.27393
1.03515	-0.983063
0.776461	-4.37827
-11.2396	-13.7986
-1.04914	-1.86285
5.70764	-1.70033
-8.11288	-4.78349
-10.0024	-8.10531
2.38034	-3.89003
-7.23346	-4.76808
-4.14905	-6.35648
-0.25372	-3.78062
2.89629	2.16257
-4.2151	-3.57003
-8.48696	-5.27087
1.22581	-5.75471
-3.88407	-2.50529
-5.43849	-2.41809
-6.75989	-2.4623
-8.79423	-4.44752
-5.66948	-11.3056
-0.105654	-9.3918
-0.838068	-3.04654
2.69549	-5.00154
-5.24567	-8.01365
-8.11282	-4.29386
-5.09669	-1.10088
1.63024	-3.85361
-2.57396	-4.20798
-3.1136	-5.68901
1.88084	-7.60739
2.25169	-2.35879
1.08126	-6.19454
-0.00880581	-7.23942
-0.763829	-4.12349
-9.141	0.14716
-4.48252	-6.58052
-6.03062	-5.27339
-8.6367	1.03032
-5.6239	-2.46411
0.396738	2.01411
-1.22568	-2.15763
2.14739	0.451472
-9.27401	-3.22637
-1.4509	-1.89987
0.608585	-6.54157
-6.15815	-2.84148
1.21832	4.12984
-6.18998	-9.90848
-4.18961	-8.1278
-0.372894	-5.2695
5.87278	-3.05916
-7.5622	-3.91159
-2.02728	-1.57116
-15.0782	2.55154
-9.13092	-11.271
-3.0353	-5.13285
1.65464	-6.09434
-6.62894	-1.46686
-4.85074	-11.0926
-11.2812	-2.25271
-1.2721	0.131022
-8.22951	-4.68099
-3.00844	-2.14114
-6.15486	-5.86139
2.35165	1.2887
-5.78418	-6.81636
-0.727699	-1.94599
-9.39475	-7.2252
0.702918	-2.54555
-4.60873	-2.66976
-9.47304	-7.47212
-4.2399	1.41429
-6.57259	-2.65934
-2.42456	-3.8494
-2.40194	-5.46454
-2.59318	-1.04882
-3.10593	6.00355
-5.94955	-6.50278
-5.0194	2.20994
-10.5613	3.32399
-5.59661	-6.58074
-0.697532	1.184
-1.90756	2.1167
-13.2489	-5.33167
2.12524	-6.5961
-7.81232	-4.14492
-4.21586	-0.249259
-3.90125	-3.99996
-3.0881	-5.33687
-8.39949	2.30983
-5.33842	-7.77522
-7.48695	1.52996
-3.78101	-5.27438
4.65149	-6.36981
-6.90513	-7.52322
-10.769	4.88483
-4.19756	0.34046
-10.7241	-11.4948
-3.32321	-1.1707
-2.01832	-8.26401
2.30814	-6.34013
6.10042	0.502842
-6.92605	4.9274
-2.37628	0.747778
4.26566	-10.4404
-5.50309	0.481495
-6.15423	-0.0821506
-2.00635	-1.73379
-0.335913	-8.99597
-9.52929	-5.60791
-5.21396	-9.31825
-10.3441	-1.51847
-9.65885	-1.86723
-1.87485	-7.83029
-2.31403	-4.53733
-2.04958	0.438324
3.76594	-5.10704
-5.91508	-0.0858918
-2.10014	-9.3
-9.81975	-9.76369
-1.99166	2.50887
-5.02061	0.393392
-4.7496	-2.97731
2.87046	-4.03627
-3.14048	-6.87372
-11.7103	-7.65042
-5.06338	-3.49733
-3.92819	0.662615
1.52787	-2.55802
-6.10949	-2.90817
-3.78005	-8.84173
-0.187089	-4.12912
-0.883262	-5.5374
-8.2739	-2.59117
-9.18517	-3.23601
-3.56877	-0.852565
-7.62035	-2.78321
2.52616	-1.92519
-10.3315	-1.1667
-10.5046	-1.10694
-1.55797	-2.54039
0.168891	1.4332
3.56068	-2.18713
3.49144	-5.77295
-5.27308	-6.41652
-7.01441	6.68538
-2.75533	-9.65267
5.92449	-7.45449
3.66723	-6.22013
-2.88049	-3.68174
-0.237414	-3.6137
-9.19816	-1.01919
1.13661	2.00155
-10.4421	-3.70333
-7.31418	-0.1846
-4.87566	-6.44437
-5.89846	-1.20382
-4.68748	-2.60625
-10.8585	-1.22632
-7.50369	-6.74584
-8.0695	0.497057
-3.0746	-4.96339
-4.58368	3.51753
-1.96159	-2.81542
-2.12955	-4.19759
-13.517	-7.01444
1.99235	-0.590336
-8.47103	-2.97879
-3.24228	-3.03549
1.42972	6.13117
2.79704	-2.2667
-4.85946	-0.374683
-8.08153	-0.713282
-4.41018	-7.53592
-6.35412	2.95676
-0.496999	-2.75257
-5.8878	-9.30754
-3.97067	-4.81407
-6.71319	-1.51208
-2.92807	-9.13257
-5.00644	-2.40341
-6.0843	-1.3764
-0.551327	-5.14089
4.15169	-4.79141
-4.83763	-1.08012
-7.51697	-5.02095
-3.04187	-2.71523
-6.74444	-7.76255
-6.71386	-2.68247
3.11094	-8.37835
-3.4575	-6.47456
-6.53799	-4.66836
-6.83119	-5.9259
-8.52666	-5.97823
-0.0310955	-9.31095
-3.89952	2.89163
-3.18118	-0.289757
-2.19113	5.54938
-4.03114	-0.0479727
-11.1752	-8.29042
-8.40484	-8.2435
-5.89917	-3.10286
-7.00853	-3.70907
-7.37203	4.15105
-8.87904	0.771653
-5.97775	1.54207
-10.5181	-0.581919
-8.1784	-10.39
-8.71638	0.763542
-0.621544	-3.81526
-2.98559	-6.38224
-2.44231	-8.74156
-0.796662	-9.32566
-5.35916	-1.03297
-11.6837	-2.90094
-8.42759	-4.97991
-4.06968	-3.70337
-9.46777	-10.1894
-9.25066	-5.51396
4.68089	-2.25752
-8.19689	-5.74309
-6.72784	-4.95779
-4.98614	-0.905607
-2.05359	1.77021
-0.33797	3.70087
-4.40827	-4.08145
-2.15509	1.47259
0.0467376	-3.17187
-8.93872	-8.10631
-7.15126	-0.996547
-2.24283	-7.3627
-8.90986	-2.10404
-6.77822	-7.1126
0.545243	0.284415
-11.5805	-4.72264
-2.24024	-7.12607
9.53391	-4.30376
-3.33517	-8.58428
-1.83097	-0.480265
-1.33332	-3.64642
0.954427	-7.3749
-8.38038	1.94237
-3.91845	-5.39349
-10.0664	1.35853
-2.97169	0.663747
6.48244	-1.02638
-0.996541	-6.12028
-9.08516	-2.63539
-7.80657	-8.73915
-1.24619	-5.15004
-6.68995	-7.23116
-3.84144	-10.5188
1.36505	-11.0393
-9.15391	-0.820646
-4.2487	-4.535
-1.6676	-0.0301179
-15.5268	-12.1674
-8.8989	-8.76195
1.99158	-6.58494
2.28425	-1.43896
-8.39166	-1.44896
0.32237	-3.05029
-0.605275	2.87149
-10.7655	-3.74751
-3.48865	-9.12952
-13.3701	-2.97393
3.27042	-7.04082
-1.62735	-3.85473
-6.77054	0.735583
-6.7062	-5.96499
-2.89495	-5.29424
-9.67961	-5.40566
1.28952	-6.37277
-1.45426	-3.27789
-4.46641	0.516642
-9.54266	-4.01934
-5.8649	-6.2746
-2.12161	-11.1632
3.98975	-0.0321824
-4.10971	2.11652
0.642532	2.56374
-8.49647	-2.5103
-4.60144	-5.85885
-3.66842	-0.466059
-1.02268	2.33251
-7.2338	-7.25213
-0.16665	-7.59456
-5.71856	2.56332
-4.97785	-5.30451
-8.04749	-0.667535
-8.61591	-6.45678
-7.00963	-4.49927
-7.44965	1.89827
1.91479	3.67045
-5.02397	-5.7844
2.30955	-4.34093
-9.71548	-3.71464
-2.13112	-8.19196
-8.4874	-8.826
-5.59756	-11.0251
-5.52703	-0.959671
-8.94463	-10.0941
-0.980969	1.65598
1.98351	-1.89992
-4.91248	-14.0178
-4.08904	-9.68583
-4.50208	2.25373
-5.92616	-6.47091
-8.38379	-0.952616
-8.00157	-3.1648
-8.56468	-4.40458
-0.739178	-2.97599
-3.53297	-7.65207
-2.3291	-7.27644
4.61436	-0.621352
-6.58872	-2.50097
-6.31709	-4.85854
0.908089	-4.77253
-0.573325	-10.6801
-2.68441	-1.18993
-2.29623	-5.69705
-4.44004	0.324708
-4.28349	-2.35126
-6.19081	-8.39135
-2.85252	-4.30321
-2.07968	3.33374
-1.16319	-8.19768
-6.72607	-3.57498
-5.67573	-0.748455
-5.79917	-9.70224
-12.3433	-9.28284
-3.29463	-2.5929
-0.370503	-4.70279
-2.05397	-3.10542
-4.22114	-1.34024
5.55044	-1.11471
1.73866	-6.8119
-4.36203	-10.7178
-9.89912	-9.79712
-5.8644	0.888558
1.31746	-8.56435
-2.32066	-8.16617
0.914305	-2.96807
-1.36031	-0.607845
-1.72268	0.62612
2.24251	-6.62632
-5.29198	-6.76243
-4.74193	-6.74108
-12.762	5.75222
-3.42763	-10.1986
2.58357	-5.69039
-2.88379	-3.25443
-11.6468	-2.06055
0.0857297	-1.9473
-7.96245	-0.620379
0.274508	-9.98482
-1.10597	-12.49
3.82986	-12.3009
-4.40775	-3.71997
-10.7027	-4.34929
-3.1017	-3.86827
-5.08132	-7.44087
-5.23219	-6.08459
-5.63262	-1.50953
-2.29485	-4.83204
3.039	-2.89611
-6.19304	-4.84351
4.26826	-10.7333
1.15573	-9.27393
-5.65422	-3.55959
-0.117272	6.90983
-2.6618	-6.27425
-1.97289	-2.45236
0.0192055	-9.89495
-6.91083	-6.84315
-0.177145	-8.58292
1.66752	-4.42537
0.804737	0.5119
-4.9296	-5.78045
-0.755473	-11.3151
-6.46458	0.773475
-5.03018	0.246062
0.461781	-5.42487
-9.27889	-0.841536
-5.0191	4.48821
1.51087	-14.6422
-1.26206	-5.3768
3.76487	-2.73321
-7.84068	1.22256
-3.40934	-9.79532
-6.00958	-3.37615
-3.03669	-7.78846
-8.51907	-0.2859
-4.60383	-5.75041
-0.883922	-2.05608
-4.20002	0.191878
-3.30534	-1.69245
-3.8281	-4.64164
-1.90885	-4.54042
1.54448	-7.16679
-3.85772	-7.9004
-0.0847921	1.69981
-9.41974	-4.80765
-1.61939	-1.51397
-1.39649	-4.60112
-8.04367	-4.14941
-6.92243	2.22511
-5.6432	6.65045
-6.98482	-7.80974
-12.5907	-1.76642
-1.61989	-6.83173
-12.6102	-5.10093
-6.48775	-1.79886
-2.0534	-6.58882
-5.37608	-2.51785
-3.41091	-5.19962
-8.99246	-3.61722
-1.95461	-9.27207
-4.30409	-2.60209
-7.02503	-9.97213
-6.86092	-4.75924
-5.81425	5.45366
-8.8043	-10.1617
1.50938	-3.99054
-7.46854	-4.27584
-3.64621	-1.04014
-5.79042	-1.63911
-2.40119	-4.54841
-7.38807	-0.266395
-5.30387	0.119579
-4.60105	3.37768
-13.0759	0.561653
-4.96255	-2.90351
-4.64012	-0.351402
-2.03507	-4.61618
1.79051	-2.9442
-7.1183	-2.99048
-4.84414	-3.90465
-2.46945	-2.6289
0.643932	-0.475433
-1.67698	-3.42381
0.705001	-0.857845
3.38391	0.240224
-1.8667	0.285513
-7.74298	-0.74676
-6.65561	1.44735
-4.00903	1.17854
-6.24167	-5.3861
-4.574	-9.28175
-7.66677	-5.31041
-4.42848	1.03722
-4.42707	-1.22822
-2.23817	-9.91818
-6.66559	-3.79947
-3.90415	-1.76979
-3.51492	-3.31682
0.516789	-6.30254
-6.01018	2.5237
-9.5921	-4.82327
-4.57111	-8.39207
0.267725	1.38987
-5.86603	-2.83384
-0.375363	-3.66171
-6.2853	-1.56858
-2.40678	-7.1931
-9.95058	-11.3096
-7.08461	-6.46939
-1.90488	0.765555
-3.85846	-14.3177
-2.85693	0.292571
-11.6566	-1.32411
0.355299	-5.26719
-3.56004	-4.43353
-7.93599	0.817353
-2.47848	6.96598
-3.23859	-10.827
-9.26448	-9.76795
-3.24581	5.74681
-0.319311	-12.7923
-3.74007	-4.56702
-16.7586	-6.56627
-7.00993	-9.95421
-2.82997	-4.98823
-1.28006	-2.25095
-7.88056	-6.5643
-7.1279	-3.09524
-6.95019	-9.40816
-0.256475	-5.59722
-3.75348	-4.57649
2.80212	-7.49382
-0.36864	-4.9825
-5.44541	2.04969
0.555906	-5.83854
-8.45486	-7.35584
0.213377	-9.53368
-4.94732	-5.20813
-8.16239	-6.11248
-0.18812	-2.68614
-0.441471	-6.74252
-3.36893	-0.915679
-0.519265	2.67244
-8.91586	-3.44795
-1.83252	-2.0339
-6.82049	-8.99478
-3.03643	-6.02729
-7.28587	-6.39615
-2.78901	-7.02444
-8.46055	-3.9403
-1.91301	1.75794
-5.1788	-12.3652
-7.5836	-5.61947
-0.0414865	-7.45073
-9.03136	-4.44564
-4.1581	-12.7906
-7.46007	-5.36781
5.095	-6.0077
1.94584	-8.51059
-7.17676	1.51758
-2.13268	2.77835
-3.08901	-0.156375
-1.49061	-9.09304
-3.4782	-3.84959
-10.8797	-0.188163
-2.16585	-6.7606
-2.17944	-4.91651
-9.14017	1.86609
0.0847017	-13.3086
-2.11086	-6.86216
-3.25176	-1.11981
-0.535041	-0.231525
5.18215	-4.04814
-1.83663	-8.40886
-5.909	-4.52406
0.900807	1.37461
-7.84307	1.08798
-9.26722	-9.76454
-3.47382	-6.01383
-5.57094	-8.84838
-3.94342	-2.96045
-0.683338	-6.52446
-5.35559	-6.48138
-1.74511	-1.3156
-4.24511	-4.9479
-6.91042	-6.92908
-9.54996	-2.65552
-7.04769	4.1406
1.38643	-5.93565
-6.44639	-13.2724
0.541299	-7.20671
-6.58878	-1.98147
-4.67334	-1.27769
-1.19944	0.382109
-11.2892	-0.411486
-13.6255	-1.72954
-9.30793	-0.478122
2.83154	-6.15389
0.927332	-2.90611
-1.82007	-2.93264
-1.59917	1.53205
-11.2238	-8.6692
-10.2029	-6.37352
-2.18419	0.978725
-13.2141	-2.91521
-5.37304	-3.2034
0.948107	-5.0988
-3.47271	4.35021
-4.00311	-1.88079
1.67936	2.12687
-6.08882	-3.49414
-6.40168	2.30006
-10.4718	-2.54619
-7.88011	-5.34777
-3.79812	-13.6669
-4.84335	-5.59063
10.702	-2.78206
-3.65883	-2.66188
1.86543	-1.7108
-10.8232	-4.91865
1.01642	0.796655
-6.87237	3.72559
-3.51533	-4.73138
-4.66082	1.84058
-0.927923	1.75569
-9.09488	-5.15128
1.35134	-2.60814
-0.461439	-4.68709
-0.238132	1.60967
-1.99526	-7.52778
-3.05246	-3.62974
-6.40781	-6.95967
-7.15805	-14.6243
-5.61821	-6.77225
-8.34252	-4.88186
-4.47157	-1.47566
-3.96467	-2.16854
1.81763	-6.26837
-5.13825	-12.1267
-0.470565	-6.92913
-1.6726	-2.29119
-6.58491	3.6888
-3.6285	-6.02651
-8.98254	-3.03909
-2.1925	-3.23477
-4.32293	-1.84082
2.71126	6.30235
-2.54019	-4.97377
-7.92978	-5.2779
1.20601	-6.90975
-1.87006	-5.13212
-0.162623	-3.30046
-4.95306	-9.27856
-8.82273	-8.65599
-0.993167	-4.35973
9.51393	8.83966
0.237838	-7.50514
-6.61558	-7.02017
-2.00874	-4.0374
2.2718	-1.19063
-2.32261	-3.22596
-2.11457	-3.58554
-0.988144	-7.82669
-3.70403	0.737055
-7.04162	-9.33681
-12.8812	-2.5382
-6.57247	-7.58258
-0.999206	-4.11575
-3.10684	-11.0976
-5.90698	1.92857
-2.33248	-6.50323
-1.34195	-6.42311
-6.51295	-1.69132
-4.87721	-5.36914
-8.0893	7.26604
2.82175	-11.7533
-1.30531	-1.85863
-12.3362	-2.92985
5.11357	-2.66454
0.878792	-6.57985
-2.34497	-8.62037
-0.516445	-14.297
-2.63668	-3.32608
-4.44674	-9.06475
-7.81558	-5.91532
-10.4587	-6.56868
2.16482	-11.9581
1.53906	-9.06804
-9.80051	-7.10121
-4.19072	-7.447
-7.56813	-7.31528
-3.89713	-3.22309
3.33429	-2.95332
-2.73033	-9.65241
-5.16359	-5.43042
-5.62913	-3.94988
-5.40952	-5.72994
-4.74918	1.74
-2.2568	-8.20436
-8.45737	-2.50192
-3.91501	-5.99442
-5.91027	-6.69696
-4.31854	6.62146
-2.95472	-3.29962
-0.636573	2.27087
-6.16429	1.3386
-5.68418	-9.78368
-7.1395	-3.75663
-4.33409	-2.02791
-4.42483	-1.1142
6.86648	3.31718
0.573461	-2.26346
-7.01262	-0.00399013
-5.1843	-5.24285
-6.39296	-2.56867
-6.1322	-8.23607
-9.44623	-5.98516
-0.300904	-4.84133
-4.40672	-4.53442
-3.79695	2.54586
-0.0628841	-7.55464
-4.27681	-8.42807
2.08865	0.350735
-7.61141	-4.59546
-4.09862	-7.36923
-3.98113	-2.54503
-10.0906	-5.01516
-3.43002	-6.54633
-7.14159	6.53893
2.71042	0.962272
-4.36711	2.07295
-7.56981	-1.48838
2.01488	-0.783675
-11.5807	-10.2602
-5.04947	-8.18179
-2.22247	-4.45633
-1.01305	-4.44397
-6.97675	-11.3802
-11.7327	-3.94778
-3.40615	-0.307619
-1.18496	-5.96939
-4.85238	-3.02657
-1.88103	0.197631
-1.9527	-1.38031
-1.2109	-5.65522
-4.42067	-0.940116
-4.28027	-5.22283
-4.49124	-2.39367
-2.74978	-11.6328
-1.87103	3.41651
-4.78861	-10.2414
-1.07662	-5.71193
-11.7371	-2.83804
2.6181	-4.70815
-8.46694	0.168826
-8.57766	-11.8724
-3.91888	-8.44158
-6.11235	-6.16865
-4.01153	-1.51456
-13.3093	-6.95524
0.677788	-3.67435
-4.86998	-13.3683
-7.59702	0.0988462
-4.18665	1.39537
-6.01545	-0.845152
-4.8762	-7.21436
-15.0016	-7.78747
-8.04899	-1.44889
-8.68793	-5.62928
0.101518	5.14733
-4.72846	-6.06099
-7.73739	-6.57287
-8.37736	-5.44519
1.17317	2.99384
-6.7113	-1.78242
-4.3471	0.516703
0.819925	-3.37463
-1.00015	-3.60064
-2.63254	-7.93274
2.86986	-0.137298
-9.73107	-3.27276
-2.48901	-3.96039
-7.83813	0.979366
-8.82733	3.15908
-2.50048	-1.27646
-8.36704	-6.26175
-9.77261	-2.68443
-7.19315	-5.78412
-6.08714	-2.50821
-6.63893	-2.50342
-0.592346	-5.15607
-5.62629	-11.2751
-4.03928	-0.0250325
-13.5705	-5.14167
-0.957253	-3.65419
-10.2226	-8.67302
-9.6457	-2.07729
1.33277	-5.37711
1.70036	-8.80269
-6.47311	-5.54535
-0.829833	-5.19126
-5.90957	-6.77361
-9.27762	-6.78756
-2.43585	6.11563
-9.01026	-0.958545
-2.79438	1.82296
-2.37096	-8.86577
-0.501902	-1.20762
-5.88955	-1.35706
-4.80213	-4.56636
-5.57287	-5.41754
-1.47317	-6.08092
-2.26307	-13.423
-0.943821	-8.50736
-6.15699	-8.37086
-13.6452	-12.0046
-3.91745	-1.05123
-4.0911	-8.01474
-10.3115	-10.564
-5.28194	8.20947
-4.86673	-1.16176
-6.4273	-1.52532
-5.4836	-5.54764
1.73508	2.45721
-6.42081	-4.76862
-4.49617	-3.01096
-6.44696	-10.8681
-8.76208	-7.54505
-1.20033	-1.95126
-1.12574	-6.80142
3.67465	-9.80885
1.19666	-0.367486
-5.8267	-1.35857
-9.9049	-7.0655
-3.39289	-3.43069
-0.792857	-7.97667
-5.44462	4.47449
-4.97692	-4.17997
-4.63366	1.49873
-4.83624	1.42786
-4.85316	-4.19845
-3.43093	-8.20933
-6.82383	-1.66616
-6.26677	-8.43793
-3.77601	-3.03547
-4.54601	-3.90115
-3.84319	1.32039
-1.8301	-1.23724
-3.80071	2.44121
6.89873	1.48486
-6.7863	-0.274724
-2.67528	-4.43146
-7.44362	-4.25089
-4.97622	3.46388
-5.95589	-5.35924
-8.17571	4.95503
-9.375	-2.30246
-6.2125	3.48125
-2.43841	5.85214
-6.11184	-2.28738
-3.45973	-6.11628
-5.31404	-3.55058
3.35462	-6.93271
-12.0444	-9.7949
-0.418776	0.233861
-6.40709	-6.70787
-3.56271	-3.25284
-8.94499	-4.10122
-13.1739	4.08721
-7.15869	-6.78668
-9.23782	-0.527572
-0.582801	-3.21354
-3.62107	-5.3035
-9.02017	-5.00814
-3.03982	-10.1688
-6.83838	-2.60262
-1.41633	-0.0697801
0.0146718	-7.27161
-8.4999	-2.29947
0.935888	-0.547002
-3.03104	-4.18975
-2.3884	-7.50957
0.417073	2.10678
-8.0753	-8.39385
-1.23952	7.44547
-6.88578	0.529827
-9.55868	-2.37185
-3.41153	0.817166
-0.153039	-11.2443
0.154105	-0.688431
-3.55084	0.399661
-11.845	-0.0632329
-5.95085	-3.61242
-6.05902	-6.03763
-0.55485	-7.18932
-2.1746	0.205296
-0.754685	-6.29164
-1.70858	1.44749
-6.80782	-4.01233
-2.82596	-6.19601
-2.85666	0.38853
-2.81475	-6.9407
-2.93729	-8.87542
-7.60564	-7.36041
-5.06762	-0.256456
-9.12611	-10.2413
-8.53427	-0.112923
-1.85938	-6.36781
-1.46117	-5.41461
-1.52512	-14.691
-8.78426	-1.46872
-7.4985	-4.80114
-6.67711	-0.918937
-3.73077	-16.276
0.726237	-3.62946
1.09531	-8.06749
1.3778	-4.50909
6.33055	2.49565
-11.8104	1.9736
-11.2114	-8.08353
0.893313	-2.0901
-1.16019	-8.26862
-8.46486	-1.02206
-2.27955	-0.997284
-4.75007	-5.50527
-6.03308	-1.25727
6.6957	-8.54506
-6.64078	0.320185
-6.88414	-5.11338
-2.64814	1.68497
-5.42732	-12.2309
-12.1383	-7.12523
-12.8138	3.42566
-1.01444	-5.95043
-5.28447	-2.28133
-3.51775	-5.29827
-5.73013	-11.2044
-3.20012	-8.70305
-0.177674	0.810025
-6.45961	-5.15672
-4.6208	-2.55727
-0.849545	-1.19393
-6.53739	-0.441336
-7.57555	-1.10592
-4.16221	-4.72923
2.64867	-10.4009
-2.22925	-4.53157
1.66466	-5.03932
-5.32969	0.172253
-6.9958	2.33247
0.444568	-5.4343
4.37196	3.05564
-5.17804	-1.20009
-1.15079	-4.19496
-1.86665	-8.44308
-3.28926	-8.13299
0.920296	-3.37837
-0.0627237	-5.71969
-4.6148	3.15058
-11.0709	-3.60992
-1.58343	-1.47461
-10.8347	0.320159
-5.68496	-4.69842
3.71512	1.19242
-7.72655	-5.04546
-2.43523	-0.934997
-5.77021	-2.73155
-0.336649	-3.67209
-4.85096	-3.07872
-5.51102	5.31234
-7.85661	-8.36823
3.6112	-7.38241
-2.97078	-2.71488
-9.29162	-6.459
-4.76975	-3.50674
-9.48347	0.467286
-9.47565	-0.854546
-0.430739	2.25095
5.19008	-3.7805
-5.24598	-1.97362
-6.55616	0.549892
-1.85624	2.72927
-11.6011	-2.1406
-7.05902	-6.84718
-4.79879	-4.97994
-3.88519	-2.92681
-7.04389	3.17896
-2.29359	-8.70822
-7.56296	1.68441
5.68184	-2.25362
-4.9248	-1.66155
1.08451	-8.67612
0.868034	2.26164
-0.793897	-1.20262
-6.11519	-8.39424
-6.00405	-4.09356
0.586932	-7.95949
-3.12201	-7.46919
-3.73815	-5.84421
-8.86831	4.22244
-2.53769	-4.39573
-7.70851	-0.895797
-6.25792	-0.355582
-5.71653	-6.19241
-11.4921	-10.3123
-1.85472	-10.7879
-0.682507	-11.495
-2.20995	-1.51104
-15.2302	-3.85879
-3.36312	-2.56545
-4.95597	-3.52754
-6.3914	-10.0263
-9.79269	-0.456396
-1.56297	-4.05257
-6.06006	-4.45325
-1.18747	-4.40872
-11.4279	0.151694
-9.08878	-4.47165
-6.47385	3.7229
-12.4081	1.15473
-2.7346	0.0827423
-4.45683	-5.31696
-8.1744	-0.59375
-4.04924	-5.39835
-0.319585	-4.14969
-3.74406	-0.899617
-5.41865	2.88296
-8.40765	-4.23646
-2.95755	-5.94654
-6.00439	-2.44659
-5.39052	-3.49573
-1.10171	-1.37024
2.71583	-0.0547488
-1.48521	-5.72842
-8.12103	-0.786975
-5.87536	-4.93131
-5.2381	-9.27786
2.54595	-0.781296
-7.04874	-2.90982
-6.04443	-4.83939
-3.5288	-4.82711
-2.28819	-6.5835
-5.09926	1.45047
-6.43076	-1.29406
-8.84623	-2.36408
-4.4003	-3.94972
-3.46645	-2.78969
3.89519	0.974884
-0.331932	-4.62281
0.748715	-1.4579
-6.44805	-5.00505
-0.47804	-4.37518
-6.12423	-6.87572
-8.81211	-2.84651
-5.15115	1.52657
-12.954	-2.88228
-4.34561	1.21771
-3.90049	-4.77237
-0.124015	-1.29537
3.5146	-11.3379
-3.46045	-6.72096
-5.64645	-6.20652
3.2593	-1.00029
-3.08758	0.669441
-2.53486	-7.40834
-2.57709	-0.856349
-1.1641	-4.85145
-1.47355	-4.51698
-4.49468	-7.82275
-8.39105	2.30853
-3.81856	-0.72396
-3.00604	-9.61962
-9.92442	-10.8278
2.10943	-7.70638
-0.144191	-2.48639
-10.5557	-1.03015
-12.0892	-4.89527
-3.93119	-3.62129
3.19646	-3.1431
-4.6009	-3.14598
-2.09664	-5.6721
-2.51049	3.24613
-7.15019	-4.55862
-10.3542	-6.24469
-4.88823	5.90923
3.15526	2.36955
3.39114	-0.576089
-4.90501	-5.54493
-5.42303	-3.0256
-5.9533	-2.12111
4.77541	-7.89596
-1.2634	-4.88403
-3.5476	-4.1189
-4.46696	-4.76631
-14.0051	-2.49116
-6.80692	-5.91807
-3.03872	-11.9392
-5.96136	-7.8315
-10.7327	-11.2227
-7.03294	6.12238
-4.21291	2.49057
3.10945	-7.95896
-3.75446	-5.65343
-1.82818	-4.47973
-5.15857	-3.48058
-3.92925	-2.38082
-6.51597	-5.02041
-10.1995	-8.05458
0.520437	-3.39142
-4.19046	-4.29478
-3.67876	-11.3662
-2.60596	-3.71115
-8.79583	1.66718
0.120603	-14.174
-8.47662	-5.03205
1.75526	-3.75022
1.01392	1.55355
-4.41819	-0.0598816
-3.40354	-7.05732
-2.32001	-6.86466
-3.68315	-7.43998
-5.87085	-5.8113
0.342384	-6.96756
-5.15764	-6.97098
-5.2139	-5.49618
-2.15783	-13.6913
-7.29325	-5.65026
-0.886226	3.14868
-5.26363	-6.29612
-5.37656	-7.44524
-4.97279	1.33943
-4.50771	-5.19872
-4.83851	-0.412314
-1.79094	-1.03951
-6.0207	-3.24073
1.44099	5.25088
2.48146	-1.88742
1.79654	-4.02176
-5.3603	-2.71891
4.21755	0.942452
-4.48925	-0.910966
-4.23014	-8.58393
-4.56451	-3.78283
-0.714228	-7.19841
-4.10602	-3.01903
-3.10847	-4.87293
-2.75761	-0.899036
-6.12959	-3.32682
4.29715	-6.80427
-10.7648	-6.82459
-14.7933	-5.4843
-12.1331	2.01027
-4.36431	-0.225988
-10.3025	-7.61044
-9.48435	-8.49447
-5.20467	-4.50973
5.01222	-9.74071
-9.6396	-2.75611
-4.38263	-3.33121
-1.42464	-2.24763
-1.11352	-1.69106
3.9158	-0.417693
-10.0908	-1.64955
2.85531	-9.64072
1.70599	-5.58999
-4.20274	4.37872
3.50385	7.78246
-5.11569	0.793494
-6.91216	-5.85537
-9.08074	-7.44467
-10.2619	-8.11054
1.77333	-1.51522
-5.54205	-7.05264
2.7886	-3.03307
-2.87837	-3.45435
-3.1233	-8.88768
-2.43679	-12.1366
-8.08569	-0.35069
-9.42452	-0.759364
-0.255737	-8.14638
-4.41539	-0.480567
-6.77294	-5.20909
-8.21325	-8.90686
-7.73017	-5.0375
-0.290895	-8.57215
-6.75481	-1.6761
-1.83253	-10.3168
-0.402609	-9.81694
-6.47077	-5.58327
-3.51174	-5.08369
-1.35015	-10.6906
-6.2934	-1.11402
-8.40383	-5.15742
-3.18056	1.39967
-3.92285	-6.38814
-13.1942	-12.3123
-0.607564	0.486962
-0.310544	-2.04213
-6.39426	-1.81474
-9.26778	5.08474
-3.95189	-4.83891
0.923291	-2.28525
-5.32335	-12.0006
-3.05586	-8.99395
-6.9543	-5.63322
-0.175766	3.52434
-9.72478	-2.12063
-5.62845	-8.05044
-0.5563	-5.40421
-8.29037	-4.56469
-0.888974	-0.163192
5.11359	3.59417
-3.74303	-3.12499
-5.41359	1.14474
-8.41059	-9.64487
-3.94898	-7.41003
-10.4525	-4.87047
0.399649	-3.57309
-8.1952	-5.66782
2.70958	2.63646
-9.99946	4.80136
0.836325	-11.9809
-5.98694	-4.66215
-4.86665	-6.4222
-0.272121	0.0975425
1.53584	-10.2455
-8.65925	-5.79524
-3.59003	-1.51568
-11.1976	-7.7522
-8.17236	-5.84205
-5.20762	-8.80375
1.74467	-5.78675
-3.73792	-10.0323
-8.61294	-9.00672
-7.30023	-3.65571
-5.90394	0.823861
-8.20114	-6.45618
-6.12112	-7.13786
-1.66458	-10.3002
-9.91284	-0.440132
-2.68702	-5.71497
-9.18928	-5.87395
-4.55475	-2.0513
0.186401	-2.55869
-3.11101	-6.51628
-5.55745	-13.7845
-5.05666	-8.88512
-0.188547	1.14442
-4.25833	-3.53831
2.34676	-2.40233
-10.5605	-6.24986
-7.60732	-9.32372
-4.65317	-6.23241
-0.173784	-0.301269
-5.99258	-5.39169
0.880658	-2.92925
-5.3873	4.51664
-10.5339	-6.66702
-1.62797	-3.58786
-2.10077	-6.62982
2.87644	-8.13242
-7.23687	-6.6786
-4.30624	-8.51955
-0.35436	-2.28775
-0.162325	-2.99715
-4.68021	-10.7722
-4.18098	-3.20112
-1.49917	-3.61158
-14.7528	-9.33023
-6.96408	-9.25368
0.565847	-7.74962
-5.22965	0.911615
-3.37386	-6.3171
0.135093	-3.59531
-1.29554	-5.31278
-1.42069	-3.39078
-6.55402	-9.27323
3.43604	-7.20966
-6.58852	-3.4206
-4.09453	-0.176754
-4.0701	-0.805864
-4.6449	-9.63133
-7.89835	-6.3924
-8.00628	0.509952
-6.12207	2.34007
-3.71504	-8.92661
-9.33923	-0.498049
-1.89281	-0.808005
-4.74032	4.90313
-3.5576	0.0289076
-3.45219	-1.63911
-6.04686	-3.23683
-4.01775	-5.96298
-0.89752	-3.22258
-7.43071	-11.0636
-1.0661	-3.82433
-6.87806	-10.8226
-6.00224	1.60725
-3.65955	-8.75885
-9.65366	-5.65982
-4.68105	-5.56507
0.210098	-7.18284
-6.20632	0.404988
-9.66362	-4.10125
-1.96468	2.12445
-6.97308	-6.01121
0.500131	-1.45098
-6.08587	-10.7015
-7.07556	1.29252
-1.7603	-8.29668
-7.40808	-6.09083
-0.00356034	4.48415
-7.87491	-4.91402
4.15983	1.59207
-6.94022	-11.5574
-3.93683	-0.407288
-11.2734	-2.47648
2.21594	-3.33966
-4.26838	-10.4484
-3.65266	-6.80964
-5.48945	-1.23045
-1.59013	2.24546
-0.710203	-5.2748
-5.44348	-7.75702
1.44034	-6.79157
-0.696682	-3.57503
-4.37819	-12.234
-5.75295	-9.96547
-3.67631	-5.48348
-6.8786	-11.4091
-8.97057	-6.29554
-7.46712	-3.9539
-0.324232	0.242635
-5.52131	-4.09845
-9.21317	-5.8882
-0.677862	-0.866889
-2.88148	-1.57283
-2.19332	-8.24985
1.77791	-4.76752
-0.89891	-2.15228
-7.29159	-3.39513
-1.22202	-0.22705
-8.40417	-3.74302
-3.01663	-3.08726
-4.53799	-1.75187
8.14128	-6.12022
-5.75297	-0.403033
-6.60493	-0.636324
-2.35659	-4.39931
0.0115853	-9.96818
-2.83178	-0.56694
-6.90816	-1.90241
-3.72299	-6.75951
-11.5991	-11.5818
-1.30806	-3.64795
-5.91354	-6.70156
-4.63819	-4.73529
-1.60774	-8.58818
-4.57868	-3.21622
-2.10853	-2.80679
-4.21925	-8.68271
-6.71861	0.33771
-9.57944	-3.74519
-5.56458	0.259703
-5.42134	-0.833953
-2.14366	0.464462
4.45351	-4.75825
-6.98742	-3.48032
7.13379	-4.645
2.70922	-5.57721
-5.37782	3.76061
-3.2315	-6.7627
4.85291	-0.114143
-6.82638	-0.0733479
-14.0586	-6.47842
-3.28961	-3.8941
-5.69394	-1.77193
-4.93473	-4.41795
-1.76678	-4.83718
-1.17872	-5.20141
3.70203	-1.30146
2.89797	-2.56559
-6.75064	-1.20464
-3.44757	-3.30001
-2.31214	1.31105
-7.47848	-0.709466
-4.47655	-0.173171
-2.69529	2.60868
-11.235	-3.8107
-2.22276	-6.86213
-1.35181	0.700584
-1.59183	-6.27381
-8.39475	-2.70597
-3.25548	0.703027
-0.774012	-1.79395
-16.6787	-9.09751
0.722629	2.14225
-5.89869	-1.41915
-8.53862	-6.26878
-5.34264	-0.850296
-9.81889	-9.34136
0.664561	-0.514102
-14.2147	0.867955
-4.35589	-0.0258151
-0.73056	-4.28427
-6.72283	-2.56162
-12.4462	-2.09891
-4.98599	0.555412
-3.54042	-6.01063
-12.2806	-2.45893
-2.05348	-1.25361
2.3512	-4.57852
2.97247	-1.60885
-4.97004	-4.92519
-8.94049	-11.3049
-6.97815	-4.83776
-3.12454	-3.92785
-5.47976	-6.15594
-7.67445	-5.50916
1.8605	3.74254
-1.75364	-10.7953
-7.45526	-0.275918
-3.21864	-5.27639
-13.7483	-5.86039
-1.55517	-14.3192
-8.28457	-3.87677
-2.97781	-4.33148
-5.67859	-5.33872
-4.36283	-3.24763
-4.66401	-6.85645
-0.250338	5.53186
-5.50785	-4.53233
-11.657	-2.56017
-4.46326	-4.25775
-2.06442	-7.40353
-6.83228	-2.91548
-6.93244	-4.59277
-5.98999	-8.99709
-7.50218	-4.04445
-5.06742	-10.005
-8.6196	-2.80318
-8.22115	-0.207601
-17.7379	-4.64238
-4.35009	2.16654
-7.72497	-13.8811
-1.95274	-5.24073
-5.22685	-11.137
-4.26238	-2.37336
-7.13424	-12.7268
-8.0989	-1.60204
-6.05206	-1.80145
-3.13631	2.3653
-1.86832	-2.50753
-7.8422	-6.08427
-2.81755	-7.52013
-0.438828	-4.30184
3.60955	-1.93842
-10.1869	6.77855
-5.17251	-5.77066
-2.33918	-5.75834
2.14047	-8.72167
-3.69365	-11.4197
-4.12891	-7.97575
-7.82508	-1.03327
0.167	-1.66965
-3.13761	-3.19751
-0.235234	-8.7772
-7.68363	6.31043
-6.28209	-7.22379
-8.98741	-6.77981
-10.2144	-0.599829
-4.568	-4.97598
-3.711	-1.8861
-1.04606	-4.55251
-3.38322	-4.17586
-8.68774	-0.209374
0.29597	-4.49742
-2.64016	2.31839
-6.88118	-0.105174
-6.07162	-4.24454
-2.95257	-3.42293
0.253744	-0.974861
-4.93067	-4.35386
-2.38687	-0.316734
-4.77652	1.80686
1.32071	-5.77109
-0.00407011	-7.47607
-9.69915	-0.985287
-7.16128	-2.22208
0.135279	-3.27755
-3.40191	-5.62684
-7.05327	-0.490026
-1.06895	0.186547
-1.17491	5.13694
-5.18602	-3.21706
-0.150853	-4.98582
-0.639886	0.270086
-7.74381	-5.95628
-5.42248	-10.9646
-9.12585	-8.82086
0.51541	-7.23327
-3.63618	-11.697
-10.1669	-4.19892
0.0775237	-3.56117
1.12992	-8.16027
2.84228	-4.91246
-15.15	-4.59286
3.19781	-6.96557
-5.88828	-3.47384
-4.36437	-2.77179
-12.535	-1.82942
-4.5046	-0.0107658
-6.12785	-7.85673
-3.20567	-3.76426
-5.2984	-8.5655
-3.78662	10.9422
2.37754	2.80651
-0.740089	-3.8426
-4.24652	-2.96553
-0.884513	-1.36419
2.54738	-5.00066
-2.55276	-2.77091
-1.89198	-8.95217
-4.87471	2.46415
-4.68628	-3.77676
-5.87276	-3.82009
-5.27735	-10.9643
-4.81185	1.5194
2.01719	-5.11851
-9.67102	2.20662
-8.90105	-3.62145
-0.00434692	-3.53052
-8.56256	-4.37112
-5.44877	-1.90998
-10.5304	0.252688
-4.00297	-3.90935
1.03543	1.38033
-1.30396	-12.7445
-0.962397	-7.41444
-2.53111	-2.42312
-6.36537	-6.25267
-7.52213	-6.13071
-5.89787	-4.13361
-5.85549	1.54492
-7.63814	-2.71997
-2.09589	-8.1011
-2.65036	-1.32771
-2.1355	-0.360882
-6.54384	-9.67218
-7.30823	-0.819502
-6.16778	-5.17537
-6.74183	-7.80544
-2.49686	-7.42775
-7.00407	-4.2174
-13.3147	0.676032
-9.7458	-0.864882
-7.40448	-5.75144
-5.09411	-3.69931
0.568223	-4.60261
-2.36376	-12.8981
-9.25684	4.43399
-12.0946	-6.29031
-8.99263	-9.81403
0.99477	-5.56833
-7.01019	0.0495732
-1.39352	-3.44989
-1.69248	-9.4396
-6.25516	-5.09912
-6.61034	-6.24168
-6.32129	-4.60988
-2.1578	-7.08466
-8.33375	-6.95741
-3.89306	-1.0944
-7.11312	-3.18346
-1.80847	-0.693088
-13.0119	-5.9798
-9.85637	-6.44381
-9.78557	-6.17495
-1.95435	-2.34236
-2.85673	-4.3753
-2.45559	-4.5645
0.620961	-1.65075
1.22674	1.56141
-2.85196	-2.3246
-8.4481	0.973212
-4.07126	1.4049
1.87013	6.0388
-1.34205	-4.29851
1.5536	-4.76068
4.35269	-6.1108
-4.50304	-4.48645
-1.95452	-8.93901
-2.3795	0.669732
-5.47942	-1.05696
-0.127531	-4.57897
-11.507	-6.14904
-8.29365	-4.14791
-4.18123	-10.0812
-8.14233	0.392924
-3.36962	-5.09373
-9.95222	-15.6461
-8.33601	-5.44314
-4.09528	-3.83097
-6.04849	1.28204
-0.413135	-1.83113
-13.5643	-9.23116
-8.24736	-9.34937
-3.60233	-3.70137
-3.40908	-0.520982
-5.0798	-8.38634
-6.1336	-4.88262
-4.61763	-8.23631
-3.25285	1.04527
-0.969336	-0.543863
-4.18618	-13.5542
-2.97756	-7.21011
-7.81734	-0.0515599
-4.33957	-5.93608
-9.21102	-0.607065
-7.11336	-5.91776
-5.0626	-5.92597
-6.6445	-0.380928
3.58589	-5.16429
-11.1991	-2.09293
-4.49809	-7.75236
0.830001	-9.89261
-3.17544	0.977835
-0.175426	-1.07709
-8.65112	-2.21687
-0.764086	-5.14499
-6.03309	3.2032
-2.91799	-14.763
-3.27438	-6.64349
1.64444	-8.3663
1.27275	2.5483
-4.9413	-6.68499
-5.64444	-4.44366
-5.02767	1.75617
2.00801	-10.1958
1.25905	-0.937566
-3.03505	-6.27356
-2.53155	-10.7974
-3.9495	2.34093
-5.06818	-1.92924
-4.38889	-7.74271
1.13025	-1.93964
3.63388	-6.87813
-4.79918	-6.1484
-0.159444	-2.76082
-3.27952	-2.1242
-2.22415	-5.98658
1.36289	-6.62795
-7.23827	2.91763
-8.61487	1.38707
-6.1254	-3.71593
-3.95103	-7.29463
0.427382	-5.03558
-4.93942	-3.20001
1.54047	-2.95055
-4.80811	-2.88781
-3.77185	0.516282
-1.2642	-12.2995
-1.21512	-3.35576
-3.14799	0.181113
-5.08885	0.0674338
-5.10125	-7.85025
-0.303926	-5.39198
-2.82467	1.84669
-4.55349	-0.80105
-0.392291	-6.88878
-2.16441	-6.78303
-6.10471	4.97813
-1.67035	-4.77586
-5.11692	-1.67324
-7.84655	-1.59307
-11.0691	0.703578
-7.9593	-10.8487
-5.55773	-4.35872
-4.71855	-4.44937
-6.19018	-8.72829
-4.66502	-11.9217
-9.97649	6.72222
-2.55194	-6.50177
-3.68471	-3.55474
-5.47293	-0.73989
-6.77931	0.421834
-3.81453	-6.13669
-6.23938	-5.33044
3.6951	-9.46922
-4.80499	-2.72615
-7.50974	-4.35652
1.9518	-1.31626
0.868585	2.77319
-7.28966	0.23347
-1.39928	-4.47136
-5.19106	-4.24298
2.06015	-1.43193
-6.57115	-4.54429
-0.249539	-1.80153
-12.9447	-7.76845
-4.87136	-6.9348
-4.27589	-3.31242
0.894507	-2.89641
-1.7574	-7.05053
-6.7267	0.688523
-2.93815	-9.99211
1.86912	-4.48931
-4.39425	-7.04683
-6.13198	-6.81811
-8.4729	1.85856
0.587464	-0.95966
-1.65323	-6.94496
-8.78421	-10.1656
0.0821758	-7.18672
-6.36186	-4.20843
-10.9163	-3.72258
-4.37841	3.52017
-4.33335	-8.51699
-3.01206	-1.47423
-7.75938	-1.42787
-12.195	-1.28788
-0.904868	-10.8394
-8.18007	-8.41711
-6.08163	-6.48466
-6.67879	-4.8118
-3.59356	-0.559112
-2.56161	-5.69969
-3.36408	-6.77554
-12.4379	-5.00171
-4.36849	0.773402
-4.99322	-8.09154
2.71268	-4.84707
-5.39067	-9.0824
-3.62523	-0.871294
1.88615	-5.60687
-2.58018	3.07327
-4.56214	-5.19473
-7.72287	-1.64301
-7.44486	-2.05372
3.84002	-8.6809
-5.26627	-8.80328
0.479433	-6.78809
-6.18186	-7.95823
-5.64696	-0.390395
-0.439142	-8.18204
-7.81735	-8.64423
-9.2001	-4.91682
-5.80669	-1.05774
-6.05811	-3.66985
-1.39782	-7.96578
-4.66909	-3.3199
-8.30819	-2.70837
-6.90809	-4.14103
3.36568	-8.77458
-7.38513	1.49781
-2.10849	-0.0756778
5.21512	-3.57592
-4.8478	-5.66051
7.29861	-4.75822
-4.87804	-1.61346
-0.549187	-8.20877
-0.0525516	-1.31594
-5.85061	-7.10609
-8.76827	-1.42296
-11.4757	-0.0458839
-7.76297	-5.7378
-5.84595	2.49014
-13.7502	-2.47532
-2.29243	-5.148
-1.93084	-2.07035
3.98152	-6.58297
-0.109444	2.60747
0.943798	-3.09027
-5.53407	-8.00384
1.15932	-1.32658
0.0444733	-2.39614
-6.55292	-5.69007
-0.251613	-3.64308
1.19541	-10.8131
-10.2184	-2.8039
-5.55806	-10.0757
-3.19275	1.28278
7.04979	-5.1428
-4.61009	-7.8446
1.15181	-6.5986
-1.52358	2.47112
-5.2903	-8.82273
2.18243	-4.60275
-5.98114	0.0572299
-7.63578	-0.543018
-9.41443	-10.1287
-1.17697	-4.59239
1.77105	-8.84057
-5.09006	-1.87624
-4.39045	-1.51586
-1.36733	-4.30907
-6.13829	-2.21155
-13.7749	-7.47035
0.161702	-9.86255
1.75985	0.0573284
-4.29642	-3.52941
-4.86276	-7.58373
4.45588	-9.17355
-7.74034	-7.07082
-4.24411	-2.16833
-9.92683	3.06518
-12.6539	-5.54601
1.65979	-0.941269
-0.688999	-2.42478
-2.40445	-4.20747
0.100828	-8.40092
2.00154	-2.90758
-8.20977	-4.14197
-10.0966	1.85497
-3.49745	-5.10054
-4.74808	-3.85518
-3.05204	-4.18213
-4.02446	-8.11864
-2.26836	-5.28948
-3.24809	-5.43999
-2.41037	0.729677
0.571232	-3.60003
-5.16277	-5.70099
-6.87612	-6.81133
-6.9986	-3.17384
-2.00644	1.02509
-8.1094	-2.93491
-1.56769	-5.89943
-7.44987	-4.17825
2.39419	-1.97165
-3.51616	-10.7767
-12.6095	6.5206
-7.29706	-5.99023
-0.258202	-5.17157
-5.70536	-8.73601
-1.54956	-1.28859
1.94755	-0.264051
-8.49885	-3.21012
2.61117	-5.78534
-7.30493	-3.35795
-7.6127	-5.15376
-2.84583	-1.99109
-7.78614	-9.8952
-10.7426	-6.00889
-4.28602	-0.234271
-3.27633	-5.41342
0.450825	-4.00772
-2.83797	-10.3355
-1.52513	-2.0803
-2.45097	-7.90424
1.89996	-0.918922
-1.04909	-3.28795
-1.85425	-2.24156
-0.531942	-12.1117
-11.3307	3.04013
-4.92028	-1.1518
1.07696	6.50554
-3.20682	-4.63153
-6.14902	-10.6596
-2.66757	-3.72642
-5.904	-4.0912
-8.74487	-11.2379
-2.55065	4.40304
-3.72794	-3.1857
4.42557	-4.47514
-0.808755	-3.01733
-6.62719	-4.26229
-3.04372	-0.347242
-2.05933	0.0821323
-5.48189	-6.8965
-7.40853	-5.9684
-6.72181	-1.82999
-1.98593	-1.74463
-2.37884	-7.54763
-8.76024	-2.32486
-7.80713	-6.21367
-4.1535	-3.16675
-6.13879	-5.05406
-5.5817	-0.344932
-7.39572	-5.32693
-2.7728	-0.319897
-10.2895	-8.15433
-8.92221	-3.04844
-3.05846	-1.52837
-7.18134	-4.96596
7.30333	-5.74819
-0.509091	-3.6133
-9.50452	6.12081
-6.2503	-8.09982
-2.66439	-1.50545
-7.15902	-7.32714
-5.91831	-2.94081
-7.6638	-6.12315
-5.77486	-6.02962
-0.595012	2.05691
-5.19618	-3.95801
-4.08408	-6.95246
-11.7467	-0.651265
-4.33781	-8.98752
2.32713	-2.5181
-0.484936	-6.73482
-6.64536	-5.25237
-3.4677	-4.55304
-6.09275	-4.52855
-2.02516	1.02776
-11.1035	-6.09043
-3.17048	-8.68106
-5.90406	-9.896
-4.81814	-2.69853
-2.62432	-5.42625
0.705858	1.02108
-10.0878	-4.84489
-14.0688	-0.90075
-7.70084	1.39092
3.4857	-3.26341
3.86453	-3.91649
-4.8334	-1.18282
-7.60183	-2.20357
-10.7375	-0.413228
-3.90045	-5.4966
-8.79772	-4.3393
2.46475	-3.47362
-3.60408	-9.13261
-5.41728	-8.64828
-3.11186	-5.47342
-6.83055	-8.62733
6.34741	-0.799678
-9.02801	-3.74411
-12.9283	-4.87738
-3.78408	-2.82817
-1.37139	7.63802
2.50049	-4.14731
-4.44943	-6.74427
-2.56435	-6.65473
-2.4227	-7.95399
-4.12106	0.0700509
-2.08066	-4.3105
-0.460588	2.50227
-10.6915	-1.51108
1.86036	-7.5654
-5.97867	-10.891
-7.43135	-0.625147
-7.71232	-8.89495
-11.3924	-4.29396
-4.43164	-6.38997
-0.76348	2.90088
-6.05035	-1.3897
-7.88587	-2.45352
-6.20035	-8.1155
-5.72351	-7.48029
-5.97508	-5.04506
-7.68098	-2.41972
-5.7486	-3.04786
-4.5161	6.60723
-8.91713	-2.54287
-2.87231	-3.34596
-3.14492	-9.24464
-1.56531	4.73839
-3.29929	-0.0209206
-1.08041	-5.46362
-10.5226	1.93859
-1.12152	-1.21101
-4.43856	-2.8079
-0.233019	-1.7934
-4.02753	2.43792
-3.56498	-9.29197
-11.3574	-0.166782
-7.95228	-2.73933
-4.92163	-0.651827
4.83922	-2.08247
-3.222	-7.70046
-0.565721	-4.1236
-6.83227	-1.08749
-7.14968	-5.34241
-5.84466	-7.23328
-1.60441	-4.61257
-0.581811	-6.39859
-5.58201	-4.92469
0.575815	-0.280818
5.7695	2.56682
-4.51893	1.70959
-2.47357	-0.522154
-6.38781	-4.49774
-4.43556	-3.33618
-3.75937	-4.49734
-5.03921	0.398554
-8.50236	-1.06272
2.16624	-9.64133
-0.697364	-3.01022
-12.3978	-9.55908
-12.2739	-5.90128
0.965648	-12.9525
-3.60229	-7.06828
10.3858	-3.67123
-1.66102	-9.95314
2.5707	-2.22465
-2.81846	-1.44734
-2.28317	-5.62794
-3.1673	-0.0403713
-3.05959	-9.32969
-1.92971	-0.103758
1.33131	0.46461
-4.97586	-0.402081
-2.46093	-7.29959
0.125575	-0.890965
-8.40024	-8.93947
-5.85019	-13.7768
-2.95439	-3.06185
0.535302	-0.365917
-7.68262	-3.51589
-0.858541	-5.88742
-2.28505	-0.0199486
-5.99751	-0.587638
-4.12463	-4.33495
-2.66592	-8.7042
3.78324	-5.59759
-3.73919	-1.81551
-6.38477	-4.44309
3.74231	-2.67451
-0.742043	-2.09514
5.41951	-10.2056
-5.68691	-10.4455
-8.78868	-6.43148
-5.37128	-0.452113
-3.21296	2.31596
-4.36539	-1.38402
-1.63083	-0.89988
-6.27787	0.974812
-4.55785	-6.61084
-3.10737	-8.93197
5.41818	-4.90154
0.620013	1.87024
-3.23128	6.53243
3.33317	-2.33898
-0.0721754	-3.934
-12.0353	-6.4878
-4.74473	-5.40802
-0.304126	0.453665
1.52448	-1.07303
-1.94052	-5.41387
2.52273	-2.81868
-6.24212	-1.77978
-2.33524	-1.70009
-13.3541	-1.49876
-5.5623	-2.67464
-1.20225	-7.86926
-2.3173	-11.5085
-10.1554	-9.6041
0.0256367	4.83186
-7.2121	-1.45698
-2.41754	4.10611
-11.1621	-3.53219
-7.40918	-5.08724
-2.93852	-5.6413
0.0695432	3.69073
-10.6551	-9.69397
0.343953	-2.73152
-5.99939	1.7021
-3.21328	-6.01694
-2.58461	-10.2531
-8.31766	-0.630372
0.665531	9.55938
-4.88664	0.865583
-2.78695	7.55303
0.516602	-6.36708
-5.87869	-0.506486
-5.25313	5.89955
-1.27298	-2.60777
2.20374	-7.98912
4.18929	-9.24858
-11.1937	-4.95029
-2.64712	-1.37236
-0.0626508	-2.60166
-1.46451	-4.60578
-3.5992	-8.31497
-10.0202	0.874053
-1.15545	2.63651
-3.8959	-3.51314
-4.42422	0.820839
-6.78487	-4.25078
-9.15682	-4.94827
-8.15266	2.29707
-2.83419	0.400124
-6.39451	-0.988239
3.18381	-7.49993
6.1295	-5.72414
-1.2393	5.28414
-5.94366	2.6339
-9.09466	-5.72449
-7.40101	-5.07224
-2.02088	-8.37728
-0.876788	-0.192185
-9.17126	-4.74209
0.586577	-2.5084
-7.75337	-7.2246
0.636094	-2.76694
-4.20249	-3.01654
0.864431	-2.43259
-6.1264	2.58169
-10.0899	-2.66998
4.91673	-7.07124
2.1857	0.604077
-2.51656	-5.12697
-1.88033	3.31908
-3.21041	-10.1387
-3.20514	-3.16396
-6.17771	-6.60351
-2.78871	-14.794
-5.81454	-2.12599
-2.71707	0.123529
-3.68851	-4.61074
-9.89462	-6.01315
5.07735	2.0169
-9.29536	-3.48085
-7.86205	-3.07327
-9.28744	-0.511287
-2.52289	0.844584
-12.094	0.392967
-4.91213	-6.49978
-6.25468	-3.54204
-1.29664	0.189473
-7.05297	-2.14203
2.03683	-3.36628
0.741702	-8.39924
-4.68082	-1.5474
-3.38807	-5.6093
-7.54109	-7.12325
-5.77702	-0.430786
-9.69104	0.8633
-4.95251	1.40883
-5.374	-8.77371
-7.13804	-4.82519
-5.35065	-7.7868
-10.1984	1.1556
2.62112	-4.46451
-9.91653	0.0120433
2.39736	-7.52028
-2.07022	-7.51466
1.93965	-1.77471
-5.27526	-5.86088
-8.23695	-2.27202
-3.438	-0.790738
-5.57861	-6.61273
-1.11324	3.56414
-0.326576	2.26616
-9.62242	-6.15824
-10.4955	-2.34178
-6.54826	-5.16469
-10.8058	2.85729
0.273426	-6.79921
-5.82453	-3.66377
-12.2885	-4.72539
-5.4565	-3.47028
-8.51615	-1.65405
-5.93847	-7.28394
-5.73917	-5.71637
-1.71848	-5.84099
-9.37724	-5.17199
-2.86239	-2.66661
-4.27717	-7.30089
2.06133	-7.33362
-11.7461	-6.06025
-5.99336	5.35505
-2.20681	-1.17076
-10.088	-1.31173
-2.77565	-13.7197
-6.53621	2.3461
-1.09168	-8.65052
4.79211	-6.86714
-7.71291	-11.0299
-6.13225	-6.35955
-2.97851	-5.78173
1.62624	5.40381
-4.24935	-7.98418
-1.08744	-5.81338
-0.2825	4.82218
-0.333607	0.550809
-7.62742	-8.66319
-1.39383	1.29001
-5.32592	-5.40335
6.4496	-3.48127
-3.48846	-2.98879
-8.63884	-5.36438
0.935005	1.30644
-0.229867	-4.03149
2.6804	-7.05272
-7.00609	-7.12196
1.52421	-3.70381
-4.95917	-4.68753
-9.15093	-4.58707
-6.14643	-5.88245
-8.18088	-7.29044
-4.62365	-0.713711
-1.94833	-4.81795
-4.08932	-3.56051
-4.78262	-2.03281
-4.72163	-7.70936
5.32135	-11.3582
-5.91392	-3.45164
-9.02798	-6.44628
-2.14319	-7.05538
-11.4142	-3.17937
-7.81389	-10.75
-2.61439	-4.2051
-5.75601	-6.6342
-0.386532	-4.5952
-7.0109	-6.91848
-0.0444624	-2.98407
1.87636	-6.59258
-5.62349	-5.78068
-4.10914	-4.06679
-5.67905	-5.65616
-6.55873	-10.8826
3.50936	-9.20125
1.60924	-2.17684
-2.70963	-2.66853
-2.50977	0.937238
1.53483	-6.01756
-4.63822	-3.88269
-2.17993	-5.64692
2.87346	-4.20951
-3.14857	2.41601
-7.93456	-10.649
-3.84707	-6.06608
-7.26793	-1.98588
-6.82482	4.43075
-3.09135	-4.1214
-2.98994	-0.21883
-8.83427	-1.67319
-5.08776	-6.26921
1.85734	4.71733
0.835645	-1.95467
-6.2047	-8.1347
-7.78676	-0.292557
-8.08568	-13.186
-6.58916	-0.127234
-5.50406	-9.81699
-7.67899	-4.60883
-3.64918	-7.20775
-2.36144	-10.1622
-0.8453	-6.92258
-8.97391	-7.79269
-3.69866	2.35762
-4.38101	-4.89612
-2.20679	-1.37671
2.72686	-7.19781
3.80876	-7.83225
5.07338	-4.86589
-6.61624	-3.68532
-8.53781	-7.22271
-1.74681	-8.15735
-5.81082	-1.61527
-1.90411	-8.88064
-3.85694	-3.97864
-8.32735	-6.41612
2.28564	1.36948
-2.40727	-9.42207
2.06595	-4.58515
-9.42355	0.234693
-8.27344	-7.9598
-2.51401	-5.68512
-6.91628	1.41964
-4.84679	-4.69539
-5.55283	-0.441457
2.76309	5.02526
-3.44708	0.83726
-6.46704	-0.395237
-0.0704787	-4.87282
-3.44103	-3.8494
-4.19747	-8.25701
-0.19895	-6.03159
-2.2828	-8.77037
-6.2415	-6.94252
-6.95363	-10.4081
-0.688749	-1.42755
-6.18261	3.30459
-8.31538	-3.37798
-5.49009	-2.08927
-7.833	1.96563
-9.13017	-7.48133
-4.99232	-4.94799
-5.07319	1.5584
-4.66213	3.5208
-1.38844	-3.67826
-4.68516	-6.67283
-3.86114	-0.0343577
-8.82028	-3.35539
-8.42365	-1.84101
-1.95154	-5.46564
3.86732	-13.0723
-5.16641	0.865727
-6.23314	0.607945
-6.00312	-5.05495
-5.25216	-3.70894
-3.50614	-5.25007
-5.48232	-5.53873
-6.17081	-7.75954
3.77513	-12.8047
1.14155	-7.94882
-2.80416	-8.10437
-5.6323	-0.0793825
-6.56962	-3.66443
-2.79877	-3.97053
-6.33014	-2.52764
-4.25674	-4.09438
-6.02584	-7.47813
0.382327	4.51683
-1.32962	-10.7441
-2.58796	0.010041
-0.411151	-7.92629
-10.4098	-3.77578
3.2634	-6.75132
-6.11794	-3.41473
-7.08058	-5.37838
-5.72005	-5.06704
-1.94128	-3.19484
-1.8411	-3.50256
-2.03801	0.00634933
2.99176	5.91943
-1.95454	-4.31356
-4.91981	-1.85116
-5.4509	-4.03911
0.691347	-1.70242
-6.31797	-3.65396
-7.47973	-5.14477
-3.79252	-6.22531
-5.94126	-7.05345
-5.25832	1.15249
0.596416	-5.80668
0.527163	-6.54716
-0.870995	-2.26578
-3.71954	0.824039
-4.76957	1.9089
-2.48771	0.0579355
-5.99996	-4.00943
-8.05768	-7.84947
-8.23483	-1.87342
-1.47229	-4.93838
-2.48956	-7.98198
-1.25996	-3.41605
-2.93944	-10.1029
-3.08	-12.2325
-7.49564	-5.80713
-6.60987	-6.32862
-8.65843	2.91002
-6.09964	-8.9313
-11.9196	-4.725
-9.28291	-3.41329
2.58421	-4.24914
-3.2548	-1.10511
-0.255454	-4.46313
-2.5029	3.26035
-9.68332	1.92305
-6.96831	-4.0096
-10.6385	-1.6052
-5.64097	0.653836
-11.7912	-9.11744
-5.87928	0.596095
-1.9141	-0.2901
0.974202	-2.19964
-5.01323	-4.10487
-2.65713	-2.44442
-6.512	-5.74531
-4.03434	-3.17055
-12.8691	0.464932
-4.31199	-4.02628
-5.98072	-6.56404
-0.0391189	-1.1612
-2.99813	-10.3245
-3.83785	2.55591
-3.37142	-2.33902
-5.83911	2.51061
-8.8815	0.815826
2.77354	-10.2498
-3.35825	-3.83177
-1.04325	-9.42376
-3.45999	-9.60685
-4.83678	-1.85666
1.4819	-0.648822
-2.70586	-2.39931
-0.246576	-3.22222
-6.36699	-4.56133
-1.32333	-2.77305
-3.37134	-3.70344
-1.29351	-9.33528
-1.13026	-3.48193
-7.78561	-2.8276
0.271111	-3.40644
-5.7704	-6.30694
3.83164	-1.95092
-8.2023	-1.45314
-3.99436	-4.79058
-5.19428	-8.69037
-0.106854	2.67023
-0.116974	-4.87865
-1.90421	-4.76483
-1.06881	-0.694597
-6.01765	-13.6666
-0.127171	-0.992338
-1.32382	-0.661983
-7.60552	-1.17415
-5.1873	-0.897602
-7.65731	-6.52089
-6.73054	-7.06657
-2.40311	3.5868
5.18584	-3.5091
-9.0608	-0.952888
-4.07784	-2.48283
1.4797	-10.6527
-7.19544	-4.44738
-0.417101	-2.09004
-4.32074	-4.59856
-10.3373	-6.29576
-4.23678	-4.71802
-3.72003	2.23101
-7.26775	-9.34865
-4.68347	-0.291823
-1.201	-3.21525
-8.63272	-2.85349
1.11079	-0.770781
-8.3758	-7.11606
-9.19706	-7.36075
-2.95498	0.486865
-2.71432	-2.36587
-1.56264	-3.78664
-5.08693	-5.1408
-12.2105	3.61043
-3.19055	-3.49393
-3.11145	-7.65339
-8.31969	-0.874556
-2.67749	-7.69743
4.31562	-12.0758
-0.835568	-6.76586
-3.10554	1.19836
2.90079	-7.46144
-6.69296	-6.12102
-7.52981	-8.05766
0.825427	-2.08408
-4.08812	-4.15695
-7.13462	1.18218
-10.7759	-11.5483
-6.53768	1.76785
-5.14156	1.55047
-3.64553	-4.67871
-6.01905	-5.92961
-6.29414	-6.01286
-0.369572	0.896615
-6.13666	-7.68979
-5.05498	-5.61457
3.08095	-2.52625
-5.35097	-7.37722
-7.46921	-7.64912
-8.65654	-7.69554
-5.91187	-6.8782
-1.10518	-4.38762
6.47731	-0.171459
-10.6653	-6.1096
-6.08217	-11.2642
2.26226	-6.32078
-10.054	-6.46732
-6.55557	-5.42725
-3.45652	0.47892
-0.475373	-2.86717
-7.73611	-1.32261
-8.84213	-3.15299
-0.754792	0.177898
2.47427	-7.08818
3.1146	-6.81312
-0.713205	-9.91832
-4.542	-0.240888
-5.59947	-2.92475
-8.02827	-0.0767231
0.88298	3.92596
-6.4577	0.440775
6.17195	-3.61078
-5.878	-3.93237
-7.35721	-10.1238
-6.98913	-1.56519
-2.41828	-2.75389
3.7041	-4.78503
-1.95433	3.14353
-2.61296	-12.2513
-4.5997	-6.93224
-5.0265	-2.76109
-3.12881	-6.7822
-13.4816	-7.95449
-3.82253	-14.4179
-2.9009	-9.52702
-2.29201	-7.19939
-7.17339	-8.23073
-3.2246	-5.62323
-0.483036	-5.424
-4.43365	0.354466
-4.66633	-2.15222
3.73831	-1.37169
-1.77913	-1.61247
0.545569	-6.36173
6.75678	-3.33237
-4.26996	1.75779
-2.88943	-7.1304
0.131195	-8.56774
-6.34199	-7.21047
-4.89354	-7.62954
-7.57276	-1.54426
-7.75477	-1.31556
-2.32698	-3.64394
-3.67182	-5.68054
0.146358	-5.41376
-7.18604	-4.7806
-6.88602	-5.06779
-14.6854	-2.06836
-0.474653	-6.5522
-3.6223	4.14781
2.39525	0.799826
-7.73903	-6.53493
-4.24386	-10.587
-6.24132	-4.66423
-4.67977	2.92836
1.80644	4.57978
-8.68851	-10.3924
-7.50831	1.7896
-8.33181	-5.79208
2.27309	-1.09842
-11.9374	-0.108633
-3.08876	-3.58497
0.814162	-0.48924
-5.19876	-4.48703
4.51707	-11.647
1.45481	-6.93603
-1.09198	-4.25601
-1.2144	-9.33925
-4.89738	-6.47693
-2.16818	-2.82439
-3.95755	-5.19287
-8.47875	-3.24067
-4.73673	-6.56258
-3.47861	-0.108892
-6.76764	-6.18328
-6.44459	3.49277
-0.137024	0.106401
2.18909	-7.64346
-1.1474	-2.34519
-1.08371	-4.58459
-6.97596	-9.84708
-0.236299	-3.70851
-0.495512	-4.93169
-2.38244	-3.31205
9.0725	-5.13433
1.52581	-4.74731
-1.5901	-5.78981
-1.93879	-8.27686
-2.32643	-1.61427
-3.81481	-4.09743
-12.3189	-4.82956
-4.60257	-3.67797
-5.98987	-3.29408
-7.65366	-4.17606
-4.83662	-4.58163
-1.53339	-1.94595
-9.35208	-5.23675
-8.03088	-4.56587
-15.373	-6.15065
0.989861	-5.49159
-1.98536	-4.74669
-1.60815	-2.29765
-2.40225	-1.00224
-0.534531	0.277536
1.35222	-1.76409
-6.12946	2.65718
1.29947	-4.469
-10.1207	-0.604217
-1.63116	-0.265017
-9.08686	-6.05923
-4.35404	-6.69034
-2.53701	-7.88635
-4.48846	-8.71977
-5.73714	-2.62976
-0.469615	-5.69392
-1.75184	-6.14723
1.78408	-0.643869
-3.48732	-0.344733
1.73506	-3.57394
-4.39179	-8.29113
-6.68066	-4.76051
-4.29401	-1.51441
-1.63627	-5.06987
-0.931941	-1.3295
-7.01418	4.44091
-0.876592	-7.18452
2.64108	-11.2938
0.194743	-0.250656
-4.2197	-7.49453
-3.27625	-7.3729
-8.07394	-6.84462
-15.56	-1.05802
-3.99812	2.73262
-6.2966	1.2599
2.02632	0.0322808
-6.53843	-6.26734
-5.6143	-1.69397
2.46656	-10.6008
-7.1235	-3.2333
-5.67426	-10.1755
-1.50472	-2.71182
-9.27735	-8.37761
-3.96526	-12.5718
-7.83927	-1.75105
-3.37915	-3.78319
-7.88614	-2.99413
-0.590657	-4.24447
2.31419	-2.67038
-0.779094	-2.88425
-3.36667	-10.7892
-1.73947	-8.53199
-0.0915739	-4.66554
-5.33597	-3.31437
-9.71604	0.613931
-1.90105	3.34157
-5.00198	-0.108853
-7.69975	-5.27071
-7.21465	-5.41783
-7.51412	-4.68557
2.9213	-7.75239
-5.07032	-6.13562
-4.2544	-8.08131
-2.73873	-2.22622
-1.85196	-3.91761
-1.29533	-7.46249
-0.878959	-7.41922
-9.31981	-6.81538
-3.93554	-0.368515
-7.63943	-4.62218
-10.4176	4.32595
0.505994	-4.57229
-3.59921	0.242189
-4.63988	-3.64524
-9.98276	-11.9523
4.72086	-5.68116
-4.22682	2.49119
-2.00963	-4.03231
-10.5291	-7.91105
-12.6315	-4.45575
-0.495184	1.36586
-1.34643	-1.40345
-4.7853	-4.9584
-6.55057	-8.85567
-12.762	-2.06761
-1.20806	-5.12467
-3.86642	-4.71954
-1.36402	-2.72579
4.92687	-11.0635
-0.45621	-3.58377
-4.2781	-8.30683
-9.40277	-7.17125
-3.55208	-11.8688
-3.61369	-3.85349
-1.23251	-4.64852
-3.0982	-1.60984
-1.59286	-4.79132
-9.1647	1.66142
-1.25009	-4.39342
-4.33943	-10.4822
-9.51512	2.31644
-5.35989	-2.34067
-4.47703	-7.42327
-8.94363	-7.65785
4.89251	4.26363
-0.267485	-4.90943
-12.904	-6.71599
-2.37234	-5.7347
-3.74307	-8.34157
1.83066	-6.49987
-5.92473	-6.38717
-2.18949	-9.14078
-6.66103	-3.22099
2.0882	-6.90719
-4.6779	4.46595
0.807547	-3.98558
-4.58612	-5.06267
-0.0423688	-0.434787
-2.26704	-2.03837
-4.86233	-8.49558
-9.07354	3.2751
-0.370533	-0.543117
-2.68034	-4.66368
-8.35262	-7.58348
-4.52422	-7.83672
4.23453	1.23234
-2.13023	-5.07811
-7.85974	1.29916
0.410858	-4.21622
-9.98491	-12.1453
0.999753	-1.52152
-7.11461	-4.046
-4.059	-5.51488
-9.06682	-6.10688
-4.4756	-1.3282
3.68315	-4.08768
3.10578	0.378486
-5.59231	-2.08687
-4.54967	-3.00304
-8.48471	0.456603
-8.99023	-0.485221
-3.87082	-2.10431
-1.37283	-6.71497
-9.36715	1.14037
-2.5531	-2.88245
-3.01328	-3.96201
1.28913	-3.79604
-8.00417	-8.49107
-7.31542	-1.96268
-10.5886	-7.06727
2.18265	-1.27943
-11.155	1.25763
-6.83851	-0.163424
-6.47878	0.104343
-7.14119	-7.72846
-2.95297	-11.709
-5.87377	-2.35544
-2.51657	-8.78068
-1.24441	2.1875
-3.76331	-5.79822
0.852096	-1.07976
-2.90344	-5.33872
-6.62712	-4.10913
-5.03845	0.721677
-7.05029	-7.45418
-5.24128	-7.40595
-6.2836	-2.68864
-4.87324	-12.2104
-12.6738	-0.0990761
-3.09314	-7.62567
-12.4328	-3.74686
-7.30898	-7.28414
-2.90238	-1.96143
1.80087	-3.05161
-9.89212	-3.04304
-3.47785	-2.94751
-2.68946	-10.49
-5.0495	0.534494
-2.12758	-2.78499
0.466245	-10.1458
-8.54891	-2.47433
-1.91656	-3.18681
5.15723	-4.72058
1.81858	-9.41744
-0.0338371	-6.82155
-7.37013	-7.80495
-8.04303	-8.78067
0.52998	6.08423
-5.18944	-7.75989
-7.38709	-3.47061
-3.53826	-2.69146
-5.02052	-3.55304
-1.71599	-15.2979
2.70947	-11.3304
-6.36627	-3.96193
-1.59202	-2.35793
-1.67289	1.17035
4.96183	3.62367
2.02789	2.78644
-3.65801	-1.17503
-0.434663	0.402569
-5.69688	-7.77924
-0.776442	-4.58401
-1.50298	-8.83495
-4.03148	0.833387
-5.5907	-0.611558
0.474518	-3.17998
-0.477594	-3.40303
-6.1997	-3.36323
-5.08979	-1.99568
-6.62648	-5.30854
-5.82178	-7.20859
-1.83297	-8.55632
-6.62675	4.84246
-1.80859	0.503095
-9.49283	-5.62322
-2.10835	-1.51388
-4.15968	-1.54235
-0.00462142	-5.66831
-7.70201	-3.72804
0.0453946	-5.88375
-1.60525	-2.01308
-3.23677	-8.73675
-2.80446	3.08622
-0.993186	-3.87919
-7.55486	-6.68088
2.52331	-3.31754
-9.33814	-10.6905
-1.65023	-5.1533
-5.99565	-5.70372
-11.1422	-7.27438
-8.37513	9.66738
-3.99665	-5.02027
-8.70435	-1.36574
-0.0779771	-4.93009
-11.0925	-4.74036
-9.05834	-5.06211
-5.6809	-7.53058
-3.45307	0.832446
-4.6078	-1.30144
-0.01225	-3.35799
-10.2938	2.59968
-0.595228	0.268545
0.479161	-4.42238
-10.3999	-11.6973
-6.47131	-5.56017
-2.53574	-0.405326
-3.95099	-2.3676
-1.86977	1.28166
-7.61254	-5.73472
-10.7575	-1.92105
-6.14442	0.601348
-5.48201	-5.0733
-3.48734	-5.444
-9.09879	-5.89282
-1.37393	-6.65752
-6.38741	-8.88577
-8.83274	-4.26393
9.37982	-9.8774
-2.25592	-5.13458
-2.21129	-1.66712
-4.20323	1.38627
-7.63274	0.503638
-2.89899	-6.47634
-8.58028	3.38661
-8.92809	-7.42946
-1.08407	-5.46821
-3.30609	-8.27099
-1.74573	-4.72364
-4.03001	-1.94333
-7.24577	-8.16645
-6.95482	-1.31043
-4.32702	-1.55855
-6.93661	-8.99398
1.75862	-2.22569
-0.129273	-0.602415
-0.137367	-4.01272
-2.23469	-5.56714
-4.45594	-1.28123
-4.45821	-2.70771
3.10212	-9.00699
-10.5021	-3.08233
-5.32394	-7.25783
-3.20493	-5.15936
-4.12433	-8.15667
1.80389	-0.855909
-1.85608	0.230765
-0.77516	-8.07372
-4.82649	-10.4279
1.0529	-8.50252
-5.58227	-11.0256
-6.88427	-5.51533
-6.85907	-6.76445
-5.4398	-9.26484
-6.46751	-5.52975
-3.14642	-8.25775
-2.91203	-1.23297
-3.84696	-7.24939
-2.05176	1.63274
-2.89713	0.258913
-1.885	-0.468437
-7.36954	-2.0502
-2.52538	-7.00005
4.12162	-1.11575
-8.91357	-6.90113
2.86747	-5.22042
0.984588	-4.74349
-5.2758	-7.38275
-4.67778	-7.12491
-0.448943	-0.904544
-5.45368	-4.98033
-8.39022	0.33412
-5.95989	-6.0317
-1.44385	-1.64786
-2.77811	-5.75985
-1.3643	-5.32311
-0.974144	-1.03739
-11.574	-17.5474
-6.3198	2.07554
-2.82839	3.62293
-5.94412	-1.60097
-6.25372	-7.60865
-2.03662	-10.6236
-7.95141	-5.43648
2.25775	-4.4566
-4.3962	-2.62307
0.687259	0.557891
-1.77476	2.3492
-1.29068	-2.83443
3.22132	-14.0858
-1.67399	-2.49373
-10.846	-1.1558
-6.00902	-3.5875
-4.34981	1.03879
-0.154561	0.40076
-5.83443	-4.83898
-0.962477	-1.07943
-8.87337	7.19853
-1.24671	-3.12014
1.40447	-6.67007
-3.71514	3.25634
-1.80323	-8.68039
-8.59502	-1.62756
-9.86781	-6.0444
-7.38578	-0.912468
-6.00866	-7.05986
-7.04589	-2.7359
-1.0597	-5.31453
-8.07862	1.92819
-4.28568	-1.80258
-0.276338	-4.60062
-0.820945	-1.84365
-12.1955	-7.7727
-1.84347	-4.04703
1.75872	-5.19587
2.77712	-5.48315
-0.949813	3.32042
0.933774	-2.04924
-6.38844	-2.48379
-1.78443	-8.64137
-6.20374	-8.07666
-1.83899	3.74489
-8.35856	-0.335821
-3.25495	-0.544339
-6.2431	-1.72437
4.42393	-3.97694
-9.82299	-2.49311
-2.21881	2.78393
-0.902117	-14.5369
-5.54488	-3.78429
-0.0979437	-5.23589
-5.93089	-4.94603
-2.46347	-8.65012
1.38336	-2.35593
3.37873	-6.13315
1.25752	-3.26337
-9.03153	-0.794884
-4.53389	-7.30855
0.758311	-2.3567
-1.17362	-0.553334
-0.40774	0.222357
2.09339	-4.17135
-7.44222	-5.99478
-4.77193	-5.17975
-9.81433	-0.0520112
-9.21602	-1.35144
-5.31014	-1.63697
-8.39055	-4.72565
-2.26663	-1.63278
-9.58314	0.410192
0.855261	-4.81813
-5.51748	-10.3626
-10.8691	-7.00595
-4.03941	-7.1102
-4.84459	-2.48109
-0.362209	1.92948
-5.24984	-6.44605
-1.58624	-8.31803
-5.94357	-7.49842
-8.55727	-1.51226
-0.860144	-1.06905
-6.8353	-4.67276
-8.83827	-5.66403
-5.23455	-2.06474
-4.90452	-1.77281
-6.78823	0.563375
-5.85095	-8.00422
-5.47793	-2.06717
-5.49387	-6.20344
-6.8652	1.66117
-6.22237	-2.42786
-7.49235	-11.3436
-8.38882	-1.72116
-1.52084	-2.43318
-5.16707	-6.91588
-5.85043	0.105784
-1.8002	1.70704
-5.22836	-0.0355681
-4.87615	-0.966853
-13.5615	-1.14635
-8.87334	-10.126
-5.87645	-5.60962
-2.03301	-6.99237
-1.36322	-2.94632
-0.688904	-7.42336
-6.34068	-7.32639
-7.03531	4.65834
0.189702	-1.06118
-5.48979	0.300862
-3.27795	-4.49477
0.265403	-3.86398
-2.68589	-6.09132
-5.57144	-1.81083
-4.12681	-13.1115
-3.94046	-1.14819
-7.85136	-6.9663
-0.556976	-6.12203
-4.18548	-1.97842
-7.53096	-7.27703
-6.35128	-10.879
-6.62349	-4.50359
-5.05317	-3.96136
-6.26671	1.44776
-3.45786	4.92005
-4.47345	-5.49613
5.32309	-6.57625
-2.20747	-2.1772
-7.43397	-1.68806
2.81675	-4.82885
-8.23343	-8.64057
-6.33676	0.05862
-3.73102	-5.0365
-1.07828	-7.68769
1.12618	-1.85453
-6.54587	-9.47106
-0.294083	-2.41131
-3.17372	-4.338
-8.23705	-3.45797
2.11056	1.22154
-17.8619	2.33665
2.21265	-10.6415
0.673771	-1.45225
5.04882	3.01407
-9.47058	1.66706
-12.5055	-8.54646
-1.55889	-5.09607
-3.8225	-1.51988
-5.47261	-0.55453
-5.51258	-9.74193
-4.11439	-4.33984
-4.27902	-1.92239
0.0970438	1.61454
-1.10891	1.8819
-8.49737	-10.0577
-2.70755	-9.48895
0.79166	-1.46932
-5.60493	-5.76301
-11.7142	1.12478
0.317806	-3.93646
-4.64632	-2.02551
-11.7245	-6.62303
6.22609	-8.11197
14.7201	14.312
14.8736	16.1258
14.3697	14.2413
13.9273	14.7905
14.9073	11.7572
14.5677	13.1397
14.6275	14.2653
13.494	15.4924
13.3775	12.2286
14.8556	13.0292
14.5097	15.5888
14.5355	14.4031
14.7249	13.088
13.6754	14.2229
12.5163	14.0716
14.4271	14.1216
12.9243	15.252
11.6091	13.1972
15.7151	14.5626
14.2278	13.4192
14.7562	12.5576
12.6389	13.628
15.5448	13.9024
14.3236	13.4409
14.3452	13.8096
14.1323	13.6989
15.0335	14.266
13.9662	14.5588
14.0964	14.5881
13.3112	14.1564
14.822	14.2651
15.0307	16.354
15.0526	11.9638
13.9228	13.8604
13.8844	13.5206
13.9752	14.0662
14.9401	15.1532
14.1806	15.2168
12.9781	13.7512
12.7016	13.006
13.1214	14.0277
12.6904	14.114
14.4938	15.8576
13.6095	15.2931
13.6323	15.4283
15.9478	13.4872
13.0345	14.0658
12.3128	12.539
14.2637	15.2625
14.5352	14.7124
15.1786	13.0652
14.0366	14.4181
13.0717	13.9416
13.4721	14.5563
14.3806	12.3075
13.5742	14.3754
13.5758	15.0564
12.8417	13.0038
14.4255	12.6191
13.752	14.703
12.9583	14.9641
13.4501	13.8761
12.4764	13.9307
13.8325	13.1326
14.5743	14.1996
12.0177	14.8197
14.5477	14.0803
11.5263	13.4974
14.5481	13.1649
15.5904	12.9686
13.1806	14.9471
14.7604	15.0277
14.3417	13.0975
14.0468	14.3073
14.2029	14.2294
13.4992	13.8765
14.0388	14.2493
12.9379	14.1756
13.9578	14.267
13.4562	14.1993
14.3099	13.5433
13.4438	15.3809
14.0922	14.4843
14.5309	13.619
13.4166	13.6047
13.8153	13.448
14.819	15.1298
13.5407	14.1564
13.8767	12.5949
14.1322	13.4525
14.4862	13.5951
15.6452	13.8413
14.618	13.4414
15.0033	14.0836
13.4448	13.5196
14.9734	12.7692
13.1519	13.3894
13.0497	15.0013
12.68	12.7891
14.1904	14.2475
13.0665	-16.5027
12.3031	-16.4129
13.193	-16.2161
14.1583	-15.2314
13.7764	-16.5487
14.3849	-16.7734
14.3811	-14.7188
13.8538	-16.5998
13.1838	-16.0839
14.6271	-15.9002
13.5549	-15.3003
15.1475	-16.6305
14.1526	-16.1196
13.5799	-15.5076
14.6824	-15.2845
14.3503	-16.3453
13.3149	-16.0682
14.4751	-15.8628
14.8829	-16.9689
14.5684	-16.4558
12.4508	-16.4189
14.7827	-18.0942
14.4056	-18.6634
15.1605	-15.7649
15.0007	-17.9439
13.9798	-15.106
15.0497	-15.4961
15.7516	-15.0034
13.8576	-16.2457
14.0809	-17.3043
13.573	-17.3159
14.7294	-15.7536
14.453	-16.1126
15.3968	-17.1334
12.3888	-15.8911
12.639	-14.5898
14.0063	-16.1164
15.1789	-16.2275
13.9864	-15.3625
13.0011	-17.2837
15.0254	-15.8342
14.4867	-16.4779
13.1764	-14.0299
12.497	-18.4957
14.7305	-15.5076
13.8558	-15.7917
14.6331	-18.5425
14.1231	-15.0602
14.0422	-15.2901
13.0308	-17.1025
13.1751	-17.0391
14.3462	-15.5656
14.0037	-17.5111
13.0224	-16.7274
13.8962	-14.5189
14.4185	-16.3542
15.2215	-16.2199
14.5818	-18.7868
13.1445	-16.0123
13.3326	-15.1997
15.336	-15.171
15.576	-16.6282
13.5001	-15.8819
14.2329	-16.2387
14.108	-16.8541
13.7068	-14.6367
12.146	-14.3268
13.9048	-17.3367
14.5644	-14.9778
14.4142	-16.2468
13.7515	-14.2834
12.8335	-16.9051
13.4605	-14.6126
13.7156	-16.6049
15.1999	-14.5102
14.2406	-15.2461
14.8253	-16.4372
13.4457	-17.2127
14.0569	-15.0661
14.6598	-14.4952
13.7701	-15.5111
15.7963	-17.0786
13.5158	-15.8473
12.4843	-16.0004
14.2543	-15.0364
15.048	-14.685
10.9434	-16.7297
15.1762	-16.5753
13.2785	-15.9727
12.0459	-14.5916
14.2311	-16.7298
14.2908	-15.3671
12.625	-16.5294
15.0364	-16.4979
13.1042	-15.9497
13.4043	-15.9329
14.2269	-18.2301
13.0537	-17.6797
13.1084	-15.8176
14.4646	-15.1503
