19.966	0.716247
-18.4103	7.75443
-15.2954	-12.1787
17.4385	9.69586
-12.5787	-14.2571
-2.78153	-20.7246
-18.8895	4.68163
20.1701	5.60442
-2.82224	-20.4182
-6.94165	19.1779
15.8892	10.5124
17.4667	8.43018
18.5901	-5.32808
-17.0245	-10.0925
12.8901	16.1976
17.2054	9.62232
15.4281	-11.328
-17.551	8.60007
-2.75133	20.313
3.69084	18.683
-16.342	12.4684
15.2899	13.6717
10.1456	18.2728
-18.6806	9.07589
-5.8679	18.943
-19.1114	2.22364
-7.96416	-17.8532
16.8928	10.4205
-13.2272	-15.3665
-6.9673	19.0809
-7.10225	18.9587
-2.27771	-20.1711
-18.9257	5.15155
4.82917	20.1855
-19.6555	5.37325
-1.83066	-20.4072
-19.4229	-0.902459
-0.663055	-19.4656
19.4427	2.89982
-19.1868	-1.52337
-19.6686	5.7942
11.5337	-15.7463
16.9398	10.9788
-18.474	4.49892
-19.6708	2.27413
3.94151	-20.0946
0.689815	-19.6389
-7.42237	-19.0405
-17.5458	10.6925
-20.8027	-0.293175
-10.0334	-16.9244
-17.1602	-12.1001
4.95006	19.7672
19.9625	-3.31057
18.697	-8.43764
11.7058	16.2672
19.2171	0.843203
-16.9806	9.04614
-3.70122	19.2822
15.3654	-12.4831
9.4941	16.9221
9.42025	-18.5598
-13.5061	15.518
-8.04891	-18.5576
19.7	4.95829
19.9493	3.25834
-8.71552	-16.9735
-13.2997	16.0106
-19.1712	3.34484
17.9506	7.00641
16.0724	-11.2837
-15.4664	12.3896
4.8577	-19.8098
-14.562	-12.3174
-18.0446	-8.96064
10.9082	-17.5201
18.8681	8.17817
20.4023	-3.67361
-8.91846	18.4497
-17.1409	-9.55366
19.379	-7.92617
-2.81765	18.9527
-19.8807	-4.24324
-6.54994	-19.8436
16.4601	12.2183
-3.54247	-19.3917
-17.466	-11.1832
1.63308	20.85
-10.7823	15.7392
-15.9077	-12.548
18.693	6.61922
-8.3607	-17.6671
5.46837	-18.5918
14.6476	13.105
-18.151	9.44881
-20.6767	1.11722
-17.2599	-9.89597
-18.1155	-8.63762
10.9653	16.2783
19.0697	-8.39263
19.5531	5.18724
18.3722	-5.78984
17.5112	-7.84399
-18.9315	-7.01752
-17.6656	-9.16603
-14.3691	-14.6462
-6.88583	-18.316
-3.01058	19.0901
0.121592	-20.9218
-11.322	-16.3886
0.833741	-20.3119
18.3054	7.11143
-8.78844	-18.9238
14.6729	14.8572
19.2419	2.74871
14.7513	12.5855
-4.47882	-19.9237
14.5083	15.0159
20.4559	1.61247
-13.6647	-14.1008
-11.7738	-15.7365
-17.898	7.91405
-5.75486	-19.724
-10.4625	16.7216
-19.0861	-4.45022
19.3295	-0.874877
18.6322	3.76064
11.4712	-16.6447
-17.2767	-8.94434
14.4448	14.8189
4.3743	-19.0121
-0.511916	19.802
17.1783	-9.9149
9.27261	18.2765
-7.2169	-19.481
-16.4855	-12.6214
-7.20946	-19.6238
14.5572	-12.7929
-9.47381	16.4798
-18.9182	-2.37518
16.9979	-11.0372
2.58547	19.5145
-18.156	6.11326
17.78	-11.0153
-19.7813	0.706034
-6.76455	-18.6378
12.5138	14.605
18.1599	8.79674
15.2967	11.3469
17.12	-11.4782
-20.0107	6.04004
-19.3865	-2.63624
-20.3582	3.38014
-15.4286	13.4861
-17.1164	9.59258
4.39278	-19.8555
0.94354	20.6812
2.8651	20.2991
16.2287	-11.4139
-18.4193	7.08407
-3.87614	-19.2693
17.6635	8.97295
5.68542	19.0104
-8.93344	-17.3371
17.6027	-9.60814
6.10046	-18.8923
16.7394	-8.99964
12.0727	-16.0148
2.63002	20.543
17.5841	8.03694
17.2635	8.01074
-19.4394	1.34472
-6.47548	19.658
5.04301	19.3151
-10.0895	16.7933
-12.2055	-15.2024
-15.2007	14.0995
-6.38826	-18.8997
9.07695	-18.55
10.5797	18.1285
5.50513	-18.2886
9.80004	-17.5374
5.27159	19.1713
-7.09064	-18.6151
18.8113	-3.75404
-11.973	-16.4745
3.29375	19.5224
-19.6533	-0.0820262
-19.0691	-6.49016
18.2727	-9.59843
4.58554	-19.2049
-19.0136	7.91233
18.9359	1.75542
10.7265	15.8573
-11.0964	17.3735
15.0505	13.498
-18.8173	-8.35989
-1.17202	20.6837
16.0416	-11.4324
6.76792	19.8527
-17.1126	-11.0946
18.4641	-7.11153
4.62628	18.5562
-13.7295	-14.8731
-20.7069	-3.11836
19.7785	1.88175
20.3449	-2.08998
-2.79347	-18.8197
8.02014	18.6495
-14.1291	-13.1724
20.7862	0.80238
-19.651	-0.85168
-20.076	1.49956
-12.9012	-14.7476
19.0015	-3.62903
14.2335	-13.6669
-17.1863	11.9342
-8.02786	-18.5126
-18.039	8.105
-15.5264	-12.0332
6.77328	19.2957
-12.6827	15.8691
20.2982	-0.210623
-20.6648	-2.36714
-8.82123	17.953
-19.4873	-6.98173
-17.5973	9.33654
-13.2849	15.544
2.26638	20.5963
19.4005	-6.45736
-13.0617	15.7927
-2.38727	19.0692
-19.8398	-6.67943
20.3839	0.134023
18.8105	3.2836
8.65135	17.7606
-20.0585	-3.14268
16.2688	10.5203
-10.9504	17.551
-19.4276	1.11043
-11.4146	-16.1209
15.932	-10.941
-16.0235	11.101
-10.8168	-16.5951
15.8009	-10.7105
-20.2974	-1.41415
9.95191	-16.952
11.7138	16.3611
1.69825	-19.416
-19.0324	1.48321
13.7123	-13.7957
-16.2241	11.8241
19.9157	-3.08047
18.1376	-6.81956
17.4075	-9.80384
10.3833	16.0105
-14.5046	14.7919
-6.5948	18.5724
2.89349	19.0786
17.2717	-10.2529
-12.4972	-14.4665
20.084	4.40915
18.6488	6.10217
12.0393	15.1361
-5.15769	18.833
19.3727	5.30621
-3.98036	19.6828
-19.895	5.12137
9.44601	18.1724
3.95563	-18.8132
-8.94862	18.2422
16.2626	-12.5925
8.99944	17.702
10.1999	17.4123
-20.6859	2.96208
-15.176	11.486
-12.2055	-16.7324
-19.776	4.71303
18.81	7.01317
-4.10529	18.9978
-12.1995	15.6549
-16.357	11.0167
-4.63081	20.1827
20.2606	-0.0374065
4.10577	20.018
-0.0285752	-19.5694
-8.55381	17.4193
19.5249	-0.625743
20.1993	1.36697
9.74152	18.201
16.7442	11.3261
-20.5837	-0.828625
-11.4507	-16.6068
15.3557	-11.7599
12.7028	15.5412
-18.8987	5.67068
-2.30444	19.7881
13.6074	13.9314
-19.794	-2.03911
14.0498	-13.8101
-19.5211	5.47588
-18.9944	3.70644
20.7067	0.286489
4.23125	19.6794
13.9045	-14.7184
-11.1857	16.5699
14.4917	-13.7506
8.68326	17.8651
-18.5247	6.86775
15.0574	13.6635
-8.66952	18.2003
13.5313	13.7965
-13.5004	-15.8256
-16.1274	12.0408
-17.672	9.41201
1.74177	-19.4201
20.4118	-3.6544
-15.4273	12.03
-7.10686	17.7417
19.8739	-5.53152
17.8128	-7.0768
12.989	-15.5036
-7.77382	-19.3148
-19.7657	3.90961
-12.8524	14.7545
-18.5407	4.48194
-20.9404	-1.04062
-10.0003	-18.1951
-13.1193	-14.265
19.3981	3.0588
-15.2344	13.3976
5.70378	20.0034
4.45776	-19.1425
19.7639	-2.38921
0.667352	20.6323
15.7067	-12.3959
13.6236	-14.4491
2.98648	20.5146
-0.52914	20.7382
10.1146	17.5332
-8.68402	18.965
-0.93613	-20.487
-20.896	-0.968282
18.351	5.34122
-11.8876	16.5118
19.8273	5.15499
-10.107	18.1623
-2.8741	-20.2678
8.07475	-17.6881
-7.69741	-18.873
18.8676	7.18086
-2.75978	19.4166
-12.044	14.768
11.7298	15.4538
-17.1776	-12.0149
9.13456	17.6102
20.3246	-0.280923
-20.1793	2.95285
19.1805	-3.85259
10.7598	16.9621
9.23526	-17.9491
15.2407	12.8639
-19.6144	-1.52571
6.48454	-19.5823
16.6926	12.3636
-6.78482	18.0332
-5.50387	-18.8371
-16.8014	-9.35647
6.43307	19.8836
-12.8398	14.6478
-18.8189	6.45057
-19.4925	3.66628
19.4212	-0.395773
-7.41005	19.3223
-20.469	-4.49909
19.2573	-0.412503
-1.2283	20.3174
-8.28848	17.3092
-12.4979	-15.497
-2.31875	20.2204
-15.0919	-12.1173
-4.19844	19.0378
7.07597	17.9685
15.3258	-11.4235
12.651	-14.8203
-17.8701	7.88392
-20.0605	-3.32766
7.53518	-18.4626
4.10077	19.547
-7.13905	19.6753
-15.3462	11.397
19.1983	-1.6781
12.8268	14.063
-19.0263	-1.60496
-9.96612	16.9529
-12.7894	-15.8214
-19.1465	0.509954
-16.2387	-10.197
-6.54594	18.8227
19.9458	-0.823546
19.6622	1.6355
-5.72047	18.5282
18.8577	-7.49978
-17.4015	8.38835
-12.2572	15.3374
-2.43563	19.5296
19.4267	-0.27269
6.87478	19.4708
-18.8116	-7.19472
-5.13636	20.1728
4.16402	20.3146
20.8027	1.20671
-16.3515	-11.1471
-16.2135	-12.4453
-7.36176	-19.27
18.7313	3.62973
-6.69787	-19.1778
19.726	-4.11512
11.4979	-17.4478
7.96068	-19.1848
10.0215	17.2657
-3.67971	-18.7191
17.052	-11.7495
-19.0233	-3.54268
-6.53446	-18.6115
6.4337	-19.0616
-20.2339	4.14011
14.3291	13.1048
-17.5444	-7.59788
-4.76852	18.8433
14.635	12.8666
1.96898	-20.779
0.746929	19.76
11.3901	-17.0456
-10.0924	17.7902
-14.0944	-14.4218
-7.82742	-18.9111
2.64535	19.3163
-11.1497	-15.731
7.88814	-17.7123
1.36227	19.2566
-8.35717	17.1789
2.56348	-19.9767
1.30686	19.1349
-14.2382	14.2599
16.6139	-10.5383
-2.09024	18.998
14.3745	15.0485
-19.1891	4.71433
-20.1967	4.39015
19.7169	-2.65989
-9.02609	-17.9835
18.9155	6.3339
-17.3347	-9.10951
-9.28583	-17.3934
7.54836	-18.8204
-13.0499	-15.0292
11.4486	16.5338
4.14269	-19.454
2.66093	19.2382
17.4306	11.6746
19.1596	-6.67439
-14.4931	-15.0305
8.36424	17.3443
20.3039	-0.102924
1.16078	-20.3074
-15.7025	11.0651
14.3766	-13.8178
0.854434	-20.1662
4.1566	19.5463
-19.6076	1.74653
16.5104	-12.8105
9.94049	18.2228
-16.061	11.3491
-19.6106	-0.586649
-13.7184	-15.563
-15.4469	11.8017
16.6235	9.91456
3.92268	-19.5604
18.4488	-7.23543
19.1936	-1.55282
-3.74654	-20.3601
-0.38125	-20.2822
-20.0795	0.645551
-17.3975	-10.2551
-10.7892	16.7839
-18.4792	9.91477
-19.448	2.32377
20.1191	-6.00609
-14.4304	-15.0087
-6.10624	19.5604
17.8793	10.0413
6.0921	-19.2065
-20.0011	-4.04705
-8.12701	-17.8907
1.80878	-20.6658
9.04903	17.5413
15.2839	-11.6609
-2.19819	-19.5125
7.38222	19.5469
-13.016	-15.8672
19.9739	0.583854
8.12039	19.0659
-12.2523	-15.7922
-4.30968	-19.162
13.5389	-14.7145
20.1148	2.93218
-11.264	-16.9673
15.3219	-13.6199
-13.733	14.0323
2.08353	-20.4537
-15.464	13.4906
-4.63881	-20.1652
-19.2275	-5.68737
-15.2224	-13.2633
19.1331	-5.05477
14.4101	-13.8857
-5.58038	-19.5879
-0.646172	-20.4617
-10.4468	-17.8603
18.6876	9.16794
-5.91198	18.1141
17.45	-8.63904
14.2147	-12.6625
-17.0767	9.67441
-17.9962	-7.01258
0.18967	20.9069
16.7334	11.8898
-14.2122	14.9706
17.8508	-7.35632
-16.0131	11.0941
10.9449	-16.9212
3.11896	20.6864
3.77507	20.5883
17.2393	-8.87894
-13.4134	-15.0329
-20.4016	-3.6539
-17.1494	-9.38257
-3.53319	19.2421
-6.49907	18.6392
19.5818	-2.09909
16.0739	-13.2944
16.1245	-11.0584
-18.3802	9.02557
-17.9007	7.93463
19.468	-4.68985
-7.92099	-18.1401
-19.0864	-4.68736
-4.95664	20.2818
-0.675167	-19.3094
-17.239	-11.598
-2.84824	-20.4796
7.32674	-18.8097
-3.64449	-20.012
0.369546	20.1096
19.0559	0.463431
20.5118	0.461726
-16.7088	-9.57196
-13.3179	-15.8659
19.3575	-6.67028
-16.1441	13.1525
14.5803	-13.6043
-0.919579	20.5282
16.9113	-10.4261
3.08788	19.2096
-5.90493	-19.1279
18.9291	-4.40682
10.6035	15.9371
-10.304	16.3994
-15.1882	-12.6584
-9.77292	-17.2343
7.62692	18.6048
-20.1935	3.33371
-19.4042	4.73028
-9.12535	17.0865
15.9749	-10.395
10.7111	-17.0934
-19.7283	2.18251
3.36848	20.3441
-19.2299	-5.95354
13.5619	-13.6532
-7.01082	17.9431
1.735	-20.3953
18.9475	6.94033
-20.244	-3.13464
11.8062	16.7166
1.94878	20.7103
-12.2125	15.7134
-8.49821	-18.6066
17.321	8.31652
-12.6837	14.3394
-18.5968	-6.93483
3.0898	19.1781
-17.0356	9.4397
-13.7009	14.0153
-3.93739	-18.9576
-20.3476	4.19124
-14.4214	-12.6441
2.93294	19.1156
-8.42451	-17.3989
-3.97216	-19.5935
-9.51631	17.9039
-14.2465	-13.8952
19.6612	-0.440278
-20.0903	0.305993
-6.13488	19.1546
5.6893	18.648
11.5247	-17.1121
18.1849	8.7103
20.3017	1.44584
11.7067	-17.3363
14.0069	-13.1856
13.1049	14.4223
16.8157	9.86332
-19.906	1.30461
19.5499	-7.25081
1.41522	20.4315
-5.09	19.3543
7.21404	-18.1047
-19.0481	-6.03462
-20.1078	0.657741
-14.052	14.9347
11.1245	-15.4707
-8.44769	18.7213
10.0339	-18.3208
-16.5814	12.8051
-12.2597	14.6142
-15.4839	12.4181
-8.97725	-17.6408
-5.25037	-19.4952
1.92455	20.2185
-3.03658	-19.9653
-19.967	-5.03809
-19.4711	4.44254
-16.4991	-12.5927
-20.1312	-1.60956
-8.40039	17.1012
-18.075	-8.14278
-19.0874	1.85223
20.574	-1.81856
10.9116	-17.1003
-19.3259	7.10049
-7.25959	-17.6362
-18.8676	-9.20907
14.9186	13.0388
18.0279	-9.47745
2.55227	19.9562
-11.0058	16.3772
14.2405	14.352
14.2738	15.098
0.383059	20.3525
-17.6394	-10.0727
-19.9446	2.33242
-0.0607233	20.5205
18.1029	-7.5668
19.1522	-7.54799
9.04832	-17.2899
0.944213	19.1561
-8.70354	18.5124
18.4329	-9.06381
11.7801	15.6044
15.1313	13.7017
9.88829	-17.1883
1.06145	-20.6716
-2.20401	-20.3864
-14.4994	14.4779
-17.8462	-11.0621
-16.2218	-10.7327
-8.30828	-17.1285
-19.6009	-3.73759
19.0992	0.276561
-10.4994	17.3642
-14.1153	-13.4611
-19.0692	-4.67641
-19.3788	3.02375
-3.54473	-19.1121
-18.4389	7.56358
-14.8391	-13.5279
-16.2704	11.4324
7.48386	18.1483
-13.5771	15.8585
-11.8171	-15.8645
4.58466	-19.8921
-11.0951	17.6577
-20.5121	-1.28659
20.1954	-1.37519
-17.986	7.22846
-9.36871	18.4607
10.8238	-15.8588
-5.84332	-19.1554
-19.7693	-1.03142
16.7971	-10.614
16.9244	-8.9794
-19.073	1.70872
16.9221	11.3172
14.602	13.5564
17.8848	10.5617
-13.7318	14.5611
-3.31104	19.5659
-17.9964	8.7529
-11.8018	16.8873
7.72531	-17.7788
-4.41195	-20.472
-17.0178	-11.9569
14.9643	12.2825
-16.7661	12.5285
-1.88572	19.4486
-18.2638	-8.21814
18.3383	5.29155
7.47026	17.7705
11.5113	-15.5368
-11.7212	-17.2023
14.7486	-14.1256
-0.13767	-19.2752
13.7286	15.5328
-18.4279	4.90668
-20.6869	-1.09995
-2.91386	20.3579
18.4624	8.08672
-5.26751	18.3564
-5.93316	19.5735
-5.55284	18.3552
-14.6367	13.5937
16.6098	9.53555
-18.0847	10.4756
-6.44274	18.1349
-16.0522	12.2376
-16.7004	12.7021
-1.33242	20.1174
5.68019	-18.2998
8.01825	-18.5438
16.9946	11.9999
-9.06427	17.7735
18.2496	-7.17089
3.04903	20.6777
11.1071	-16.7112
19.0576	1.7709
10.3346	16.7311
-0.490733	19.4417
19.8816	-2.43198
-18.0558	-6.17689
-12.5374	16.0138
7.6466	-18.6999
-3.9989	19.1871
0.532205	-19.618
-18.4968	-9.21853
-11.7137	-15.9651
5.0515	19.6079
-0.246194	19.1564
-16.6105	9.66811
-16.8229	-10.4291
-20.5879	-2.93811
-19.5719	6.68624
10.6554	-16.856
16.2541	10.2683
10.8881	-16.4164
15.4194	-11.7602
18.5379	-4.90836
17.1467	9.1463
18.2878	-5.28543
-15.9386	11.9082
19.9005	5.94847
4.93949	-20.367
0.032271	19.8925
16.75	10.1297
-6.67325	19.6086
3.77374	19.7477
-3.36394	-20.511
-19.3576	3.79748
14.4282	-14.9014
5.54592	-19.5999
17.4976	9.45843
-16.8107	-11.9472
-18.2457	-8.02502
-0.255523	20.2693
-15.8014	-11.8711
3.93042	-19.4005
-18.4479	4.76594
16.8652	10.1748
14.8577	13.6227
19.2287	-1.25959
-1.48202	-19.9814
-16.4987	-10.5683
-19.0028	-2.27263
-17.8945	8.35891
17.827	8.17885
-5.47976	-18.9258
1.6089	20.8314
10.8095	16.825
17.6017	-8.16456
8.99731	17.5082
-12.2294	17.0632
16.9891	-12.2074
18.3941	-7.05567
8.25939	-18.1634
16.082	-12.4054
20.8073	-0.285421
19.8731	-0.832859
18.5396	5.32575
-2.8533	-19.9873
-19.4967	3.2097
19.8192	5.79056
-17.9074	6.69802
-19.0918	7.80238
1.26854	-19.2225
-13.4673	-13.9804
-19.504	3.89759
-15.0056	-13.6366
8.77999	-18.3127
19.078	-0.0122227
17.2696	-9.21857
-7.72878	18.1464
14.6729	-14.2026
19.5017	2.33492
-20.3308	1.48337
-16.0198	13.1997
-4.90927	-19.5827
-2.15718	-20.181
3.18925	18.8105
-18.7332	9.4072
18.1921	-10.0821
5.65455	-19.3051
-16.144	-11.3743
0.223981	-19.6093
9.41073	16.775
19.3038	4.67818
13.3688	13.7566
19.9247	1.21655
9.55285	-16.5625
-19.5948	-5.05638
-0.519671	19.4896
7.24564	-18.5422
-17.0764	12.0299
-18.1318	-8.78416
-14.3195	-14.4338
-15.958	10.9417
7.63892	18.0715
-15.1424	-12.5168
-0.759402	-20.1618
4.56383	18.7705
4.75336	-18.5898
-19.0709	1.05952
19.5299	7.37623
-15.8991	12.2999
-18.4842	5.71555
16.5691	12.7333
-18.0083	-8.61126
20.4014	4.68585
-6.48181	18.5331
-6.37761	18.4311
18.3195	8.75613
-19.6271	-1.55418
-7.09735	-18.1
-12.0388	17.1248
16.5956	-10.7245
-9.38119	18.4434
-19.8561	4.32553
-10.5471	17.5658
0.586442	-20.1397
7.24162	17.7991
7.58501	-17.729
-2.99355	-20.3187
-19.5361	-3.46685
16.8985	9.61275
-8.59666	19.1222
-18.4578	8.34089
20.319	2.85417
-3.72032	-19.3086
-6.8692	19.43
-20.7014	-0.508262
18.5169	7.46426
17.2675	8.59454
-20.2178	-3.1376
-14.7986	-13.9303
-6.79519	19.8513
9.5825	-16.4655
-19.677	7.25982
15.8172	13.131
-17.9531	-7.62564
18.435	5.18019
14.4252	-14.5871
17.3497	9.2417
-18.8956	6.68869
-12.6399	14.9471
-20.0953	5.24943
3.91013	20.4392
15.6433	-13.1462
-1.25071	19.9201
-5.28871	-18.417
-19.0838	-2.3149
-18.2694	-6.85873
20.2332	-4.15897
8.1186	17.8784
5.01165	19.6242
-15.2641	13.6094
16.079	-11.9931
-18.8795	-5.02754
-9.11065	17.7334
16.8952	12.219
-2.713	19.3285
-2.67059	20.7632
12.0987	16.8443
-14.5601	-13.1513
-20.106	4.85621
-4.85042	19.2799
17.5845	-9.58736
-19.3219	-2.4214
17.2981	-9.44252
-1.46305	20.5532
-15.3544	12.9366
-20.4758	-3.09509
-19.3186	-8.22035
-16.8738	11.4949
-19.4048	-6.02676
2.75715	-20.2347
-15.5038	-11.438
5.0399	-19.9995
-4.70962	18.9125
16.9886	8.51356
-19.728	2.87932
13.8132	14.5825
18.2407	7.28489
-13.1325	14.8884
18.9875	5.63726
-0.109476	-20.6428
13.996	-14.7985
20.1106	5.55844
-14.3037	14.6592
-14.7774	-12.4517
19.7452	1.6871
20.044	0.672853
0.0101695	19.6517
-14.8444	-14.7476
-18.7561	-5.59109
-3.14519	-20.3059
-10.7951	17.2659
-6.6151	-19.126
14.647	12.1517
-9.1412	-16.7615
-20.4361	1.87112
14.4575	-14.8783
-0.755995	20.1039
15.6395	-12.1059
-5.56727	-19.6468
-18.2186	8.58865
-17.822	-9.73895
7.46463	-17.8333
18.7344	5.12361
7.67077	18.1306
-19.9744	-1.06239
-19.5143	-6.00314
12.9784	14.6413
19.2095	2.6044
-4.71535	20.142
19.8094	-1.16683
5.94162	-18.7094
-9.04366	-17.3661
-16.5298	11.7083
17.7898	8.89329
9.88238	16.5199
20.2952	0.801764
-19.3575	0.824373
-18.8144	3.78709
3.29173	-20.0903
-18.1648	6.50285
0.512036	-19.0374
-11.0308	17.3625
13.4696	-14.6373
9.28303	-17.8106
6.92982	-19.7047
-6.11345	-19.1788
20.0907	-2.14652
13.6298	-15.0043
18.1529	-10.3428
20.1242	-2.5862
-18.0134	6.78775
14.5745	13.6506
-10.391	-17.1762
-14.3135	14.8064
4.21251	19.904
6.84052	-17.8267
6.55521	-18.5515
9.78764	-18.0235
10.0835	-17.3871
-10.4028	-18.104
19.3193	-1.85025
-15.6163	11.286
1.1605	20.937
-17.5818	-8.92506
-20.4787	-1.11535
17.9948	-6.94396
16.9963	8.66758
-10.348	16.8958
10.0168	17.6134
19.4298	4.00833
20.0214	-2.71972
18.8518	-4.66695
9.18994	17.0086
0.697226	20.1278
12.5871	15.0896
-9.64825	18.0682
18.6762	-7.22828
-18.0992	-7.62801
17.2824	8.54753
-19.8568	-4.23105
-3.10248	20.4052
18.5019	6.88283
-18.6014	-5.30326
-16.6518	11.3501
-19.1709	1.96959
-12.2877	-15.1337
-19.0675	5.34476
18.5284	-9.13313
-12.3482	15.7063
5.07949	-19.0946
3.45573	-20.0731
9.8372	-17.0012
-18.5242	6.08559
20.4294	3.12339
-14.2328	13.3665
-20.1632	-2.64792
-15.9432	11.0939
13.9461	-13.4029
2.27271	20.6382
-19.2037	-4.24405
-16.35	12.5421
20.4509	-3.17474
1.4402	19.6751
18.5621	-5.96677
-5.21162	19.0047
13.1424	-14.087
-12.1031	-15.4497
1.81512	19.7136
-6.05093	19.1835
-0.50877	20.0258
-11.1068	-17.3546
18.6876	8.892
19.6483	4.57509
-17.7615	7.96009
-0.0479109	-19.4787
-11.8583	15.3108
9.68017	16.4503
-17.9566	10.3339
-11.7993	-15.2401
17.3904	-9.56027
-1.40561	20.92
0.707666	19.5497
-17.8923	-8.42253
19.376	-1.73785
-19.2937	0.683705
-16.9515	9.05285
19.5324	-7.5685
-6.48765	19.5993
-12.0301	16.6191
6.65738	-19.1255
-19.634	5.7452
9.10907	-17.3948
19.4291	3.30462
15.0269	11.7417
20.8121	1.53832
18.2169	-9.25326
16.1019	-13.2952
-19.0849	-2.24507
-19.603	-1.02466
-12.3671	16.8299
-1.25109	-19.0033
-18.5391	-4.90988
14.0337	14.0273
-13.4245	13.4995
17.9407	8.77988
3.69107	20.5001
-10.9868	16.4986
-13.5425	14.8588
0.919945	-20.6512
19.599	-1.76677
-17.6939	-10.2643
-17.7433	8.40756
-5.30997	20.1409
-3.52451	19.2969
-10.3491	18.011
-15.5591	-11.3151
-18.6109	-8.68469
17.4694	-9.69372
18.2371	-6.7834
-9.65573	18.2208
16.5838	11.1177
15.0084	-12.6962
-18.7322	4.08696
-4.31043	19.6265
16.6001	-9.71779
-12.0299	-16.2101
-14.1339	14.3296
10.9974	16.7633
8.93086	17.9306
-15.1812	12.339
-12.4481	-16.2849
15.823	-12.729
-18.4491	6.75249
17.0706	12.1015
-15.9035	11.6955
-9.83981	17.2735
-0.695305	-20.3543
-18.0184	-6.30047
15.3241	11.4966
-6.28009	-19.2305
13.9944	-15.1868
6.45186	19.538
-12.4672	-16.857
5.59623	-18.5665
-4.83937	20.062
-15.4929	-13.7858
-15.6136	13.1818
-8.07625	19.3487
19.1971	4.29226
19.4231	5.92678
-3.58616	-20.4182
-13.5118	-13.6819
13.171	16.2976
-9.17612	18.1936
17.4581	-8.20011
2.44434	19.4089
-1.86157	19.6548
-12.1973	-15.6908
20.361	-0.525477
15.5137	11.8703
-7.6133	19.0173
11.575	17.0888
-16.7185	-11.1063
-4.10631	19.7545
17.1363	-8.41936
19.7598	-5.32324
-11.7527	-16.9127
7.24416	-19.0844
-18.2229	-9.84187
18.8767	-7.0218
-3.37758	18.9329
-0.943861	-19.5334
5.68852	-19.6923
-9.29453	-16.9652
-1.18034	-20.3169
-4.40306	19.5744
5.32621	19.0318
-2.74321	19.4428
8.57527	18.543
1.24761	19.0762
18.4103	-4.82896
20.6588	-2.28432
7.69518	-19.0909
10.2899	17.2884
-16.7942	-12.0971
11.2149	-17.6762
18.2701	-5.4869
16.0884	-10.9771
12.0889	16.5596
-2.92009	-20.1038
19.4906	-6.15161
-5.07333	19.5165
17.7758	-10.0262
-12.415	16.6941
3.83617	-19.0662
-20.0317	-5.92273
-10.646	-15.7392
-5.83591	-19.9708
8.32281	18.835
14.7415	-14.7093
-19.2105	4.83062
-8.13694	-18.7839
-18.0568	9.79841
15.1566	-14.2657
13.9296	15.5667
14.5292	14.7513
18.9073	7.5489
20.253	0.498542
11.4247	-16.1521
17.7211	9.49089
-14.1274	-14.8817
-17.9492	9.33866
-4.76878	19.453
-11.4224	-16.5237
7.76118	-17.6383
9.09228	-18.3746
19.9674	-2.65891
-18.8268	-9.30145
0.382446	19.7107
10.0225	18.1528
6.8552	-18.6464
-7.35631	18.7182
-15.0199	13.2639
20.1628	-2.03783
-18.666	-6.86168
7.82509	-19.042
-18.4988	-7.77178
15.1029	-11.9269
-8.72651	-18.8818
-19.9666	0.975424
18.5622	-6.31753
-17.0346	8.80236
-0.696017	20.1833
19.5809	-3.55912
19.1854	5.34107
18.9653	7.7057
-17.9274	-7.93575
-15.8752	12.9313
7.84704	17.9995
7.17635	-17.9125
19.3744	2.8795
18.4358	-5.0214
9.19168	17.697
16.5667	10.1394
20.1118	-2.74724
11.9676	14.9428
17.975	-7.2957
1.94187	19.1451
-2.90932	-19.8014
14.0372	-13.7698
-20.52	3.77886
-16.5619	-9.81597
-11.4687	17.2811
-11.9841	16.8136
-15.4524	-13.2141
17.028	11.4191
18.0387	6.86147
-5.47433	-19.6904
19.1818	4.85852
6.54286	-19.9029
-12.5254	14.9786
-19.3764	-7.08888
-18.9518	-7.0486
20.8408	0.0375059
8.11245	-18.3051
-20.1522	-0.554095
3.95486	20.1895
-11.8422	-14.9574
-11.066	-16.8843
-20.5685	-4.10606
-0.657758	-20.6231
-17.8177	-9.97692
19.4438	-6.45583
-10.7762	17.8908
14.728	-14.9591
16.5927	9.69783
-11.9553	-14.9568
18.1701	10.1934
5.02782	19.2848
-14.4981	14.2069
-19.5575	7.36947
17.7494	8.78069
-11.1263	-17.5909
-1.68839	19.6517
-20.0898	-3.693
19.2842	4.83065
20.3622	-4.75608
-18.3378	-8.33542
20.9058	-0.378187
-6.5492	-18.472
13.7492	-14.9185
-16.7965	-9.95982
17.9278	-7.74959
11.4566	-15.2847
-17.7877	-8.62519
-20.0465	-4.7937
-20.5559	-2.18556
19.0874	4.77121
16.7341	-11.4493
6.45227	-18.4265
-5.84118	-20.1121
5.70952	19.4951
19.6729	2.37035
10.8737	15.7162
2.32001	20.5577
19.7702	0.812771
20.4635	3.68528
-19.212	-7.12766
-8.03955	-17.3247
18.1139	-6.07281
4.20907	20.5171
14.058	-15.0705
18.3406	-5.56597
20.5284	-1.0075
-4.80299	18.5003
19.5491	5.89689
-18.4621	9.37039
13.1015	-14.7713
-19.7887	6.26412
2.95146	-19.9896
8.41004	18.7166
13.1192	15.7678
19.2154	4.05625
-7.72688	18.6588
-1.73071	19.1979
7.7907	-19.2096
-11.1186	-17.4423
-16.708	-10.8754
-9.0076	18.5944
-17.1261	-9.08326
-17.9757	8.01741
0.569052	-20.8914
-7.4473	-19.0525
11.9707	-15.8753
-16.3741	-10.4945
4.71019	19.3582
17.5064	10.0085
-13.5465	-13.8209
19.671	-1.20378
1.90887	19.0643
-20.3721	0.95905
-18.839	-4.29106
0.972469	20.3458
17.3569	-9.26423
-13.471	13.713
-0.0191582	19.0285
-13.8479	-14.5363
10.1886	17.2694
4.40172	-18.8668
17.4264	8.92808
2.08874	19.1933
11.7619	-17.1484
18.8036	3.03082
8.54935	18.8973
-9.71207	-17.1723
1.51947	-20.1222
19.3887	-3.51874
-7.62694	19.0515
-16.4876	-12.3877
-9.94699	-17.4074
-8.41755	-17.0526
12.6573	15.9437
-6.07154	18.4469
-2.25426	18.9183
20.0228	-0.27339
17.6886	8.2618
11.3079	16.1363
10.7775	15.8505
10.933	-16.1916
14.5488	13.3403
-13.998	13.8574
-0.335664	-20.8437
-18.3552	5.73652
-17.2653	9.81015
-11.7696	-15.3022
-14.55	-13.4152
-15.3445	13.19
-0.40786	-20.4847
-13.6539	-14.8286
-4.94341	20.2323
7.13546	18.9639
19.1385	2.09992
-6.78717	18.4741
15.5299	13.0712
19.5424	-3.06055
0.69572	-20.0274
-17.9084	8.42921
8.63658	17.465
18.2183	-5.45474
13.2566	15.0786
-17.9988	-7.65201
-9.3052	18.5036
-16.4019	11.145
-15.2931	-13.4146
-11.1447	-17.5332
-20.0358	3.38526
13.3448	-16.2137
-19.8806	-2.5681
0.232151	-20.2311
19.7438	5.60315
8.59399	18.2747
19.1213	1.23918
5.15682	18.7067
-9.8751	17.8603
20.7359	0.75961
14.3328	-14.5243
-15.1434	-13.8602
8.13231	18.1868
19.016	-3.05502
16.2864	11.489
9.10245	-17.3761
16.4399	-10.0381
17.3692	8.13189
14.5313	12.5204
7.96242	18.6049
5.51503	-18.2912
-2.07306	-18.9679
-13.7374	14.4022
-20.1274	2.39669
-17.409	10.0318
18.7349	3.3907
-20.3084	1.22821
-14.958	-14.7055
-4.28379	-18.8964
2.28103	-19.8118
-6.07929	-18.5576
-0.48107	-19.8616
0.675518	18.9943
-11.5309	-15.2138
-19.3813	3.28298
-20.69	-2.29621
-18.471	-7.77136
11.8401	15.5926
18.7875	3.34181
13.9438	-13.1515
-4.64267	18.7824
-10.4811	-16.7837
18.3723	-4.94537
-19.3398	5.26454
14.7202	-12.4491
-11.5711	-16.2352
-16.7301	11.2383
13.0964	13.7727
18.1967	-7.02742
-3.37032	19.9771
9.67916	-16.7589
-16.2231	12.0421
8.78194	18.3715
-9.87854	-17.2189
12.6157	-15.4392
19.4853	-6.79901
10.425	15.9801
20.0085	-1.87283
-15.5265	-12.6883
10.7605	-17.6371
-16.1253	11.8324
4.47798	19.7439
1.0541	-20.702
-19.0441	-3.03426
-5.05397	19.2609
9.37922	17.7515
-2.65636	-19.4058
-12.2479	-15.0619
19.7692	-1.02832
-19.0471	8.82626
-9.91857	-18.1735
-2.43087	-19.0006
-20.1206	0.819109
-10.8438	-16.9132
-5.19425	18.6695
-19.6967	6.76986
12.4181	-15.5445
9.34128	-16.721
12.4166	-16.7162
-8.29142	-17.3679
-11.5994	-15.5021
15.4842	-12.4353
-20.766	1.81592
-2.46824	-18.8851
-1.11352	-20.7304
9.21671	-17.5045
20.5188	-0.344026
-13.0428	-15.5732
18.8046	-7.33317
17.795	-11.093
-1.73271	20.6835
7.445	18.8314
-19.599	-0.333599
-18.4459	-5.09887
-0.133212	19.653
-18.5799	-7.76879
-18.7338	8.37679
-19.6544	-3.36154
14.8403	-12.3065
16.652	9.65466
2.20195	18.9332
3.94567	19.8069
-11.6128	16.81
2.67765	19.7094
-7.12527	-18.9613
-8.5093	-19.0425
-19.2443	3.67304
-20.7494	0.410131
18.4373	-6.00841
5.18803	18.3245
18.4223	-5.05128
20.7038	2.9617
-20.8638	1.1656
17.7853	8.34146
-0.336773	19.6936
17.6582	8.14599
19.4091	0.777553
-5.9402	-18.9959
5.79766	19.0589
6.98165	-17.9285
0.61098	19.3616
-0.948118	-20.2082
14.93	-13.5999
11.8244	15.9034
-16.121	12.9285
-13.782	13.339
-9.59035	18.1944
-15.4027	13.2422
-17.6407	7.8588
-13.7803	-14.5377
-15.1711	14.0284
18.9227	-6.62892
-14.4586	13.2905
12.5432	-15.2538
-4.76069	-18.8258
-14.8061	12.2606
17.4088	-8.29345
-1.77712	-19.6861
2.90611	-20.546
-11.6504	-16.9057
-19.468	-0.891972
-2.57608	-19.3113
4.32257	19.5281
-19.9835	-1.66511
19.3172	4.57055
5.56793	19.9673
-2.26662	-19.3248
5.50624	-19.6427
19.4383	1.11257
-14.804	12.9342
-18.1391	9.37021
4.16666	-19.8551
-11.5668	-15.1772
-5.10696	19.0112
-19.9475	1.09721
13.8225	15.2005
-19.3861	-6.5624
8.44287	-17.303
-1.88579	-20.1751
-3.53751	20.3011
2.67068	18.9291
19.9693	5.59363
-19.0678	-5.03873
9.75001	-18.0547
2.56523	-19.9758
19.5382	-5.23554
18.4487	-4.92119
13.1209	-15.6816
-19.4691	2.16187
1.7028	-19.5295
-19.4872	-6.34449
-8.60746	17.0368
20.5002	-2.76954
-18.37	-6.21339
-9.85431	-17.7528
-19.0504	1.34197
-1.30793	-19.3212
-19.7576	1.11514
-19.3188	3.39167
19.2297	7.32752
-8.10685	17.6084
-19.3328	-3.0436
18.8442	-5.29311
-4.25477	18.7764
-19.7251	-3.47812
-6.21092	18.231
1.94756	20.5871
18.8267	-4.04604
17.9445	-8.93809
16.3947	11.7895
20.0209	1.51208
19.5356	2.73686
-2.14898	-19.649
16.1191	-13.2812
-13.8584	14.8272
16.0959	13.3305
-16.1426	-10.1946
6.23236	18.4125
-19.1298	-5.56483
15.9124	-13.1587
-17.5105	11.5808
10.0516	18.4129
9.52811	-18.5333
13.3902	14.0088
-12.3157	-15.9767
0.0766536	-19.5746
16.4634	11.6255
16.124	-11.1164
19.7654	6.52817
-17.9387	6.40296
9.86137	-16.7922
-20.2795	-1.69147
-18.7875	7.79338
-19.8477	6.12512
-10.9461	17.0354
18.6371	3.74741
-20.2887	-2.72784
-5.99287	-20.0755
-0.967142	19.1177
6.87957	19.0827
-4.58443	-19.1175
-18.322	-8.0371
11.3746	16.9708
-11.0312	-16.7482
18.207	8.47559
-13.8588	-15.4123
4.10367	20.3743
-17.9713	10.8423
2.35083	19.7296
-19.9262	-5.99339
-5.75993	19.4506
-5.0753	20.1112
19.247	-1.72691
7.32867	19.1337
-13.3637	-14.7791
5.34378	18.8202
0.890499	19.9703
3.7736	-19.2108
15.5097	-13.0855
-16.842	11.0706
-18.5607	-4.51274
5.43477	20.2159
6.59282	19.3396
15.0151	-14.2054
8.70651	-18.6666
-15.1422	-11.9197
-7.20127	19.2803
-10.8123	17.0511
-4.30163	-19.5075
-1.29475	18.956
2.66147	-19.9035
9.84559	-18.0477
-6.06635	18.3677
-1.9765	-20.4789
-19.0137	5.98078
-0.0616675	20.1194
-20.3269	-3.93236
-20.0304	-2.76939
4.01087	20.2102
17.931	-10.0255
17.9299	9.24756
-10.4293	-16.1659
-9.49611	-16.6333
-19.8458	6.6766
1.18448	19.4256
-14.3503	12.9127
18.71	-3.88174
-10.6936	-16.3644
20.0096	-5.68554
-8.34977	17.6898
9.67993	16.9321
11.3386	-17.5021
-14.7312	-14.5165
-10.2746	-17.7417
19.4521	3.02262
-4.67675	-19.7931
0.532386	19.8087
-12.7033	15.2443
-16.5432	-11.1902
19.1275	-0.468027
15.987	12.0814
9.79766	-18.1009
18.5161	-7.10968
-17.6691	-11.2696
-19.4819	4.7336
18.0514	-7.59795
-11.2482	17.6276
20.7397	0.029057
-15.1053	-13.4308
-13.9249	14.8898
-20.3491	-3.85064
18.0682	-7.47367
-15.9315	10.7634
-20.5922	-2.01189
15.9001	10.8198
-19.3837	-3.86242
18.6904	-4.90137
-17.1518	9.08458
-18.9199	7.27421
20.1743	1.0808
11.8817	-15.1849
20.1307	-3.45878
2.80369	20.3844
18.1739	-9.42238
-19.3516	6.73258
-19.5514	4.03863
15.1786	-13.6764
-18.3618	6.32363
8.9418	-18.7038
-20.0997	-4.5533
4.9188	18.5847
-2.48123	19.5828
-4.64258	-18.902
3.76776	20.4684
4.86064	-18.7916
18.6622	-7.95246
-9.37645	-16.6696
16.6448	11.2125
-9.1692	16.8965
-4.9844	20.0025
-6.47811	19.2058
-3.34983	19.0652
16.536	-11.3087
-14.8017	14.7022
-2.03628	-19.2766
-17.1549	11.168
-20.1936	-4.58815
-19.7313	-0.505587
-17.4345	9.19358
2.63243	-19.6183
-3.53154	-20.2476
-15.9857	-10.7104
16.3301	-12.999
-4.64363	19.8413
0.673972	20.4538
19.3031	-3.57952
20.8243	1.09327
-11.2766	16.8889
-16.9793	-8.80753
19.4512	4.97915
-20.3414	0.6998
-9.86625	17.4243
-15.5497	11.664
17.0303	10.2243
3.49791	18.9618
-18.8538	6.82337
2.09734	19.5234
-8.44166	-18.32
-7.96474	19.1123
-19.7352	-0.625913
16.5916	-10.6582
19.2112	0.167797
-11.0994	-17.3607
18.7951	6.68215
14.2622	-12.5761
19.0886	-5.82776
9.11598	18.5897
-11.6329	16.9409
-20.0868	4.91673
15.1751	11.9718
-17.2831	-8.86
18.567	7.13819
-19.7901	-3.11318
16.154	-10.1398
4.812	-19.7759
13.583	14.6558
-19.1646	2.43661
18.4197	9.28802
14.8512	12.9071
10.8452	-16.7215
12.2828	-16.4293
19.505	-2.5781
-7.64397	-17.5032
15.5921	13.7346
16.0261	13.2708
17.6775	9.65924
14.3946	12.5176
-18.8958	3.16952
-18.3522	7.32628
20.2045	0.499881
-11.8194	-16.8227
19.5443	-1.9675
-15.0748	14.511
9.39418	18.762
6.31933	19.5474
-7.47539	19.0204
-15.2738	12.2061
2.71694	19.9503
7.08316	-18.3844
18.9499	-5.71285
-9.40212	17.1872
0.131842	19.3322
19.6406	4.69814
-20.2843	1.70235
-6.99982	-17.7403
14.5121	14.9545
-11.7984	-17.0608
-3.94895	-19.3749
-10.8852	16.6013
12.6033	-14.232
18.1574	-8.59796
20.5217	-3.91519
1.99552	19.3625
-17.5862	-11.3353
-9.97388	18.2759
15.8517	-11.4374
-3.8612	19.4767
-20.6113	-1.39879
17.1858	8.51131
11.6819	-15.6539
13.3276	15.3358
-13.1487	-14.7901
19.7293	0.796294
9.10577	17.5838
19.9155	-3.29244
16.5207	-11.9793
-2.03322	-19.3591
-19.3465	-7.55004
11.9112	-16.6653
-20.3733	-1.94054
20.011	-0.553056
-16.0237	13.5278
8.99527	-18.4428
20.6803	-2.5019
15.2228	14.4234
19.5169	-3.79341
-0.699934	-19.8175
18.4223	-9.8147
-9.47308	-17.6319
4.98179	19.0231
-12.6206	-14.4078
-16.4997	11.6466
15.6481	11.6254
19.9559	3.6452
-19.2015	7.01394
-15.5446	13.6466
19.8605	-3.78479
10.7376	-16.1025
17.0648	9.82254
12.5605	-14.6186
20.1437	-2.41361
-11.0899	-15.8052
-12.2274	16.0077
-6.95695	18.1856
20.6439	1.29339
-19.0801	-7.78389
-7.45615	-17.8826
-0.360785	-20.4596
-13.339	14.9836
-15.7376	10.9745
17.985	-7.6149
-12.1986	16.2329
13.3334	14.0037
-2.49106	-19.6864
-8.11311	-17.6565
6.80735	19.1438
1.15538	-19.706
-0.0507785	-19.2673
18.9517	8.69451
7.87722	18.051
-7.64012	-18.3117
19.4907	-4.93563
-13.3444	14.2195
-10.1502	18.0024
-0.488453	20.471
16.4682	10.4246
-15.5315	12.6665
-5.52699	19.6499
-2.46142	19.6746
14.6443	-12.1444
-16.3896	12.0473
18.3719	-8.35805
-20.6688	0.926545
1.9471	-20.2459
-7.87891	-18.8947
17.0507	-8.66901
-18.7557	-6.87826
-17.9601	9.79621
-12.0855	-15.8152
15.0511	-13.5813
-12.7564	-15.3816
-20.6513	3.08959
-4.91759	19.9796
19.2713	3.40181
-10.7454	16.6753
3.61276	18.6652
4.58093	20.0443
-6.37744	-18.9246
-11.0377	17.5248
15.8742	12.0349
10.5458	16.8952
-10.9679	16.9098
-11.5309	17.1255
11.5925	17.3594
-9.84915	-17.3561
17.285	10.0789
-19.9322	0.608573
-8.53471	-17.1971
-4.69145	19.5626
-18.8688	-3.06985
-7.56157	19.545
-3.61635	-19.6845
16.3817	-9.9886
3.55154	-19.0873
2.71036	-19.3341
-18.2492	-9.62925
19.4536	-2.01166
11.7521	-16.2327
12.5472	-15.7859
20.1735	-0.657195
-9.3495	18.7732
2.76681	20.4117
14.1954	14.8962
11.7091	15.3533
-17.8686	-7.14972
3.39444	18.8885
-6.78056	18.6342
-19.4648	-1.504
-1.36262	-19.4837
-11.2537	-15.7768
-1.95045	-19.8736
16.5817	9.71483
2.62267	19.9365
-0.720515	20.6956
9.31393	17.4714
-10.4572	-17.9092
13.8985	15.0304
-19.9878	-5.20066
19.8407	-2.93337
19.1772	-8.43744
0.469202	20.4321
-11.8498	-15.2708
-9.50041	17.5181
16.6543	-9.25966
-1.62454	19.5911
-16.0871	12.6204
-7.56657	-19.3188
20.3471	-4.13845
-12.0335	16.7586
7.88863	18.8728
-0.255146	-19.5233
4.13812	20.2775
16.6231	-9.96432
2.01202	19.9893
0.414647	-19.6567
-1.07975	-20.263
15.2387	13.2331
-17.2917	10.6981
-12.1468	15.2872
12.0256	15.5221
-7.00003	-19.1549
18.77	-5.29267
-7.84304	-17.7657
-10.1064	-17.2532
-20.2684	-4.76032
11.4197	-16.8476
-6.61897	19.6078
1.63213	-20.0854
-0.741116	20.9276
11.2027	16.156
16.9289	11.2707
-20.522	2.78554
8.64934	18.6897
12.2119	-16.5813
19.4605	2.8321
-20.9599	-1.04288
-18.2343	-8.63918
-18.5906	8.96108
-18.1558	-8.51968
-18.8875	4.73206
-16.3195	-12.1266
-14.5223	-14.0078
-15.6797	13.9421
-20.2375	5.44628
7.98053	19.3891
6.08613	18.8646
19.2219	-2.05299
14.2215	15.0435
13.7101	14.4303
9.48247	-18.5961
9.15711	18.0193
12.4859	-16.402
8.99949	-17.9408
19.1234	-7.75828
11.2755	-16.6279
-17.5528	-7.97454
-16.8724	-11.2536
-13.2488	-15.5831
12.9656	-14.1443
17.3059	9.40165
8.48945	-18.1752
-18.7927	5.70162
-8.81242	-19.0491
-2.529	-20.1536
19.6884	-4.76594
11.1877	-17.4082
18.5843	5.86338
-0.281946	-19.9461
0.757839	-19.1987
10.073	16.7641
-9.88914	-16.8191
16.2147	12.1096
11.7725	16.6996
-19.0231	-0.8603
-20.8436	1.16082
-14.8398	-12.3591
-17.875	-10.7388
16.2331	-11.6466
14.6759	-14.636
4.55528	-20.425
-13.6255	-15.5858
-11.1036	-16.6566
-9.14424	17.21
-3.60217	18.9179
15.6341	-13.0825
-2.70604	19.6347
-13.7528	14.5788
-1.70187	19.9325
-7.1531	19.6225
-13.9587	-13.5124
-17.149	-8.22581
6.52935	19.9571
14.8126	14.7645
-20.2485	-5.48932
-20.2692	-3.20742
10.7017	-17.5606
-10.724	17.9797
-17.978	-7.13586
-13.0347	-16.2104
-19.11	-3.99168
-19.9362	-5.28429
-1.33131	19.9859
-7.56902	18.0546
17.8403	8.68677
16.5458	-12.552
-18.3564	-5.92477
13.6552	-14.3198
19.5564	-2.62061
-17.3419	9.03305
-2.49925	19.2495
19.5379	-1.14001
16.7873	-9.08682
-18.2282	5.43623
7.82461	-18.0869
-9.65092	17.0771
9.93686	17.0463
-18.4828	9.40852
-7.48538	18.5163
-18.3637	-10.0986
1.86994	-19.9471
18.0993	10.2386
17.2267	11.5975
-11.8388	16.9484
2.52403	18.9608
-15.8542	11.9209
20.0266	-1.48354
12.1245	16.6456
8.28257	-17.3615
0.420539	20.1426
11.3225	-15.7442
12.5465	15.8348
1.93418	20.0973
-9.42949	-18.6322
9.7917	17.7975
3.73881	-19.4781
7.78728	-19.0316
1.32858	19.5874
19.7008	-3.37273
-16.4011	-12.6559
-4.53703	19.9252
18.5779	-6.91709
-3.12546	-18.8141
-4.68686	19.9272
18.9076	-3.2543
6.1952	19.997
-7.29935	17.8697
-5.08044	20.097
-2.88801	19.615
15.7521	-11.2661
14.2485	-13.8847
-15.5354	12.4069
20.2539	0.977818
-7.16606	19.2472
8.22772	-18.3928
18.9534	-6.32728
-13.2634	13.6922
-13.5693	13.6922
19.7531	-6.31001
-15.1957	-11.6178
-12.5865	-15.9262
20.2235	2.79266
17.5581	11.1074
-3.89164	18.8789
20.3494	5.1175
11.7392	16.4462
0.643277	-20.908
-19.0154	-6.27239
3.5361	20.4628
-14.3648	14.8274
1.50591	-20.1415
-19.4204	7.47867
5.70056	18.6146
-6.38665	19.7801
-11.1096	17.1742
8.21505	19.1861
2.4094	20.1706
-6.61362	-18.8784
-9.85636	-16.3455
10.4735	17.1113
-15.8966	-11.0972
-0.0687202	19.0447
-18.9643	-2.57876
10.106	-16.3866
-19.2679	-3.48152
2.37863	-19.2571
-15.1032	-12.4653
9.38246	-17.35
20.1093	-5.70102
-17.8164	8.50023
17.3519	10.1668
17.1822	-8.20178
16.9968	11.1351
-15.4705	-13.8727
16.433	12.0965
19.6353	5.46327
19.1482	-0.729439
11.324	16.4702
-2.68643	20.5535
-3.91529	-18.6514
7.86599	17.5963
-13.3805	13.5273
-14.638	13.7685
1.45153	-19.0741
-10.6474	-16.2179
1.67797	19.1832
1.62247	19.5085
-18.9173	8.85287
-19.3894	0.611812
-18.7825	-7.84278
-0.544526	-19.1456
7.39126	19.4815
18.8687	-3.51382
-16.9417	-12.0021
-20.244	2.46483
1.36213	-19.375
-17.0093	12.2738
-7.78511	18.8803
18.8427	6.39335
-20.1094	-0.710119
-7.27342	18.6647
-10.0763	16.4498
-5.50061	19.2353
-19.7536	5.63084
9.04768	17.4115
-14.1515	-13.4145
12.7664	14.1935
20.7854	0.296037
-20.2045	2.60544
10.4637	-17.7957
18.1836	-6.74677
-16.8484	-8.87493
-18.6095	4.7693
-2.07262	-20.2441
18.7077	6.07021
12.9044	-14.3179
-13.4974	15.7567
-2.55689	-19.415
-8.54521	18.0387
-18.4145	6.04298
-17.9345	-9.37689
19.7315	-4.72192
-11.8733	-16.709
20.8176	-1.50224
-19.3514	-5.66913
15.7743	-11.5605
16.7382	10.7327
-12.4766	-15.8748
14.2048	14.8381
-10.2405	17.8775
-19.8268	0.617015
1.10593	20.9251
-7.46268	-19.3596
-16.8704	9.67241
-17.5073	-9.5014
5.32056	18.8019
1.34393	-20.4845
-15.4376	12.331
10.7802	-15.8781
20.0307	-4.99585
13.6979	14.718
15.1328	14.0111
-20.6749	-1.94442
-10.9244	-16.0201
-9.81414	-18.3834
17.201	11.2065
5.83952	-18.1922
0.343444	20.9873
-12.0949	-15.8732
3.56146	18.7337
19.4862	-5.01391
-19.9054	3.51471
14.8365	14.7309
-0.651777	19.6053
16.6203	10.9169
5.93251	-18.3581
-19.5169	6.8841
-0.210235	20.9819
18.6447	-6.54323
-16.9788	8.63501
19.2356	3.97351
-13.6309	14.9237
-18.8283	-2.84018
19.1489	2.91005
19.0794	-5.31454
-19.9161	0.842175
9.82145	-18.1711
-16.7766	-12.2711
18.8832	-5.06053
6.27181	-18.8168
-19.2901	-5.42624
-14.4712	-13.2295
-13.1771	-15.6502
13.7765	-13.3662
8.57381	-17.3251
16.2328	-10.8284
1.82967	19.0399
-19.3357	7.56276
19.527	3.47595
-16.8419	-10.7624
-18.7235	-8.47269
-1.03033	19.7503
-15.4462	11.8967
-6.61884	18.3517
-20.3944	3.02796
15.5965	-13.0858
15.3328	11.3069
0.77175	-19.8054
9.30988	-17.8482
-19.1567	3.41509
5.05703	19.9378
-19.3673	0.130013
18.998	0.704097
-8.41465	-18.4696
4.9606	19.0087
-19.0761	2.68184
4.7536	19.297
-10.4126	16.1026
17.4867	10.5225
-19.1569	0.270063
9.39886	-18.1007
17.4142	9.12202
-11.5507	-15.8778
-3.76198	-18.6801
-19.2708	3.03127
-18.7591	5.39327
-19.6941	4.72138
-10.6466	17.7986
-18.7105	-9.43506
1.96932	19.5808
-13.6687	-14.8366
2.20262	19.6496
20.3168	-2.35139
-4.05119	-19.2647
-13.3846	-13.9645
-16.6782	12.0146
-19.3483	0.67147
19.0803	3.64102
-20.4207	3.90881
16.0274	-13.418
-13.5101	-13.6552
-14.7941	-14.7559
-14.7491	12.673
-18.7637	-8.18401
-3.70316	-19.1419
14.5521	15.1127
8.83342	18.9629
-5.66645	18.7568
-9.59257	-17.425
19.7381	4.91771
18.9325	-2.48507
12.6222	-15.6392
-8.39115	-17.8237
-16.5039	11.0848
-8.72343	-16.9292
0.667643	-20.4147
8.13822	18.4254
11.9288	15.8064
-19.6027	2.17647
13.0189	-15.5303
11.7282	16.4868
10.6614	-16.9581
14.0688	-14.4043
19.743	1.08904
19.2501	-0.224385
-4.90882	19.7083
0.951342	-20.5459
12.4068	15.8447
19.3697	4.07506
-12.7804	-14.9333
6.66228	19.1626
-0.906274	19.3318
13.4898	14.8422
13.4638	-14.1475
-1.52444	19.3252
4.45669	18.5726
-4.41451	19.8781
18.97	-6.4878
17.9254	-7.17701
3.45993	20.6019
-18.063	7.83771
-14.1807	14.2847
19.2993	2.76793
-2.25387	-19.3298
-1.01038	19.8486
-8.75245	17.2826
-6.79864	19.3934
0.881363	20.9181
18.5977	4.25542
7.40789	19.6302
17.6963	9.64609
-6.90587	19.4433
-13.0911	-16.1715
-0.51338	-19.8519
8.39731	17.2971
-6.38029	-18.8618
2.695	-20.3756
13.8322	13.3418
-19.4844	-1.79079
19.9896	5.14111
15.363	11.6385
-2.42691	19.0363
19.9111	-0.0555847
3.05772	-20.4015
2.6869	-20.1479
-6.40787	-19.1746
-19.0787	-8.31772
-14.9573	-13.2518
10.6613	-17.7776
-11.0218	17.6741
-6.46908	-19.0118
16.1172	-12.8096
-8.17087	17.9207
-9.88712	16.2259
-2.0909	-19.8427
-12.3041	15.2869
19.9438	-1.84152
-16.9499	-8.83375
12.5348	15.6964
0.102455	-20.147
-6.24181	19.259
16.5214	-10.2386
-18.2912	9.29213
18.2569	9.756
-20.5717	3.43246
2.24311	20.1207
18.5184	9.59847
-4.93092	19.5836
-11.2108	-16.0293
-8.90962	18.2816
-4.96846	20.3517
4.04792	20.1145
18.9765	5.55783
14.355	14.5014
7.68354	17.485
-4.74587	18.5898
-20.1622	5.05348
-13.2016	16.0999
-5.35274	-18.6642
-19.0161	-3.26892
-16.1542	10.2435
-19.2331	-3.91569
-19.2595	-6.69174
11.9877	16.1574
19.7102	5.93694
-9.91587	-16.2283
20.1628	-3.00987
-5.58026	19.1695
-5.00235	-19.1856
-12.8726	-14.5733
6.60585	-19.1097
7.21576	-17.8486
19.9009	1.02443
0.567364	20.7186
17.2363	-11.1393
-3.69766	-19.9736
18.9813	3.89447
-6.84708	18.1342
-13.6647	13.7611
-17.6813	8.69285
7.00026	-18.6453
-16.5925	-10.5447
-17.6671	8.62361
-7.01845	-19.3306
16.404	-12.3832
-8.34071	18.5818
19.5835	2.18878
7.19532	18.437
-19.4413	6.40853
19.8736	-6.25613
19.601	-1.53588
5.85928	-18.7931
1.10217	-20.5997
-3.48534	19.2534
19.7454	-4.29235
-20.5682	3.0815
-17.1156	8.89817
16.0683	-12.5847
-14.7086	-14.3257
-20.0805	-0.595972
-17.2841	9.55283
-15.7934	-12.0118
-3.33597	19.9314
19.9615	-3.75161
13.4871	15.844
15.5643	-12.4246
-18.3763	7.84436
-13.218	13.753
-4.07378	-18.8747
-10.9627	16.874
15.3504	-11.7724
2.80827	19.4406
16.1969	-10.5647
-13.5837	-13.8573
-5.00246	18.8462
-12.467	14.8975
-3.56899	-20.3824
-16.7288	-11.191
-8.67135	-17.3347
-10.4234	-17.1436
4.26295	-18.8932
-14.6158	-15.0153
-16.3267	12.8225
-18.9058	-3.21804
-6.82261	-18.9711
-17.9925	-10.7291
-8.21834	-17.9357
-15.8066	11.0159
9.42448	-18.3305
-13.5792	15.6385
18.9172	5.66225
-16.5754	-12.7892
11.1176	15.6353
8.3287	17.3669
11.7481	-16.3718
-11.5209	17.3885
-17.2859	-7.94318
12.7335	15.1494
19.1929	-7.64904
7.28546	19.0298
-0.993561	19.2804
18.1808	6.48721
-2.78561	-19.3348
-19.5274	3.33603
-16.8399	-12.2003
-6.93118	18.0853
-19.9554	5.84962
15.0249	-12.5016
2.43603	18.968
16.1469	-10.554
11.4602	-17.2694
-19.2313	-5.11995
-16.2252	10.3745
-17.3148	8.37724
-4.75606	-20.0283
-8.79352	19.0303
-11.4153	-17.1433
-14.1333	14.6407
-6.17389	-18.7909
15.0271	13.7731
4.08462	18.811
18.268	7.70604
7.28879	-19.4756
-0.507782	20.6613
20.132	-5.60689
14.3368	-13.571
10.0124	18.0641
-7.75176	18.3306
-11.7593	16.9907
-11.1164	-15.8118
-2.19048	-19.4088
12.6945	16.4116
7.55932	-18.2839
19.5102	-5.71281
11.649	-15.4212
19.8676	-1.83738
-9.21029	17.5354
20.3145	-0.830932
-19.4458	-3.56193
9.44148	18.5864
-9.7329	-18.5338
-15.9632	-10.482
8.02083	-18.7936
-16.7619	10.8925
-15.8136	12.3148
-19.2287	1.35577
-12.2063	-16.1283
3.90716	20.0094
19.8214	-6.70726
-12.88	15.2561
-0.876009	18.9802
-18.4312	7.97266
-7.73114	17.3604
-1.70865	19.4032
-9.62608	-18.1648
-17.4852	11.271
-8.2981	-17.666
-15.4106	-11.56
9.44022	17.6262
15.6066	12.3213
19.9631	2.6165
-19.3037	-3.76764
0.734639	19.8257
-18.8241	5.84889
7.39731	-17.8274
20.577	0.192664
-15.5823	12.5304
4.89923	20.1132
-14.7647	-12.0626
4.03814	19.5487
-12.8441	-14.2448
5.1043	19.5127
14.5727	-14.6908
17.4656	-8.44489
-9.86512	-17.4947
-1.69865	19.4665
-19.1947	-5.72263
-19.4633	-5.73493
-8.58325	17.0863
5.82867	18.7766
17.6812	11.0706
4.31962	19.8741
-14.9072	-14.1286
17.3048	10.5192
9.09669	-18.038
19.7787	6.04152
-17.9398	7.54207
1.93349	20.8322
7.19694	19.3837
-5.24689	18.6399
13.3045	15.968
-0.0891147	20.0916
1.68474	20.5806
10.0479	18.2067
17.6256	-10.3476
17.9217	7.59673
2.80616	-20.7319
-18.6499	5.80289
16.8874	-9.10948
-17.0325	8.72813
-16.0752	12.2149
-19.9373	2.45559
-8.68991	-18.3081
19.8109	1.36669
-16.5619	-9.59107
-6.17835	18.8067
-16.8984	-10.9156
-19.4462	-7.35518
-18.5	-6.87324
-17.6765	11.2545
10.9355	16.2096
-19.4579	-6.72392
-10.2218	-16.7862
-20.8102	-2.74392
18.9808	4.48026
11.2968	15.9132
20.1078	0.251355
19.4707	-4.25571
-2.07043	-20.049
19.3245	-6.27872
-15.473	11.4414
6.63471	-18.2319
-17.2486	9.64578
-5.32892	-18.5432
-15.7251	-12.255
-6.683	17.9362
-17.4459	-9.73792
20.8158	2.3664
10.2666	-18.0426
-11.4681	16.4562
-17.7287	-7.41537
-13.6818	13.6698
-10.989	-17.3006
-0.836502	19.2526
-14.1289	-14.5797
-2.8775	19.4775
18.8446	-8.46549
-19.7517	-5.2908
-14.8874	-12.4826
-13.3976	14.2821
6.8171	-18.1206
12.7631	15.0601
20.0209	1.48545
18.6728	-5.81233
14.0291	14.6757
18.1094	6.42045
8.70864	16.9173
19.7701	-6.30952
3.88751	-19.7208
0.040901	19.3246
-6.4669	-18.2245
-3.6484	-20.6597
2.53617	-19.6159
18.5428	7.28351
20.7732	1.37405
19.4697	3.29573
3.13593	20.079
-0.0773682	19.8144
20.0696	-3.15049
19.3881	0.0387942
14.6152	12.2259
-8.52926	-18.5586
19.3634	-1.46932
16.2548	-12.1378
13.5148	15.5717
10.8497	-16.9899
0.505087	-20.8437
0.91187	-19.1365
11.9772	16.6607
9.00162	17.7977
-1.03133	-19.962
-15.8143	12.1405
-8.89182	-18.0594
14.7054	12.279
5.38926	-19.513
-17.841	-7.96593
-20.1793	-0.36564
-19.6681	-2.02529
-9.0422	-17.8053
-0.743769	20.9837
-20.5643	0.0213975
-20.1911	2.1766
-8.18397	-17.4408
-4.16816	-18.8192
-20.5055	1.92608
18.6703	-9.00255
9.71389	-16.5203
13.9326	14.1794
15.9296	-12.8038
-3.00468	-20.0098
-4.93172	18.6241
-18.1898	7.05913
-19.6034	-5.8584
19.0071	-1.04276
14.5291	15.0061
19.9528	4.9199
-20.3758	3.27303
-5.27439	-18.5721
3.58626	18.7807
-13.2904	15.3654
19.0601	5.16795
-19.4965	1.78554
16.6462	11.1149
-17.9518	9.81512
19.9839	0.0965359
-17.174	9.3629
-17.0482	11.1504
-15.8296	-13.0715
-19.5408	-7.55314
14.4189	-14.6708
4.12641	20.2933
16.1408	10.8098
-12.7979	-15.5598
6.50076	18.2501
18.9637	-8.60241
12.3763	-16.8086
-18.3156	8.0591
13.6074	-15.5062
4.47614	20.409
9.44046	-18.6633
-19.5023	-6.61035
7.77646	18.0009
13.6749	14.8138
-7.59612	18.3067
-10.4315	-17.3515
5.79638	-18.5494
-16.7928	-12.0169
19.0226	8.14754
10.1893	17.253
19.917	6.35079
-3.6762	18.846
15.943	-10.7822
-12.766	16.0592
13.4221	-13.9999
20.0214	-3.2601
-9.17518	-18.8707
13.6847	15.6342
-4.63317	-19.345
15.4753	11.5399
19.7924	1.11082
-16.5214	9.85237
-20.2198	0.854518
-4.11419	-18.8106
-16.6649	11.8394
-14.3693	-14.1459
-17.3092	10.041
-6.5872	-18.2105
-19.2953	5.15717
-19.3796	-2.8758
-1.472	19.7651
19.4802	5.46362
11.4704	-16.9162
12.7416	-15.7337
-13.1099	-15.7328
-0.0141984	20.5086
-16.2683	10.4858
-12.8644	-15.3572
-8.69232	-19.0318
-19.8748	-5.39312
2.90951	19.9507
-13.0119	14.575
19.8874	-4.00928
20.595	-1.20483
14.7134	12.9135
3.38021	-19.2949
0.486047	19.3975
-13.2102	13.7282
-1.21728	20.0136
-20.0675	3.12811
-20.6615	0.477122
-10.9037	-15.8926
1.25553	20.5108
19.4001	7.83665
4.81191	-20.2044
0.952874	19.9503
-4.29124	-19.4747
9.98391	17.7425
-6.35773	-18.8608
13.8109	-15.0353
3.63891	-20.631
19.0516	-6.73941
-18.4658	7.63187
18.3588	-6.72296
13.6458	13.4117
-2.31169	-19.5965
9.19075	18.1889
-0.594978	20.5604
-19.028	-4.79498
16.9387	-9.84568
-18.4622	-9.25205
17.6694	-11.2641
4.28982	20.4239
17.6894	8.66335
-18.3893	-9.38619
10.3806	-18.053
-12.5133	-16.1336
19.6434	6.67371
11.0992	-17.7374
15.0124	12.7947
-9.37867	-17.9565
3.64287	-19.4141
-18.5538	-9.2666
-16.344	11.0073
19.8772	2.83764
15.341	11.4211
16.1425	-12.8693
17.3002	-11.0842
19.1534	-6.28149
4.11361	20.2883
16.3772	-11.9986
7.37768	18.8101
-14.6918	13.2484
-18.4374	6.97016
-19.9089	6.19154
16.5762	11.968
5.38721	18.5716
18.528	-8.66764
-19.8285	1.34936
12.7344	15.4135
-15.1597	14.0445
2.86745	-19.1774
-20.4002	0.370869
-16.4828	-11.8821
-7.10671	-18.4382
-5.80506	19.449
0.035155	-19.0864
15.0179	12.3662
-12.081	-14.824
4.75745	19.4244
-14.1336	-15.393
10.655	-16.1403
-18.8711	-6.35977
-9.10052	-16.8691
19.3149	3.73276
-8.73158	18.817
-20.3601	1.87893
12.1563	15.4061
-4.24587	19.6076
-3.81613	-19.9583
17.025	-11.7723
19.2805	-0.829335
13.1874	14.4977
-16.147	-12.1976
-1.28681	-19.8518
-12.0758	-14.9458
-17.1333	-8.69523
-16.1388	11.5148
7.14759	-19.1083
-18.6578	9.63382
9.67376	-17.5617
7.05107	18.3187
-5.7066	-18.8593
16.7645	-11.1695
20.0662	-0.757961
-3.3532	19.908
7.64141	19.0982
12.3876	-14.4111
-4.89948	19.3851
9.58381	-17.1083
-19.1903	6.78372
-19.2653	-7.02223
8.86714	-17.3687
19.0487	-6.09172
-8.58809	-17.7317
1.03738	-19.6703
8.93787	-17.0193
-14.5856	-13.0449
0.607851	-20.4132
18.1324	8.45264
-20.2518	5.09377
-19.9468	5.90307
-11.6155	17.3394
-18.0867	-8.87312
-0.522178	-19.8694
11.711	17.2429
-17.6685	10.2572
6.84103	-19.7708
16.5107	12.7403
18.7654	8.13318
7.44347	-18.1701
15.5706	-12.7587
10.603	15.9351
18.91	6.35048
4.67117	-19.8517
17.2707	-8.09185
-14.7	-13.1896
-17.7703	-10.8821
8.31484	-17.217
11.5342	-15.4188
10.2276	18.0261
-19.7355	-1.96025
11.3499	-15.9863
20.1957	-0.554852
8.1733	-17.9094
10.2946	-17.2535
-15.6669	-13.5134
20.0715	2.51313
19.3131	7.27996
-17.781	8.16874
-20.6644	0.65933
-2.24444	20.1257
-6.39776	18.2691
-8.35565	19.173
-14.1771	14.3152
-2.07094	-20.2234
13.525	-15.1563
-7.45666	-19.0232
-5.28733	18.9744
-11.7318	15.3773
-12.0081	16.3096
-15.1646	-12.6649
-20.5678	0.26197
-19.0591	5.77673
11.0143	15.9292
8.93412	17.6983
-11.9496	-15.4175
-13.3653	13.8007
-8.74958	18.2801
11.1749	17.7463
-1.07819	-19.3916
15.5315	12.5827
-0.849172	19.3816
16.5913	-10.9945
-19.4974	-0.419288
-19.0242	0.0705348
1.12607	19.4625
-11.3326	-15.4102
11.7304	-15.6357
4.96245	19.106
-14.324	-12.9322
2.36145	-19.1418
14.3179	-14.8955
4.67598	-19.5268
-17.058	-9.51769
15.3333	-13.6101
-14.2643	-12.7265
19.3933	-5.80249
-19.7028	-2.99178
-8.9416	17.4419
-19.4463	3.08272
19.2732	-8.26722
-17.4808	10.8324
12.0233	15.7523
19.1987	-6.60141
-18.553	5.55998
18.816	-2.97864
20.242	0.469069
18.0569	-7.79822
-18.3678	7.81169
-17.9499	-7.93354
-16.8787	12.0907
10.0955	-17.8208
8.8754	17.4747
-9.66056	-16.5915
2.50653	-20.4692
6.50978	19.2842
-15.0633	12.7753
-4.63099	-18.633
-19.3387	-4.24436
-5.49577	19.9949
18.3938	7.64166
-1.30446	-19.1473
-8.57865	-18.0149
-17.6764	-8.16543
15.5986	11.9791
-20.2403	2.45973
11.0588	17.7034
-4.53799	-18.9403
17.4281	-8.10909
5.23022	-19.105
15.6646	10.9998
19.4002	6.35464
-20.3543	3.36335
12.8918	-16.4973
-5.05631	-18.9118
13.3278	-14.7544
-10.1429	-16.601
-1.84482	-20.5857
-16.1397	-12.8232
-13.6007	-15.3314
-17.5795	9.37656
14.3169	-13.6845
-10.0662	-16.8319
8.82331	-17.463
7.34663	-19.5162
-18.3411	7.94743
-12.986	-14.5234
13.7094	15.0841
-13.1801	-14.7086
18.9426	-2.04479
3.13007	18.7676
7.86347	-17.9013
8.38849	-18.1178
-2.76179	-19.1844
-19.1051	1.78929
-18.5799	-9.00609
-17.8288	10.953
4.56624	-20.0158
2.04733	-18.9148
14.3444	-12.5754
-18.4575	-9.0377
-11.4475	-15.3937
13.724	-14.08
13.2668	-13.8174
-4.6122	18.497
-19.6132	3.09219
9.54876	-17.1718
-8.06496	17.5296
13.5	-16.033
-18.4733	-8.11061
-18.098	-9.14973
-5.37207	-18.2386
-6.81029	18.327
16.793	10.5096
-11.9273	16.4553
-14.1975	-13.3591
13.9774	13.3916
1.09517	-19.1052
-17.2174	-9.82489
17.0368	12.0084
-1.11956	20.8392
17.9975	-6.66009
-6.96522	19.4286
17.969	-9.80312
0.390652	-19.4194
-19.7547	5.81914
-16.566	-12.5335
-1.67315	-20.1531
-6.18481	19.2923
18.8807	3.32632
13.6337	-14.4968
-0.0675196	-20.249
16.423	10.905
-3.08567	-19.3149
-15.8001	-10.9403
18.7361	6.69744
-7.10616	-18.8286
13.66	13.2679
-12.8603	15.5883
4.42836	20.3751
16.2962	-10.8875
-19.7656	-2.47976
7.19646	-19.054
-20.4635	3.62643
6.27841	-18.2534
6.80421	19.0352
-15.53	-13.5973
-19.0829	2.82819
-18.9932	-0.931998
19.2008	-2.2011
19.6488	-1.99242
4.38705	-20.159
20.7224	-1.79601
2.42276	20.5497
19.8421	6.17734
-12.7774	-14.6172
16.8132	12.1115
-12.6903	15.143
1.92621	-18.9421
-12.9898	16.3239
15.0909	12.2893
-19.1945	0.605747
-1.78054	19.4085
9.8272	18.4398
-7.22372	-17.9325
-14.1722	14.9382
-20.1196	3.35626
-15.6429	-11.3566
7.40375	-19.3598
-19.6046	0.764791
-19.1129	4.3478
-1.81312	-19.044
-18.2004	-9.89467
-19.3163	-7.51832
19.8695	3.43427
13.2329	-15.6406
-18.4144	-5.64874
9.65704	-16.7176
-18.6774	9.53791
4.66755	19.5734
6.59409	18.6071
8.56374	-18.4042
8.38865	18.4907
19.9443	4.93953
15.991	-12.1304
-19.1341	-7.45646
18.8274	-8.22239
-1.79922	19.2053
-10.974	16.4054
13.2987	-14.3193
-15.7097	-13.8515
11.9384	-15.7578
-2.06574	19.2398
-15.173	12.9405
-1.18888	-19.8206
-19.0182	3.51914
-8.03471	-18.0871
18.6716	7.23877
-13.3654	-13.893
5.6359	18.5596
14.3855	-14.0524
4.0253	19.3227
18.7219	-4.64435
19.1321	0.983409
15.9976	13.1984
-14.0776	14.3007
19.2326	3.17682
14.6385	-13.5544
16.8509	-10.8757
20.0503	2.17559
8.19987	-18.2824
7.27852	18.1049
14.0067	-13.1495
19.1068	-7.47882
-8.59717	18.1508
19.4573	-6.05594
-13.9735	-14.347
18.8972	-3.93196
10.7227	-16.0381
-0.258254	20.4283
12.711	-14.7421
14.6738	14.9132
18.7319	7.14844
-20.1168	4.02882
8.62375	18.8817
17.2589	-11.5687
-15.8925	12.9958
15.6232	11.6056
-7.60405	18.1818
-19.2835	6.28172
-4.64382	18.9953
-1.10354	-20.5054
19.8438	4.43151
-19.0099	-7.18088
7.98818	-17.4205
-8.32482	17.6458
-6.64486	19.6421
16.9382	9.54337
-18.8572	-3.27228
-20.1581	2.56016
-15.2982	-12.9917
12.4678	16.4986
16.3718	-11.5167
7.59864	17.4903
13.8045	13.926
-6.6846	19.5678
14.4496	13.4833
2.9275	19.3156
-0.381812	-19.6746
-13.8558	15.7396
-10.0985	-16.4634
-19.1008	-5.7207
-6.21538	-18.1515
-20.4832	2.53607
4.57421	20.4337
-16.2851	-10.7733
5.81609	-20.1732
6.94069	-18.894
-18.2883	-8.73379
20.2026	-3.05157
-14.0928	-14.9836
19.652	-0.727592
7.51126	19.107
0.369606	19.9097
13.7473	13.6643
12.6969	-16.0269
-11.0904	-15.9937
13.5665	-15.1421
-14.0849	-15.459
19.5132	5.89914
17.5977	-11.438
-3.58238	20.5153
-0.995734	19.4531
-17.8453	7.41086
5.45389	19.8971
-7.80008	17.5103
5.58453	-20.0145
15.9971	-13.4073
-20.2388	0.461413
-19.587	-0.429768
-5.64719	19.6974
19.0083	2.77906
-3.31677	20.3429
-16.4851	11.42
-9.92541	17.8249
-16.3108	-10.9352
-9.38922	-16.5899
-18.2993	-8.50656
14.9328	-14.6829
13.5061	14.7099
-7.66255	-18.4842
-12.4043	-16.3137
18.7697	-6.6158
-18.8778	-9.10014
19.2395	4.93046
15.3197	12.5845
-18.1108	-7.61883
-9.95798	-18.212
-18.2664	9.88658
14.4687	-12.392
0.971298	-19.4773
-5.82533	-19.2749
-10.0263	-16.1765
-6.16487	-18.4364
-3.95456	19.7412
-0.229059	-20.5436
-10.2489	-17.586
-16.8235	9.87122
18.6544	-4.5693
18.1073	7.97601
-10.8377	17.4991
18.9697	6.68385
7.16514	-18.2337
-19.2163	8.34579
0.510172	-19.4426
-17.4505	8.00497
4.49166	-20.1057
-2.64376	-20.1876
10.7842	-17.6301
13.1021	14.6495
-3.47298	-18.7841
6.72148	18.9994
-16.7925	-10.1492
-7.75296	17.3823
15.8086	13.058
-17.4132	10.3862
18.9247	-2.76389
17.4438	-9.19934
-19.683	3.39608
15.5146	-12.3341
-3.82048	19.4352
-17.9775	8.83657
-9.65449	17.8832
2.51922	20.7655
-16.7708	10.5374
14.4705	-12.3745
7.87289	18.7266
9.18053	17.9694
20.3418	-1.88328
16.8526	-10.0385
16.9741	-11.9619
18.2027	-9.20391
-0.694014	-20.5903
-15.1516	13.4696
7.85776	18.6619
14.5853	-13.1882
-11.6749	-16.2357
-7.08017	-17.7992
5.76756	18.1717
7.84926	-17.5401
19.3802	-5.82811
-4.38689	18.7387
-19.3604	8.04033
17.3813	-10.2278
10.8351	-17.6417
-10.9713	-16.5626
10.5234	17.1287
-10.0425	-18.2838
18.0762	8.59593
-3.17272	19.0297
-14.2893	-14.7347
-1.80743	-19.4232
-16.8415	10.4162
10.5387	-17.723
-11.5863	-17.0396
19.4401	7.804
-13.3115	15.0351
9.63186	-17.7995
17.2382	-11.1279
-18.2169	-7.84497
-19.2331	7.97015
3.64492	-20.2126
-17.2634	-8.67954
-5.42156	-19.5061
16.2983	-10.5904
-19.8172	-1.38547
-17.3443	-9.69843
11.9915	-14.7773
20.0957	3.55055
-5.68968	19.694
7.3377	19.3069
13.2767	14.3793
16.2141	-11.4353
19.0555	8.38217
8.49935	-17.9801
19.7714	-1.19585
19.2329	8.1289
-18.9652	3.04772
-7.94649	19.4188
-8.25629	-18.4899
-14.7085	-12.3867
17.7765	10.3974
-5.49769	-19.2272
-19.3949	-3.08487
14.2333	-14.3165
13.7521	14.804
-1.72413	-19.7314
-1.32958	-20.1656
8.13565	-18.7981
5.28965	18.7428
7.71316	18.8024
16.3736	12.7982
1.7175	19.7391
20.1657	4.40915
18.5703	-7.24777
9.64516	18.0862
-4.1184	19.9083
14.7873	13.0515
-18.0316	-8.88725
2.11941	19.786
-19.0162	-2.83588
-7.71018	17.8172
13.4937	-14.3862
-18.4993	-7.79833
-15.0383	-12.5238
-4.23641	-20.2944
-17.3295	9.62368
-13.5271	-15.5473
-5.65469	18.9501
18.9774	4.00215
18.7569	-4.17613
-11.3107	-17.4202
-4.56053	-20.4403
-11.8364	15.2835
-16.345	10.3942
17.0838	10.2215
-20.3988	-3.4961
0.65227	19.3424
-10.1661	-18.2542
-1.54007	-19.1285
-8.59107	-17.6846
-1.53319	-20.5437
-16.2396	-12.52
-19.0661	-7.09459
-12.274	16.7358
14.9052	-14.1372
15.4291	-11.1743
10.5474	-16.7589
-18.7755	4.93633
6.56296	-18.7423
-13.623	15.4353
6.92673	-18.4491
-7.98314	18.99
7.84419	-17.4321
14.2327	14.9016
-19.6784	-1.70793
-19.4121	0.30671
17.5163	-11.2665
18.4089	8.44578
20.1474	0.700474
-13.4643	-15.4282
13.2821	16.0164
10.8255	-16.5807
3.53631	20.5337
-16.7791	-9.72156
14.9418	-11.8532
-9.21108	-17.559
-8.59562	-18.7426
16.1471	-11.6997
-11.6926	-15.843
19.0179	-1.9434
-12.8584	15.4605
-16.49	10.3658
9.41151	18.5695
13.2368	-14.8601
19.7611	0.84647
-20.4869	1.61622
-20.1293	5.42229
-19.0644	-3.22886
14.2662	-15.3347
8.88044	17.3079
19.041	-4.42188
19.9183	2.23901
-3.67896	-19.9122
2.34981	-20.6865
-19.2808	7.63359
6.71478	19.2288
17.4113	-10.1076
9.0141	-17.4526
-14.5824	-14.4741
4.08459	-19.8314
-16.2908	10.4585
16.2144	12.1737
19.9092	-2.56734
-14.5249	12.3919
11.6538	-16.4228
5.94972	-19.1585
-3.13741	-19.5232
-20.6285	-2.37575
19.5896	-1.32637
1.35682	20.572
-2.93176	-19.1597
-19.3368	-5.60913
15.8718	-11.1869
16.4803	-9.72539
13.9727	-14.0702
19.2023	-5.92193
-19.6194	-6.66975
-12.6824	-14.5346
17.4432	-8.58615
15.1453	12.3274
-17.7937	-9.95373
4.47056	-19.8611
6.68068	-18.8411
-4.70597	-18.8207
14.3521	14.2383
9.56703	-16.5877
-19.1972	-7.40211
-17.0475	-9.33019
-8.56901	-18.0329
19.2243	7.7608
4.79608	19.775
12.6904	-15.3887
17.2651	9.96241
20.68	1.54456
-20.4301	2.36503
6.82321	-19.7933
-14.0898	15.1856
20.1887	-2.46321
5.00835	19.1754
17.7764	-8.48567
-12.2039	16.6669
-14.1387	-12.9819
11.2644	17.3331
11.8207	-16.2678
-13.7327	13.7236
-12.7018	14.3175
5.23736	18.6118
20.0462	-3.95752
11.3048	17.1976
-18.8487	-6.82839
6.14016	-18.6769
9.90237	17.8685
-11.0455	-15.8359
-6.20138	19.8327
-0.319865	-20.687
10.82	-17.2359
-10.2735	-16.5366
-19.372	4.73042
-17.9348	-8.98854
3.41433	18.7015
10.559	18.0505
-20.1548	-2.64951
-6.56365	-18.6951
-9.29417	-18.5776
13.3784	15.0784
-5.39546	-19.5242
-19.0688	-4.58782
3.07098	-20.1904
14.7195	13.7368
-16.9577	-9.51387
16.7376	-10.5372
2.51945	-19.7265
-10.0445	-17.4463
14.8581	-12.4605
-19.2923	2.53371
2.36931	-20.8482
4.84373	19.7592
20.0894	-3.28199
2.47332	-19.9029
-0.653365	-20.1881
20.4099	0.338698
15.1648	12.4851
12.9114	15.4935
19.8682	5.99859
-16.536	11.3053
-17.7827	-9.3296
-14.379	15.1654
18.7976	-5.4518
10.0875	16.6064
16.2728	-11.1598
-11.0603	17.6377
-15.6767	-12.3724
-11.31	-15.8157
-1.30063	20.4405
5.15622	-20.0707
9.80428	-16.4402
16.79	-11.3607
19.1689	2.04868
19.3482	-0.944446
19.0649	8.5373
-0.0595617	19.5395
19.5846	-4.85095
-20.0587	2.4493
-2.45244	-19.4241
-14.7099	13.7527
-2.13431	19.1579
16.709	10.9696
13.6524	-15.5335
16.5758	-10.9322
-20.6893	-2.53196
-15.2761	-12.4346
6.5132	19.3152
-9.58805	-17.3237
8.43452	-17.8822
1.85446	20.794
-16.3152	10.7943
19.2074	-5.6663
-13.008	-14.8578
17.8566	-9.49181
9.1312	18.3776
6.5556	19.5735
13.2818	15.1387
18.711	5.41995
-6.65268	-18.3697
-13.1594	14.0154
17.0862	-11.2831
13.6001	-14.2504
11.6302	15.3878
15.5088	-12.1929
-20.4565	3.82115
19.9995	2.94324
-18.9642	3.80609
-18.3273	8.29148
-19.6219	0.654074
19.1019	6.31112
2.04439	20.6946
-0.158498	19.2756
0.866272	-19.1059
17.2621	-11.3854
9.92579	-17.6326
-4.60018	19.8971
16.2612	-12.4894
17.9092	-7.3905
18.6747	5.8912
2.34947	20.4728
-18.9336	2.24129
-6.15629	19.5676
6.47195	19.4115
-3.03612	-19.3585
1.7621	20.0408
18.6433	6.73647
-13.3714	-14.7706
-19.097	-8.03144
-17.7588	-9.85288
-8.50195	18.9344
-17.7475	-9.79135
18.5658	-9.19088
-15.6863	13.7205
-2.06631	-20.1915
13.2674	-13.9849
1.45047	-20.4261
15.0027	-13.2892
16.2877	11.436
-4.08497	20.0981
-3.65108	-18.687
-17.0572	-9.21404
18.0098	-7.08779
-4.04753	-20.3892
-17.2799	-8.37021
6.48978	-18.3628
-2.45086	20.3674
5.92821	-20.1186
-13.3264	15.5033
-2.5125	-20.2297
10.0396	18.1013
11.1979	16.3118
-17.9395	7.17769
-19.8778	3.73879
-4.55543	19.3847
-8.41338	-17.7502
-19.6983	-7.07424
-18.9921	0.690956
-13.3989	15.451
-1.59056	-19.2537
14.6371	12.5852
-20.1505	3.47942
-10.6716	-17.4826
19.6702	-2.3674
-17.9596	-10.2874
-11.2711	-17.5777
-20.24	2.19025
0.21516	19.0713
-18.7179	6.92609
-14.4951	12.4323
6.1735	18.3801
-17.359	-10.9809
-8.84206	18.3396
3.18995	-18.8265
-13.7133	-13.3231
3.87199	-19.069
-8.06327	-17.2952
-1.60585	19.8015
11.0601	-17.344
-19.7543	5.36592
-6.96639	-19.5385
18.135	9.15967
-4.24333	19.2522
-20.6548	-2.87553
-6.582	18.5768
-2.54317	19.0657
-8.68654	-4.98263
-8.5556	-5.93252
10.5583	1.39753
10.4756	3.16402
5.38652	8.21692
-3.42679	9.27414
-10.3337	-3.26464
-8.62679	-6.32338
-7.34956	-5.88426
-8.50613	-4.39257
-8.45392	3.68022
8.88809	5.28535
-9.51227	0.690488
9.45028	0.954601
-2.24939	-10.3515
10.08	0.681129
8.73833	2.82457
-5.27519	-8.76039
10.3899	0.384028
4.62178	8.54812
-7.60371	-5.62666
7.65882	-5.64579
10.6061	-2.39407
9.06703	5.58766
7.36535	8.06184
-9.32072	-0.884674
-6.21133	-7.06945
-7.3611	-6.73367
9.45778	-2.0163
9.74265	2.35544
5.21231	-7.48702
-1.76495	9.25551
-1.02183	-9.83582
5.32641	7.60829
7.35075	-7.82055
-5.05524	8.79022
1.11401	-9.58676
8.42481	5.65218
1.80889	-10.6318
8.84596	4.84116
3.53274	-9.88279
6.94103	7.63057
-6.82333	7.33409
-10.3712	0.71706
-4.19557	-8.04876
2.32378	-9.2686
-8.85461	-5.99703
8.35317	-4.86618
8.59959	-2.92474
-8.94948	-4.8815
9.93526	0.0657799
-9.26389	-5.00786
6.28744	7.07307
10.5913	0.818912
6.34824	-8.76186
-9.91047	-3.834
-8.2785	-5.70422
-8.32455	5.34856
-3.45463	-9.38864
1.35811	-9.45461
8.4727	-6.22932
10.5992	2.11841
-9.9269	0.733522
-6.99714	-6.91208
-4.17535	9.32146
-9.13779	-1.96251
-9.40749	-3.87631
-0.146993	-10.5161
-8.99476	-0.960447
-9.45674	5.59245
-2.34835	9.03678
-1.67645	10.8494
9.30165	4.33364
6.87276	5.86201
10.8127	-0.876331
-8.51018	3.09976
-8.99998	2.93736
9.40864	-0.854832
0.590726	-9.63459
8.93514	-5.24386
-9.52081	-0.202206
0.67965	10.2858
-4.20202	8.40431
6.54604	-7.32513
1.14134	-9.70177
-9.90805	0.548467
8.06437	5.53857
9.29193	3.93078
2.37387	-9.45946
-6.87479	6.95689
10.5769	-2.97336
6.40686	-8.92249
-9.11092	-4.33729
-7.53099	6.43589
-2.49731	-9.57997
3.94205	9.20913
3.3542	-9.93571
8.95971	4.10399
3.33243	-9.13024
2.36745	9.6372
8.46228	-5.81908
-6.3231	8.44283
6.90039	6.0223
-6.46268	-6.56528
-2.9894	-8.8207
-8.6535	4.91204
-9.51431	-2.57731
9.4976	-0.66057
1.89013	-10.1376
4.79096	-7.9133
2.41632	-10.6227
10.0283	1.5846
-1.98675	10.7622
9.50545	3.28307
7.2791	-7.73332
-0.172626	9.49342
-3.77815	-8.81625
-2.73599	8.91633
6.20414	-6.52509
0.640483	9.83607
9.01056	-0.858048
10.0045	-1.63243
9.44992	2.04152
-8.58703	4.75345
8.59394	3.11569
10.8584	1.62894
-9.90891	-4.29371
-7.48539	5.77095
2.3373	-8.70039
8.66614	-4.93951
-10.3401	2.84354
8.96412	2.86221
-6.32625	-8.51544
6.54002	-7.87909
-6.69271	7.71125
-4.50754	9.60161
9.8478	-0.423827
-9.02511	-4.80494
0.722893	9.48173
5.19047	8.91327
5.79667	6.96071
-10.2013	-3.96066
-6.13486	7.27734
-7.60506	-5.85761
8.8426	3.44645
10.1258	-3.33703
7.31183	5.34617
-5.92655	-7.32956
-6.7217	-6.99555
-9.52808	-4.12588
-9.96679	-4.12792
2.89869	-9.17805
4.2415	9.21855
-7.73504	-7.2032
7.40632	6.04809
5.96946	8.75878
-7.44901	-7.55887
7.38396	7.07301
1.23306	9.02254
-9.62351	0.0623318
0.805964	-9.78091
9.1761	5.40988
-8.64597	-4.862
2.76845	10.5786
5.32452	-8.69025
-0.202441	9.62405
-3.84487	-9.4954
-10.8384	1.15778
9.88735	-4.51232
-8.76903	-2.52224
-9.16501	-2.22637
-3.29777	-9.01202
8.00923	6.52648
0.737201	-10.0651
2.93103	-10.3614
-7.67963	6.73608
8.64806	-5.48006
6.66464	8.68835
2.84156	-10.0243
9.10849	-5.13369
5.17723	-8.58875
8.99192	1.04711
-8.54374	-3.70273
-1.46459	9.05454
4.31744	-8.60116
-7.04007	-6.98271
5.92564	8.84173
-8.98117	3.13906
-8.91237	-6.01442
3.6656	9.64249
7.20937	-5.53201
-5.59178	-7.91724
-3.03532	10.1071
9.1363	0.763534
-4.57625	9.59524
-1.48212	9.08909
9.77028	3.43521
-9.88978	1.33285
-6.1811	-8.38363
-2.17125	9.44219
2.56083	9.89965
10.7883	-1.63608
-9.98426	-3.84175
-0.125722	10.7554
-5.56895	7.62999
7.86188	-6.301
-3.17043	8.68921
-4.01117	-9.18982
4.03933	-8.25324
2.45543	9.43599
-8.19234	-3.9677
-7.2941	-6.96181
-7.20191	5.68249
-3.39566	-9.66402
-9.8853	-0.15253
4.92492	-8.38248
0.0963483	9.34079
10.8253	-1.79875
-3.61055	8.45138
10.4476	-0.0831135
10.6232	1.92028
-6.99094	-5.89709
5.90497	8.26178
-6.9208	6.74568
9.68717	2.41152
5.50008	-8.60018
5.87754	-8.29237
7.41144	-6.12212
10.4293	0.555358
-7.58266	5.50068
10.0697	2.58949
4.21676	-8.18005
3.23785	-9.07517
8.47399	4.2659
7.37437	5.70175
-9.45714	2.11531
-10.8993	-1.06585
-9.69105	2.71906
8.60149	3.82065
9.74609	-4.88986
-4.12859	-9.62206
2.17327	-8.75664
4.06908	-9.15989
6.68162	6.46539
5.1547	-7.99308
3.09514	9.69791
6.35472	-8.77707
-7.64467	7.47309
9.59711	-5.34069
6.57456	8.34973
-3.81731	8.41589
-6.54443	8.58185
1.30271	-10.2118
7.8755	5.09337
-1.2561	-9.60438
-7.55831	6.7229
7.659	-6.09851
1.33269	-9.61375
-8.68514	4.27827
-7.6006	-5.80773
5.4476	-9.11299
-0.73144	-9.36111
-5.0275	-9.55205
-9.70874	4.83272
9.87522	-4.84164
8.05478	4.96528
7.78059	6.10326
10.3894	1.14282
8.89511	-1.95786
5.43563	-7.23042
-1.18797	-10.0732
9.1073	-2.56533
-8.77102	-4.65194
-7.25183	-6.41261
-9.02391	0.487878
2.37846	-8.77036
-10.6821	-0.672994
2.95987	9.47774
-8.53514	6.58794
1.10771	-9.3549
-1.78156	9.23597
-7.92678	5.91006
8.5243	4.62704
1.4102	10.7018
-9.68232	2.42763
7.13868	-6.91173
-4.38945	-10.0841
2.94159	9.79798
-9.31201	-5.25372
4.19816	-8.43078
-5.20102	8.17972
-9.49986	-2.18495
-1.73065	10.5126
1.78883	8.90414
2.91858	9.63723
-1.47289	-9.69553
9.85795	-3.05218
-3.91924	-9.52875
0.747815	-10.6394
-7.04963	-6.15552
3.24765	-9.15594
-6.40446	-6.49365
-8.81463	3.07042
2.53034	9.58889
-8.60373	4.47313
4.74609	7.7563
9.57928	1.9023
-8.9552	-5.51443
-2.9547	-9.22878
-8.62605	6.03556
8.89992	-4.8848
-8.09513	-6.76218
7.16236	-6.77304
-9.13005	5.3453
-5.41131	-8.86223
2.98694	-10.5229
-0.777567	9.53298
-5.73738	8.24268
-6.18845	8.48348
10.6224	2.68396
8.15019	-7.15952
-8.9436	5.98924
-7.56411	-7.96242
10.5956	-0.0981823
8.57856	-5.29778
-7.25524	-7.22329
6.51325	7.9651
-9.97201	4.44906
-6.0508	-6.98731
-8.76921	-4.66031
-10.3847	3.00403
0.55782	10.1788
6.65084	7.02555
9.25291	-5.88089
-7.43826	7.82743
2.82278	-9.85256
-4.68367	-8.05848
3.11119	8.45651
-4.12862	-9.23994
-9.21051	2.3135
-2.17001	10.3449
-9.43004	-5.13398
10.2334	2.56366
0.230086	-10.4694
-7.52912	6.39335
8.05139	4.56579
-6.63957	8.47765
8.35866	5.22057
-10.3687	1.08594
5.47378	-9.0514
-0.388857	10.8734
-8.46626	6.23627
4.07219	8.34718
4.10916	-9.01754
-10.4452	3.42824
7.97786	4.38124
9.29689	-4.9284
-4.35354	-8.31191
-9.18594	-4.33052
1.41547	8.91389
-6.26348	8.42727
8.57983	6.70979
9.26047	1.2063
6.93049	-7.55502
0.711781	10.0826
-10.4452	-1.42656
8.02368	-6.3583
1.66569	-10.179
-4.94143	-7.87503
6.02574	8.22026
10.5123	1.54362
-4.51665	7.89307
7.81947	4.56919
-0.213731	-9.15054
-4.58065	9.83451
6.21468	6.5215
-9.03615	-0.94137
-10.1795	2.58318
-6.5299	-8.25286
9.6374	-1.0737
-4.60008	-8.20272
3.58659	9.39088
3.32553	-9.42664
2.1165	10.2618
3.90234	-9.49921
8.91666	-5.10506
2.03477	10.8032
-0.45559	9.80083
2.22251	-9.43522
2.06937	9.65699
-10.2507	0.717126
10.8992	0.16928
-3.09985	9.84637
-9.98344	-2.76378
10.4034	-1.52819
8.26408	-5.72226
-1.96444	-10.2625
9.27547	-3.09786
8.01945	-4.11265
10.7366	-0.86779
1.05255	10.9247
-10.7242	1.72835
8.75216	4.63095
6.95074	6.99146
-10.1275	-0.0128842
-9.25066	-3.82411
8.80977	-3.62376
-5.87183	8.32382
9.96526	-3.69305
0.588262	10.9455
-10.7611	-0.0664528
8.58248	3.54288
3.90433	-10.1739
4.11847	-9.70832
-9.05391	-0.729556
9.7412	3.44729
-9.37326	-1.58051
7.85018	6.44964
-8.58274	5.36213
10.7556	-0.672767
-9.26643	4.72686
-5.92605	9.17753
-7.18906	-6.14704
-6.44659	-7.4941
-3.68238	-8.61515
-8.23927	-6.09613
-9.62122	-3.60424
8.70404	-6.39811
-9.84594	4.40882
-0.878748	10.2189
3.6579	8.414
7.27271	-6.50179
10.242	-0.771769
-8.61554	6.15644
3.89755	9.22337
-7.35489	7.32644
-5.07149	-7.59182
-4.64712	-9.83462
-5.40642	-7.39235
-10.0997	4.00722
-9.33783	-2.39929
7.44081	-5.62403
9.69812	-3.32286
-6.43029	6.78782
9.71997	-0.277397
9.63055	0.342368
-7.21933	7.48232
-3.11316	10.4065
4.95157	8.80952
-10.764	-2.07568
0.951703	-9.91347
-10.0322	-3.31317
9.59285	-1.53782
-5.38	-9.57715
-4.59012	-9.86809
-0.403091	10.0669
2.6158	10.1566
-10.5669	0.593373
9.26	1.55847
1.16396	9.40049
-9.06152	-0.115941
9.57455	4.89007
-8.63837	-5.27441
-7.72242	-7.077
9.20924	-2.77809
-3.40501	9.09505
8.2329	3.83648
2.60295	9.05191
-9.88188	0.0254228
4.75455	-7.75589
10.8301	1.70191
7.37186	5.29112
-7.25562	-7.02695
3.4497	8.5106
-8.13849	-5.82714
-7.61679	-6.69487
-0.464383	-9.70198
8.606	-3.72705
-4.10335	9.9577
-7.26591	-6.6385
9.96618	2.68302
10.4233	1.30023
-6.60391	-7.39514
3.06181	-9.11362
10.5309	3.17583
-5.25281	8.66177
-9.08756	-4.59105
-1.02516	-10.1058
3.59558	8.88147
-7.60324	-5.93849
-7.14651	5.48833
-4.36834	9.65023
-7.65923	-5.94407
10.0476	2.94506
10.3236	-2.25871
-7.76527	-6.82278
6.86798	7.55183
-1.61929	-10.6807
-8.63674	4.94324
-9.92203	2.87771
-9.18746	1.83649
4.88931	-7.7121
8.30522	-5.513
10.2594	0.647178
9.1287	5.84872
7.4763	-6.05117
2.4538	10.091
-9.16516	1.18494
-0.582535	-10.1137
-2.41046	-8.99579
7.15761	6.2023
8.08526	-4.76284
-10.9602	0.183125
-4.80631	-9.46057
7.22162	6.69983
2.24587	9.25867
-3.15052	9.77973
9.1432	-5.11929
-7.62374	-5.3698
8.01821	4.98894
-10.3704	1.92753
-2.0419	-8.90391
-1.87761	10.5605
-2.16803	-8.81081
-9.47136	-5.33798
-9.20644	-0.374351
5.7555	6.97257
-10.5037	2.44368
3.92546	-9.30685
-8.07376	-4.73021
8.1222	-7.00392
7.22707	5.44921
-7.90858	-4.82611
7.95582	6.51608
3.82049	-8.88487
7.57967	6.62031
4.40624	9.56527
9.13251	-6.09651
-1.42969	-10.3779
-6.99856	-6.61077
5.99252	6.96851
3.7699	-8.80015
-7.17446	-6.52954
-5.82736	-9.08078
-9.19487	1.91875
4.39655	-9.4273
1.50748	-9.57488
-8.08364	7.07677
6.30365	-7.83896
8.22998	-3.64581
-5.76101	7.42407
-4.17112	-9.25353
-3.66772	10.001
2.93701	-9.81626
6.79853	-8.32224
-9.57162	-3.77944
-0.976526	-9.26134
9.34628	-4.29534
6.63544	6.34937
-7.21652	-7.77064
-9.06412	-1.91392
9.97342	-0.370244
-8.71547	4.99531
-2.93591	-10.0493
7.20523	-5.59517
-0.860379	10.8607
-7.3946	7.61066
-5.2549	9.55643
6.43553	6.64505
-9.07091	-5.6082
10.0409	-1.66413
-8.18416	3.84845
-4.3023	7.91641
10.3932	-1.08968
9.32653	2.63865
8.23082	-7.23049
4.15628	8.37863
-5.94544	-7.98101
8.52585	-4.718
-3.95869	-9.68203
3.30858	8.69263
-5.40938	8.05907
5.42597	-7.23666
8.3493	4.06626
-4.37097	-9.11478
9.11167	-1.81848
4.36266	8.61977
-2.09173	-10.3573
4.62135	9.88744
-2.08277	-10.297
-8.32809	-5.70431
-8.09822	4.25285
0.711204	-9.59781
-8.0522	-5.32404
-10.0929	-3.41592
8.96217	-5.40304
-4.06917	-9.8962
10.5348	2.43807
-9.81712	1.35092
2.32702	-9.21037
-0.867182	9.01893
-7.78665	-6.08343
-9.98555	-3.70914
-0.930825	-10.6912
8.59681	-3.22421
8.32689	-7.01072
6.09982	6.64211
9.81648	-3.51754
1.06688	9.89461
3.72426	-9.27592
2.59328	-10.2123
-8.69582	4.09624
10.4136	0.311704
10.1978	-2.58601
7.62248	4.86734
9.00484	2.76777
10.5175	1.99273
-2.39917	10.182
-9.5039	4.96024
0.063138	-9.19244
8.24601	3.64405
8.4182	6.67985
-3.95254	8.32086
9.07213	-2.02625
-4.80134	8.26523
10.0898	1.50244
-0.222766	10.1593
9.48114	3.83926
-8.19756	-4.17499
3.50978	-9.91862
-9.08582	-6.09292
-7.45355	5.65742
2.08648	9.65718
7.02216	6.05589
-1.13361	10.5694
9.6214	-5.19341
-6.7191	8.20004
-0.749124	-8.97035
-7.54218	6.68212
-9.34255	0.676231
6.84518	7.86044
2.0223	-10.5816
9.45392	-0.234213
6.02668	-8.39618
1.22185	-8.99856
7.53316	5.50685
10.7046	2.28672
8.85201	4.97029
4.81155	9.50088
-7.36712	5.38668
-6.78127	8.14435
4.67829	9.226
-10.619	-1.85953
1.40796	10.7441
-0.151525	10.5316
-1.36649	-9.51416
9.78386	-1.05415
-9.65617	-4.50877
7.06726	-6.13828
-9.56538	-1.21966
5.2399	9.65668
-6.46551	-7.16276
3.03552	9.76697
-8.42385	6.55544
-10.6116	-1.47279
-10.3759	0.540123
-0.588181	-10.8226
2.05993	10.4306
9.12508	-4.54484
10.4762	0.864568
-2.63513	9.6314
4.68841	-8.9287
-9.22069	-2.20403
6.07804	-6.96156
9.16067	-4.02573
4.0046	-8.78425
2.93967	9.74853
9.56824	-3.26454
8.61007	6.11523
-10.1442	-1.42232
-3.1356	9.83492
-6.23108	-6.99256
9.76218	-3.75241
8.76568	3.22529
7.96278	-4.26099
9.57769	2.28623
-10.0728	0.246779
4.35913	8.57342
-10.8372	-1.35407
10.3601	-0.993494
-0.603403	-10.4086
4.06389	9.67833
0.763002	-10.0096
-0.0271128	-10.8283
-7.90325	5.78086
-8.91837	3.12951
8.32575	-4.6449
-3.4448	-9.96368
-9.13566	-1.90622
2.20977	-10.6291
-7.23716	-5.62883
4.33452	9.92301
-7.70766	5.80974
10.5841	2.36693
-3.30451	-9.20239
-2.42902	-9.03712
8.0757	-5.30358
-9.47524	4.68773
-3.66532	8.78056
10.0926	-3.08718
-3.60309	9.38562
-4.62803	7.92709
-10.5443	-2.88278
-8.76332	-6.35127
0.956628	10.0301
-8.84082	-3.65425
5.43193	8.3077
-5.28863	-7.38099
0.281744	10.8036
6.97465	8.21468
7.40612	-5.33456
8.28089	-3.6919
7.26048	5.54276
-10.3842	-2.24891
0.880866	-9.52315
5.948	-7.99743
5.59733	-7.85544
8.49157	-6.0973
-0.858736	9.72099
7.52666	7.49349
-9.55543	5.16623
-6.98909	6.82602
0.261663	10.9098
8.09234	4.55523
-1.1119	9.78221
1.83856	-9.78256
-10.0423	2.67317
-10.7333	1.45434
8.74557	-6.13417
8.70099	-6.01293
-7.17108	-7.1742
-9.82518	4.12024
9.11724	-0.613857
2.51825	-9.80573
-2.22329	-9.31725
3.95149	8.32828
10.2972	-0.635844
-9.90775	-1.69204
2.5599	-9.81566
4.85574	9.61109
10.3349	2.49398
8.37856	-4.48368
8.47349	-6.60664
3.47411	-9.33205
9.21103	0.711104
6.88425	-8.40171
-1.0703	10.241
2.63561	-10.0681
-7.67615	7.49891
-4.16676	8.46584
1.46401	9.56011
-9.41652	-3.55792
-4.23972	8.58936
2.01727	10.3302
10.6626	1.57982
10.4829	3.2885
9.77332	3.06869
-4.36364	-9.98124
-3.2799	8.82274
2.68419	-9.056
10.7862	-1.39315
-0.844461	10.8407
9.42742	-3.98178
0.481849	-9.01579
-10.2109	2.40818
-0.41494	10.344
-3.42949	9.63034
-10.0033	-2.51431
3.77439	-8.76098
-5.36364	-9.27852
-6.37081	-8.71348
-9.98443	-2.80814
8.90587	-4.28776
4.59049	7.86576
-3.75766	-9.3664
4.2299	-8.54197
-5.39382	-9.3319
-4.56189	9.18689
8.62793	5.74977
8.13803	-6.8344
-2.14146	-10.7435
10.7644	-0.489412
-6.1632	8.43879
-3.68782	8.29538
2.80424	9.98233
-9.39959	5.18683
-1.30251	9.12887
-7.71713	-4.6865
-9.70527	2.92634
4.18348	-9.9729
9.11239	2.54372
1.16544	-9.06228
8.15636	6.83882
10.376	1.59038
-6.30573	-6.84314
10.7168	-1.58573
-3.104	8.75286
-8.26804	5.59939
-10.3307	2.24388
-9.76073	2.48457
-10.3379	-2.67152
5.90778	-8.50391
-7.64336	-7.75655
-3.76483	-8.44468
8.34122	-4.01701
-3.27327	8.53959
10.6229	1.16128
-8.71291	2.77961
5.84431	-8.92998
9.41324	-1.1829
2.1242	-8.83091
8.82662	-2.18207
-6.27244	-6.7179
-9.17428	0.611518
3.21858	10.0922
9.25529	2.90462
-9.58857	4.23141
8.11925	-5.09984
-0.712481	10.1296
-9.17334	3.37926
7.96807	-7.50683
0.249137	9.80168
-8.27335	6.20019
-4.17166	9.20326
-2.45197	-10.4307
2.63483	10.1598
-8.7585	-3.78034
-10.4607	1.79937
-6.4507	7.46114
0.797175	-9.56209
7.66354	-5.58139
-3.05706	-9.57445
7.69721	7.58736
4.24747	-8.68112
5.62453	-7.04176
-0.0305558	9.63881
9.0435	1.43226
-3.13115	10.1349
-9.56537	-3.30835
-4.34059	8.00247
9.24727	-1.35474
7.57947	5.09348
4.68533	7.93104
9.71348	-1.6139
0.659402	9.06962
10.6871	1.55101
5.82059	8.5652
8.75434	-5.40127
-1.2069	8.98416
7.81409	5.46285
0.602807	-9.12819
-7.14659	-6.278
9.4433	-3.96752
6.48134	8.24874
-10.5237	-1.37961
-9.3408	-5.44917
1.83241	8.99859
-4.61526	-8.6223
4.20731	8.77584
-8.17804	3.95444
3.13392	9.71867
5.32771	-9.41913
2.54994	9.40045
9.45595	4.1139
-9.63164	5.16043
5.91434	-9.24303
8.77715	-5.46849
4.91558	7.64929
-5.80065	7.99951
-9.40347	3.43249
-7.92189	6.17622
9.49904	-3.15304
9.26004	3.28049
-0.614431	10.8452
10.048	-4.28446
9.02835	1.02848
-8.15608	5.14413
-9.35644	5.50972
-10.4377	1.58778
-5.35347	-8.54493
-7.58674	7.23355
5.38406	-9.04266
-9.25084	-1.51208
4.3051	8.35545
8.87025	-2.47004
10.731	2.19398
7.98333	-7.52324
9.54729	-0.423389
8.05437	-6.82989
1.72777	10.1665
-8.44421	4.91531
9.07132	0.740561
1.35578	-9.51547
7.99799	5.92065
9.99162	1.3283
-10.3911	-3.31593
-9.39327	-1.62905
3.57706	-9.83539
7.00722	-6.95805
9.87223	-1.54388
-8.26225	-4.1996
0.591723	-10.7483
8.27029	-7.23372
4.51105	-9.54604
-9.4496	2.0071
-3.26775	-10.2161
6.76084	-5.95247
-9.80068	1.05123
0.872975	10.7263
-9.67769	4.18178
1.91316	8.90707
0.621903	-10.0165
-10.2296	-0.79511
-4.09993	8.06323
4.95604	-8.78349
-7.81925	-6.53572
3.67696	10.3572
-5.74435	7.81658
-7.17247	-7.35229
8.29468	-4.94119
-9.26388	-0.657988
-6.56319	8.18554
8.91308	-5.51671
-9.33912	1.57117
-2.605	-9.46663
-9.15697	0.53225
8.73607	6.53408
6.51109	6.26451
1.95874	-9.63217
1.22753	10.7097
9.96473	2.07337
-7.75817	7.14937
2.81293	-9.34372
-6.57362	-6.35243
-9.24839	-3.46796
-1.47093	-10.7134
8.95247	-2.45448
3.77238	-9.10599
-6.13691	-7.66373
9.46167	0.405981
-7.55591	5.35315
9.7656	-4.9603
-9.28984	-2.57057
-9.06869	3.02479
-1.24045	9.34859
0.618596	10.9444
-9.9226	-3.78138
7.39378	5.69119
-2.05991	-9.71761
-9.29806	1.69465
4.93646	-7.52692
1.54336	-10.5398
8.38307	-3.44342
-9.85379	0.319299
6.71017	-7.47451
-3.60575	-10.3797
8.08882	-5.44765
-3.03635	10.1856
-5.03886	9.05991
2.71926	8.6291
-7.76737	-5.68917
8.8762	-3.6301
8.37886	-4.46515
-10.2878	1.49777
2.18844	8.77705
-5.62311	7.98973
9.34552	-2.16409
-1.8354	-10.696
-8.69104	3.34278
6.76418	6.54109
-8.99829	-3.19344
-8.06873	-4.14734
9.01876	-3.16913
-2.49099	9.81614
-9.24121	-0.549096
-3.08641	10.4651
9.13257	5.1978
10.2379	-1.32114
-4.33116	-9.02844
-2.52753	9.49958
3.56884	-9.47534
8.81801	-4.61648
4.21717	-7.98043
-1.74092	-9.00437
8.958	-6.30558
-0.177078	10.622
-10.2984	1.46414
-8.66185	-5.70911
-0.67793	9.09127
9.39005	2.18696
10.3126	-2.13016
-9.26297	-5.47295
-10.2099	-0.98836
-6.54755	-7.61765
-8.37023	6.5395
-10.056	1.04458
1.77027	9.57013
10.9079	0.857621
-10.364	0.163577
4.70328	9.5601
-8.88868	4.70016
-8.33759	3.84274
4.02461	-9.62955
9.85456	0.589736
-9.36908	4.71822
9.84543	4.03385
9.63714	1.27759
8.10693	5.53918
6.29596	-8.33782
-7.26716	-5.52445
1.16905	10.3109
9.76156	-4.56474
0.646328	9.71622
-7.10431	8.11768
9.25665	2.74465
-9.28	-1.91389
-9.01517	1.72522
-7.56398	6.60033
-5.5247	-9.48342
-7.97608	-6.04821
3.46923	-9.55149
7.24346	-6.31527
-1.13857	10.4921
7.55708	6.50562
3.25152	-9.2148
-9.2555	-3.46559
0.906969	-10.3464
9.60692	0.744405
-4.58992	8.67193
1.56254	-10.4146
-9.07138	3.83751
4.92619	-8.24908
6.21162	-7.78547
4.03449	8.99702
-10.8315	0.519527
0.262645	9.83775
6.76746	6.69349
6.09909	-7.1037
0.24239	-9.76783
8.08698	-6.37094
6.72989	-5.97801
-3.47813	-10.3461
-9.13617	4.91925
7.44771	-5.67665
2.91006	9.10839
-8.60961	-4.25245
-9.87542	3.83368
-4.04495	-8.59786
-9.01564	3.01973
7.41207	7.3651
-8.03411	-5.91942
-0.170653	-9.5374
-9.31583	-4.62861
-6.06262	-9.05198
0.689071	8.9962
-5.59508	7.61484
-7.4929	6.38159
-6.28346	8.38775
8.20416	4.69622
8.92259	-2.92714
7.09326	6.83869
-3.17245	-10.0039
-10.7737	-1.13159
-3.95939	-8.26596
4.37344	-8.35926
9.4338	4.89374
-5.59497	9.22055
4.14983	7.99779
0.604684	-10.2177
-9.01373	-6.1389
-8.3362	-4.28599
-4.78979	9.03688
-8.63851	-4.99644
6.70097	-7.08831
-8.55234	5.94895
-5.42238	8.99877
-8.75877	-5.7368
-10.2491	-3.5857
4.85343	-8.21929
-9.87614	-3.6446
7.29516	-5.76797
-0.668059	10.4494
0.96322	10.2376
-9.99453	2.66375
-2.33511	-8.8725
3.4631	-9.62424
-7.78418	-7.51359
8.66176	-2.94558
-5.86282	-7.05855
10.7961	-0.00672779
-8.39894	-3.76383
-2.12726	10.1695
9.90441	1.65364
-3.8397	-8.95343
-5.78132	9.28001
-0.784129	10.905
-8.85229	2.62385
3.03509	9.69752
-1.99153	-10.5884
7.51232	-6.89104
-10.4057	0.388373
7.06979	6.10701
-8.232	6.88858
2.71797	-8.75833
-9.11402	2.07092
-9.78992	0.437344
7.38759	-5.99884
10.2992	-3.48758
6.16338	8.28335
8.31677	-5.74488
-7.7741	-5.20187
1.76329	10.6405
4.1012	-8.78468
1.03328	9.9272
-10.4407	-1.06796
5.65655	8.99646
8.08871	-4.85882
8.30352	-6.31023
4.32731	-8.49674
-9.43246	4.59005
7.9263	5.18118
-6.58265	-7.71721
-4.91245	-9.28286
1.04657	-9.12651
-3.86614	-9.06926
-5.36676	7.69469
2.93666	-10.1323
-3.79957	10.1392
-7.74484	-5.02776
-2.1194	9.29482
8.52688	-5.08161
9.27518	5.28202
-6.40914	-7.65685
3.21062	-8.81502
-8.5052	-3.17502
-7.98611	-5.89102
-6.30871	-7.30067
9.54659	-2.19026
8.43171	-5.8002
-10.2523	-1.84051
7.57308	7.50572
8.89068	4.52243
6.50952	8.29294
9.82031	3.51892
-9.76196	-1.73544
-8.80306	4.68234
8.83907	2.27214
4.13947	-10.1836
-5.18543	-9.51103
3.14537	9.05344
-9.85398	3.84503
8.55029	-3.66825
2.09931	-10.0793
-9.90744	3.67555
0.980611	-9.59405
2.20218	-8.98232
7.94543	-7.39567
-4.27805	8.41793
-5.10269	-8.21261
8.52816	-6.18749
-8.18378	-5.24092
1.44701	-9.74754
10.802	-0.423078
-5.79114	7.32092
1.53269	-10.841
-7.9002	5.92251
3.91821	-8.59855
-10.4771	-1.95913
9.56654	-0.713258
-7.06911	5.89892
7.74647	-4.70992
7.66393	5.30204
7.06094	-6.99552
2.21006	10.362
-6.2786	8.96962
-8.29448	3.69907
-8.3329	-5.83348
-9.24859	-3.27172
0.381149	-10.2769
-2.7133	-10.0259
-9.10502	-4.28833
2.54165	9.73399
8.70066	-4.57372
-9.80195	4.1043
10.9079	1.30857
-10.7595	-1.87816
-9.17527	-5.24463
-9.01043	-3.25251
2.82913	-8.85179
-9.52308	2.50541
-4.56729	-8.99159
-4.62689	8.70241
-3.86218	8.18375
1.49887	9.72148
-10.163	-3.8633
4.50047	8.4725
6.49383	-6.42736
-7.5787	7.3511
10.1852	-0.730838
-9.70612	-4.82487
8.63511	4.54592
-4.16896	8.02054
-3.32746	-9.27043
-9.64036	-4.53192
6.512	6.62418
7.66183	-6.9089
8.67927	5.10253
-7.02218	6.88937
-2.18795	9.29698
3.2993	10.4213
-4.22656	-8.62412
-4.0394	-8.41273
-6.22139	-8.30174
7.86405	5.5052
-2.68557	-10.4239
-1.87031	9.33437
-6.95355	7.63652
9.039	-1.82572
9.52383	0.879432
-3.92542	-9.12081
4.89537	-8.4085
-5.15344	-9.3175
9.12226	5.50034
6.55053	-7.74949
10.1082	3.10029
-3.85394	8.41971
9.40956	5.66811
3.74279	9.97378
4.86984	8.93121
4.34683	-8.74929
8.39141	-3.91726
-1.60756	10.0597
-7.6557	-5.55999
-8.77003	-5.3733
-3.46088	9.57464
-6.9399	6.15253
8.32955	-5.12395
8.03896	5.61784
7.91133	4.77512
-7.49946	7.77762
-7.83844	-4.92019
-7.47306	-6.76951
-9.04008	-1.12629
4.8501	7.90658
10.9261	-1.01364
-7.86472	-5.45394
1.76701	9.48874
-7.55656	7.0518
6.57923	-6.17746
-10.022	1.5714
-8.30434	4.92742
-9.15464	-0.672747
-8.74862	-3.03799
-9.22511	5.89258
3.94861	-9.51697
-6.83365	-7.49611
6.68724	6.64749
-6.97667	-5.94731
8.54331	-3.61343
1.18537	-8.98553
-0.880254	-10.2027
2.81012	-8.57013
-9.44567	3.73147
5.24484	-9.30017
2.75236	10.0483
3.30915	8.66886
9.99453	0.491927
1.64121	10.2911
-1.31313	-9.71629
4.27102	8.01222
-1.14746	10.0801
-9.1635	5.9087
0.716279	10.9504
-9.9624	-3.68091
6.43136	7.3124
-0.649843	9.12944
8.07874	-6.12935
8.9324	-3.53949
-3.54586	-8.39237
-4.71872	9.53343
-1.77987	-10.851
9.04603	1.77815
-5.62772	8.42926
-6.95872	-6.70488
-9.44611	-1.14574
8.43719	5.79814
1.63139	9.69292
-4.4226	9.97309
-9.54149	0.567556
-4.90054	7.6058
5.78783	-9.01219
2.29496	10.1691
-5.29359	-8.90297
0.819609	9.09454
-3.73072	-10.1682
-1.93624	10.747
6.20678	-9.00207
0.69272	-9.4858
9.12667	5.94424
-10.4448	1.92566
1.12399	-9.93626
6.67871	6.45163
0.368643	-10.0767
9.69747	-1.53091
-10.1596	0.975189
8.86474	-3.63036
-3.48603	-9.31348
5.94878	8.46957
-5.43659	-8.99278
7.1071	-6.59176
8.84009	-5.16542
5.27608	-9.01935
9.86395	-0.292785
-6.55336	-7.24227
5.51979	-7.94981
-10.0053	4.25768
-8.11772	-5.85182
-9.22645	3.7422
-9.15193	1.1983
9.19312	2.54705
2.0662	-8.83077
6.61914	8.2141
-4.17511	9.84212
5.6005	-8.45881
-3.40346	-9.03425
10.7403	-2.07548
9.12012	-2.16766
-7.85162	-4.79507
8.93015	-1.88403
10.2884	-2.06349
-4.02831	-9.83795
8.27792	5.76128
-4.3911	9.28344
1.37649	-9.31
-7.28743	6.10977
2.97898	10.5639
6.1473	-8.22545
1.70742	10.7274
3.39824	9.69724
10.0604	0.293386
-4.1433	8.55481
4.22125	-8.34973
-3.84936	8.41785
9.19588	4.11474
-10.4626	3.25099
5.69132	-8.63006
1.65024	8.88324
-10.2891	1.98215
-6.19439	-6.9953
6.79224	-7.82985
-10.2923	-0.950699
-0.175467	-10.0706
-3.98827	-8.28565
-10.682	-1.35409
8.74699	3.82855
-5.12244	-9.71339
-4.3072	-9.47456
-8.97947	-4.55908
-1.57758	-9.0523
1.30809	9.63326
8.18152	-5.39188
9.64875	-4.69732
-9.81948	-2.03476
8.90124	2.78169
-8.99301	-4.13747
-4.59971	8.1729
-4.9636	-9.48221
7.88405	5.76505
10.1059	2.83632
5.56303	-8.37968
-2.64673	9.65887
4.92721	-9.48459
-0.0976497	-9.7301
1.87262	-10.2189
-9.53512	-0.360486
0.593937	10.0527
-5.97661	-7.45456
2.07373	-10.0805
-10.2574	-3.90795
-9.33669	2.86633
-10.6141	-1.42571
-8.72338	6.19792
-6.87187	-7.46901
-8.29915	3.78496
10.7044	-2.31552
2.21934	-9.67944
-9.00959	4.86233
9.01691	0.792012
-3.3831	-9.10389
1.65053	-9.56574
-9.06673	2.8245
2.17683	-10.6329
1.20498	-9.41312
-8.85515	3.96414
-3.91684	-8.38622
-8.83203	-2.60389
-7.43659	7.28953
10.4725	-1.28875
8.68992	3.69846
-3.50807	-8.30176
2.72965	8.77679
7.29383	5.3099
-4.30701	-8.61992
-8.03914	-4.09848
9.91058	-1.50178
-7.23613	7.10426
-0.37292	10.3194
6.39189	-8.836
2.11419	-10.7732
1.13463	8.95695
-7.56117	7.97975
9.46892	3.53632
9.29971	2.78328
8.60808	-3.97136
-9.19113	-0.299065
2.79398	-10.4613
5.69041	8.19218
-6.10174	7.01423
8.15513	5.24648
4.24005	-10.1109
-10.3858	2.6692
-8.5302	-5.81016
-0.317353	-9.70984
4.07176	-8.41382
-2.7288	9.64201
-4.81157	-9.81139
-9.29206	0.669484
-8.41122	-3.56463
-8.0445	-6.42905
7.94997	-7.38212
-3.64588	9.71134
-2.96604	-9.81331
-1.03233	9.03952
-6.24165	8.77466
-0.633296	-10.9734
-9.44141	-4.0956
10.38	0.571641
-10.0758	-3.97544
0.129767	10.7534
9.77035	-2.12769
5.58873	-7.39886
6.56942	-7.57593
10.4151	1.88233
10.2037	3.10694
-2.10632	-10.0144
9.81732	4.88524
9.35722	5.44152
6.39362	7.19574
8.47426	6.08494
-2.59466	9.61655
4.41326	-8.74965
0.745124	-10.6444
-8.68734	-3.32088
-6.87208	-8.46293
-9.11389	-2.2942
-5.46841	8.56288
-4.94927	8.24096
9.12251	-5.1599
1.67184	-10.6107
-7.28132	7.81019
-9.89941	4.26712
-8.67009	3.5806
-9.17344	-4.65434
1.17029	9.04109
9.50165	1.10744
-7.60803	6.60088
10.8681	1.32875
-0.708476	9.79652
-0.258437	-9.9201
-10.6619	-0.818554
-2.60318	-9.14614
7.98655	7.47809
-1.28969	10.7571
-6.765	7.04873
8.622	3.32543
-3.89891	-9.88628
3.42066	9.56105
10.1769	-1.98347
-8.34825	5.19076
-5.03499	-8.75638
4.16162	-9.26186
-7.07576	-7.40454
6.51429	-6.7447
9.96569	3.14868
0.0317484	-9.25702
10.1552	-3.86456
-8.61906	3.31179
4.15946	-9.33126
8.65489	-4.97995
5.85043	-7.78913
