19.966	0.716247	0
-18.4103	7.75443	0
-15.2954	-12.1787	0
17.4385	9.69586	0
-12.5787	-14.2571	0
-2.78153	-20.7246	0
-18.8895	4.68163	0
20.1701	5.60442	0
-2.82224	-20.4182	0
-6.94165	19.1779	0
15.8892	10.5124	0
17.4667	8.43018	0
18.5901	-5.32808	0
-17.0245	-10.0925	0
12.8901	16.1976	0
17.2054	9.62232	0
15.4281	-11.328	0
-17.551	8.60007	0
-2.75133	20.313	0
3.69084	18.683	0
-16.342	12.4684	0
15.2899	13.6717	0
10.1456	18.2728	0
-18.6806	9.07589	0
-5.8679	18.943	0
-19.1114	2.22364	0
-7.96416	-17.8532	0
16.8928	10.4205	0
-13.2272	-15.3665	0
-6.9673	19.0809	0
-7.10225	18.9587	0
-2.27771	-20.1711	0
-18.9257	5.15155	0
4.82917	20.1855	0
-19.6555	5.37325	0
-1.83066	-20.4072	0
-19.4229	-0.902459	0
-0.663055	-19.4656	0
19.4427	2.89982	0
-19.1868	-1.52337	0
-19.6686	5.7942	0
11.5337	-15.7463	0
16.9398	10.9788	0
-18.474	4.49892	0
-19.6708	2.27413	0
3.94151	-20.0946	0
0.689815	-19.6389	0
-7.42237	-19.0405	0
-17.5458	10.6925	0
-20.8027	-0.293175	0
-10.0334	-16.9244	0
-17.1602	-12.1001	0
4.95006	19.7672	0
19.9625	-3.31057	0
18.697	-8.43764	0
11.7058	16.2672	0
19.2171	0.843203	0
-16.9806	9.04614	0
-3.70122	19.2822	0
15.3654	-12.4831	0
9.4941	16.9221	0
9.42025	-18.5598	0
-13.5061	15.518	0
-8.04891	-18.5576	0
19.7	4.95829	0
19.9493	3.25834	0
-8.71552	-16.9735	0
-13.2997	16.0106	0
-19.1712	3.34484	0
17.9506	7.00641	0
16.0724	-11.2837	0
-15.4664	12.3896	0
4.8577	-19.8098	0
-14.562	-12.3174	0
-18.0446	-8.96064	0
10.9082	-17.5201	0
18.8681	8.17817	0
20.4023	-3.67361	0
-8.91846	18.4497	0
-17.1409	-9.55366	0
19.379	-7.92617	0
-2.81765	18.9527	0
-19.8807	-4.24324	0
-6.54994	-19.8436	0
16.4601	12.2183	0
-3.54247	-19.3917	0
-17.466	-11.1832	0
1.63308	20.85	0
-10.7823	15.7392	0
-15.9077	-12.548	0
18.693	6.61922	0
-8.3607	-17.6671	0
5.46837	-18.5918	0
14.6476	13.105	0
-18.151	9.44881	0
-20.6767	1.11722	0
-17.2599	-9.89597	0
-18.1155	-8.63762	0
10.9653	16.2783	0
19.0697	-8.39263	0
19.5531	5.18724	0
18.3722	-5.78984	0
17.5112	-7.84399	0
-18.9315	-7.01752	0
-17.6656	-9.16603	0
-14.3691	-14.6462	0
-6.88583	-18.316	0
-3.01058	19.0901	0
0.121592	-20.9218	0
-11.322	-16.3886	0
0.833741	-20.3119	0
18.3054	7.11143	0
-8.78844	-18.9238	0
14.6729	14.8572	0
19.2419	2.74871	0
14.7513	12.5855	0
-4.47882	-19.9237	0
14.5083	15.0159	0
20.4559	1.61247	0
-13.6647	-14.1008	0
-11.7738	-15.7365	0
-17.898	7.91405	0
-5.75486	-19.724	0
-10.4625	16.7216	0
-19.0861	-4.45022	0
19.3295	-0.874877	0
18.6322	3.76064	0
11.4712	-16.6447	0
-17.2767	-8.94434	0
14.4448	14.8189	0
4.3743	-19.0121	0
-0.511916	19.802	0
17.1783	-9.9149	0
9.27261	18.2765	0
-7.2169	-19.481	0
-16.4855	-12.6214	0
-7.20946	-19.6238	0
14.5572	-12.7929	0
-9.47381	16.4798	0
-18.9182	-2.37518	0
16.9979	-11.0372	0
2.58547	19.5145	0
-18.156	6.11326	0
17.78	-11.0153	0
-19.7813	0.706034	0
-6.76455	-18.6378	0
12.5138	14.605	0
18.1599	8.79674	0
15.2967	11.3469	0
17.12	-11.4782	0
-20.0107	6.04004	0
-19.3865	-2.63624	0
-20.3582	3.38014	0
-15.4286	13.4861	0
-17.1164	9.59258	0
4.39278	-19.8555	0
0.94354	20.6812	0
2.8651	20.2991	0
16.2287	-11.4139	0
-18.4193	7.08407	0
-3.87614	-19.2693	0
17.6635	8.97295	0
5.68542	19.0104	0
-8.93344	-17.3371	0
17.6027	-9.60814	0
6.10046	-18.8923	0
16.7394	-8.99964	0
12.0727	-16.0148	0
2.63002	20.543	0
17.5841	8.03694	0
17.2635	8.01074	0
-19.4394	1.34472	0
-6.47548	19.658	0
5.04301	19.3151	0
-10.0895	16.7933	0
-12.2055	-15.2024	0
-15.2007	14.0995	0
-6.38826	-18.8997	0
9.07695	-18.55	0
10.5797	18.1285	0
5.50513	-18.2886	0
9.80004	-17.5374	0
5.27159	19.1713	0
-7.09064	-18.6151	0
18.8113	-3.75404	0
-11.973	-16.4745	0
3.29375	19.5224	0
-19.6533	-0.0820262	0
-19.0691	-6.49016	0
18.2727	-9.59843	0
4.58554	-19.2049	0
-19.0136	7.91233	0
18.9359	1.75542	0
10.7265	15.8573	0
-11.0964	17.3735	0
15.0505	13.498	0
-18.8173	-8.35989	0
-1.17202	20.6837	0
16.0416	-11.4324	0
6.76792	19.8527	0
-17.1126	-11.0946	0
18.4641	-7.11153	0
4.62628	18.5562	0
-13.7295	-14.8731	0
-20.7069	-3.11836	0
19.7785	1.88175	0
20.3449	-2.08998	0
-2.79347	-18.8197	0
8.02014	18.6495	0
-14.1291	-13.1724	0
20.7862	0.80238	0
-19.651	-0.85168	0
-20.076	1.49956	0
-12.9012	-14.7476	0
19.0015	-3.62903	0
14.2335	-13.6669	0
-17.1863	11.9342	0
-8.02786	-18.5126	0
-18.039	8.105	0
-15.5264	-12.0332	0
6.77328	19.2957	0
-12.6827	15.8691	0
20.2982	-0.210623	0
-20.6648	-2.36714	0
-8.82123	17.953	0
-19.4873	-6.98173	0
-17.5973	9.33654	0
-13.2849	15.544	0
2.26638	20.5963	0
19.4005	-6.45736	0
-13.0617	15.7927	0
-2.38727	19.0692	0
-19.8398	-6.67943	0
20.3839	0.134023	0
18.8105	3.2836	0
8.65135	17.7606	0
-20.0585	-3.14268	0
16.2688	10.5203	0
-10.9504	17.551	0
-19.4276	1.11043	0
-11.4146	-16.1209	0
15.932	-10.941	0
-16.0235	11.101	0
-10.8168	-16.5951	0
15.8009	-10.7105	0
-20.2974	-1.41415	0
9.95191	-16.952	0
11.7138	16.3611	0
1.69825	-19.416	0
-19.0324	1.48321	0
13.7123	-13.7957	0
-16.2241	11.8241	0
19.9157	-3.08047	0
18.1376	-6.81956	0
17.4075	-9.80384	0
10.3833	16.0105	0
-14.5046	14.7919	0
-6.5948	18.5724	0
2.89349	19.0786	0
17.2717	-10.2529	0
-12.4972	-14.4665	0
20.084	4.40915	0
18.6488	6.10217	0
12.0393	15.1361	0
-5.15769	18.833	0
19.3727	5.30621	0
-3.98036	19.6828	0
-19.895	5.12137	0
9.44601	18.1724	0
3.95563	-18.8132	0
-8.94862	18.2422	0
16.2626	-12.5925	0
8.99944	17.702	0
10.1999	17.4123	0
-20.6859	2.96208	0
-15.176	11.486	0
-12.2055	-16.7324	0
-19.776	4.71303	0
18.81	7.01317	0
-4.10529	18.9978	0
-12.1995	15.6549	0
-16.357	11.0167	0
-4.63081	20.1827	0
20.2606	-0.0374065	0
4.10577	20.018	0
-0.0285752	-19.5694	0
-8.55381	17.4193	0
19.5249	-0.625743	0
20.1993	1.36697	0
9.74152	18.201	0
16.7442	11.3261	0
-20.5837	-0.828625	0
-11.4507	-16.6068	0
15.3557	-11.7599	0
12.7028	15.5412	0
-18.8987	5.67068	0
-2.30444	19.7881	0
13.6074	13.9314	0
-19.794	-2.03911	0
14.0498	-13.8101	0
-19.5211	5.47588	0
-18.9944	3.70644	0
20.7067	0.286489	0
4.23125	19.6794	0
13.9045	-14.7184	0
-11.1857	16.5699	0
14.4917	-13.7506	0
8.68326	17.8651	0
-18.5247	6.86775	0
15.0574	13.6635	0
-8.66952	18.2003	0
13.5313	13.7965	0
-13.5004	-15.8256	0
-16.1274	12.0408	0
-17.672	9.41201	0
1.74177	-19.4201	0
20.4118	-3.6544	0
-15.4273	12.03	0
-7.10686	17.7417	0
19.8739	-5.53152	0
17.8128	-7.0768	0
12.989	-15.5036	0
-7.77382	-19.3148	0
-19.7657	3.90961	0
-12.8524	14.7545	0
-18.5407	4.48194	0
-20.9404	-1.04062	0
-10.0003	-18.1951	0
-13.1193	-14.265	0
19.3981	3.0588	0
-15.2344	13.3976	0
5.70378	20.0034	0
4.45776	-19.1425	0
19.7639	-2.38921	0
0.667352	20.6323	0
15.7067	-12.3959	0
13.6236	-14.4491	0
2.98648	20.5146	0
-0.52914	20.7382	0
10.1146	17.5332	0
-8.68402	18.965	0
-0.93613	-20.487	0
-20.896	-0.968282	0
18.351	5.34122	0
-11.8876	16.5118	0
19.8273	5.15499	0
-10.107	18.1623	0
-2.8741	-20.2678	0
8.07475	-17.6881	0
-7.69741	-18.873	0
18.8676	7.18086	0
-2.75978	19.4166	0
-12.044	14.768	0
11.7298	15.4538	0
-17.1776	-12.0149	0
9.13456	17.6102	0
20.3246	-0.280923	0
-20.1793	2.95285	0
19.1805	-3.85259	0
10.7598	16.9621	0
9.23526	-17.9491	0
15.2407	12.8639	0
-19.6144	-1.52571	0
6.48454	-19.5823	0
16.6926	12.3636	0
-6.78482	18.0332	0
-5.50387	-18.8371	0
-16.8014	-9.35647	0
6.43307	19.8836	0
-12.8398	14.6478	0
-18.8189	6.45057	0
-19.4925	3.66628	0
19.4212	-0.395773	0
-7.41005	19.3223	0
-20.469	-4.49909	0
19.2573	-0.412503	0
-1.2283	20.3174	0
-8.28848	17.3092	0
-12.4979	-15.497	0
-2.31875	20.2204	0
-15.0919	-12.1173	0
-4.19844	19.0378	0
7.07597	17.9685	0
15.3258	-11.4235	0
12.651	-14.8203	0
-17.8701	7.88392	0
-20.0605	-3.32766	0
7.53518	-18.4626	0
4.10077	19.547	0
-7.13905	19.6753	0
-15.3462	11.397	0
19.1983	-1.6781	0
12.8268	14.063	0
-19.0263	-1.60496	0
-9.96612	16.9529	0
-12.7894	-15.8214	0
-19.1465	0.509954	0
-16.2387	-10.197	0
-6.54594	18.8227	0
19.9458	-0.823546	0
19.6622	1.6355	0
-5.72047	18.5282	0
18.8577	-7.49978	0
-17.4015	8.38835	0
-12.2572	15.3374	0
-2.43563	19.5296	0
19.4267	-0.27269	0
6.87478	19.4708	0
-18.8116	-7.19472	0
-5.13636	20.1728	0
4.16402	20.3146	0
20.8027	1.20671	0
-16.3515	-11.1471	0
-16.2135	-12.4453	0
-7.36176	-19.27	0
18.7313	3.62973	0
-6.69787	-19.1778	0
19.726	-4.11512	0
11.4979	-17.4478	0
7.96068	-19.1848	0
10.0215	17.2657	0
-3.67971	-18.7191	0
17.052	-11.7495	0
-19.0233	-3.54268	0
-6.53446	-18.6115	0
6.4337	-19.0616	0
-20.2339	4.14011	0
14.3291	13.1048	0
-17.5444	-7.59788	0
-4.76852	18.8433	0
14.635	12.8666	0
1.96898	-20.779	0
0.746929	19.76	0
11.3901	-17.0456	0
-10.0924	17.7902	0
-14.0944	-14.4218	0
-7.82742	-18.9111	0
2.64535	19.3163	0
-11.1497	-15.731	0
7.88814	-17.7123	0
1.36227	19.2566	0
-8.35717	17.1789	0
2.56348	-19.9767	0
1.30686	19.1349	0
-14.2382	14.2599	0
16.6139	-10.5383	0
-2.09024	18.998	0
14.3745	15.0485	0
-19.1891	4.71433	0
-20.1967	4.39015	0
19.7169	-2.65989	0
-9.02609	-17.9835	0
18.9155	6.3339	0
-17.3347	-9.10951	0
-9.28583	-17.3934	0
7.54836	-18.8204	0
-13.0499	-15.0292	0
11.4486	16.5338	0
4.14269	-19.454	0
2.66093	19.2382	0
17.4306	11.6746	0
19.1596	-6.67439	0
-14.4931	-15.0305	0
8.36424	17.3443	0
20.3039	-0.102924	0
1.16078	-20.3074	0
-15.7025	11.0651	0
14.3766	-13.8178	0
0.854434	-20.1662	0
4.1566	19.5463	0
-19.6076	1.74653	0
16.5104	-12.8105	0
9.94049	18.2228	0
-16.061	11.3491	0
-19.6106	-0.586649	0
-13.7184	-15.563	0
-15.4469	11.8017	0
16.6235	9.91456	0
3.92268	-19.5604	0
18.4488	-7.23543	0
19.1936	-1.55282	0
-3.74654	-20.3601	0
-0.38125	-20.2822	0
-20.0795	0.645551	0
-17.3975	-10.2551	0
-10.7892	16.7839	0
-18.4792	9.91477	0
-19.448	2.32377	0
20.1191	-6.00609	0
-14.4304	-15.0087	0
-6.10624	19.5604	0
17.8793	10.0413	0
6.0921	-19.2065	0
-20.0011	-4.04705	0
-8.12701	-17.8907	0
1.80878	-20.6658	0
9.04903	17.5413	0
15.2839	-11.6609	0
-2.19819	-19.5125	0
7.38222	19.5469	0
-13.016	-15.8672	0
19.9739	0.583854	0
8.12039	19.0659	0
-12.2523	-15.7922	0
-4.30968	-19.162	0
13.5389	-14.7145	0
20.1148	2.93218	0
-11.264	-16.9673	0
15.3219	-13.6199	0
-13.733	14.0323	0
2.08353	-20.4537	0
-15.464	13.4906	0
-4.63881	-20.1652	0
-19.2275	-5.68737	0
-15.2224	-13.2633	0
19.1331	-5.05477	0
14.4101	-13.8857	0
-5.58038	-19.5879	0
-0.646172	-20.4617	0
-10.4468	-17.8603	0
18.6876	9.16794	0
-5.91198	18.1141	0
17.45	-8.63904	0
14.2147	-12.6625	0
-17.0767	9.67441	0
-17.9962	-7.01258	0
0.18967	20.9069	0
16.7334	11.8898	0
-14.2122	14.9706	0
17.8508	-7.35632	0
-16.0131	11.0941	0
10.9449	-16.9212	0
3.11896	20.6864	0
3.77507	20.5883	0
17.2393	-8.87894	0
-13.4134	-15.0329	0
-20.4016	-3.6539	0
-17.1494	-9.38257	0
-3.53319	19.2421	0
-6.49907	18.6392	0
19.5818	-2.09909	0
16.0739	-13.2944	0
16.1245	-11.0584	0
-18.3802	9.02557	0
-17.9007	7.93463	0
19.468	-4.68985	0
-7.92099	-18.1401	0
-19.0864	-4.68736	0
-4.95664	20.2818	0
-0.675167	-19.3094	0
-17.239	-11.598	0
-2.84824	-20.4796	0
7.32674	-18.8097	0
-3.64449	-20.012	0
0.369546	20.1096	0
19.0559	0.463431	0
20.5118	0.461726	0
-16.7088	-9.57196	0
-13.3179	-15.8659	0
19.3575	-6.67028	0
-16.1441	13.1525	0
14.5803	-13.6043	0
-0.919579	20.5282	0
16.9113	-10.4261	0
3.08788	19.2096	0
-5.90493	-19.1279	0
18.9291	-4.40682	0
10.6035	15.9371	0
-10.304	16.3994	0
-15.1882	-12.6584	0
-9.77292	-17.2343	0
7.62692	18.6048	0
-20.1935	3.33371	0
-19.4042	4.73028	0
-9.12535	17.0865	0
15.9749	-10.395	0
10.7111	-17.0934	0
-19.7283	2.18251	0
3.36848	20.3441	0
-19.2299	-5.95354	0
13.5619	-13.6532	0
-7.01082	17.9431	0
1.735	-20.3953	0
18.9475	6.94033	0
-20.244	-3.13464	0
11.8062	16.7166	0
1.94878	20.7103	0
-12.2125	15.7134	0
-8.49821	-18.6066	0
17.321	8.31652	0
-12.6837	14.3394	0
-18.5968	-6.93483	0
3.0898	19.1781	0
-17.0356	9.4397	0
-13.7009	14.0153	0
-3.93739	-18.9576	0
-20.3476	4.19124	0
-14.4214	-12.6441	0
2.93294	19.1156	0
-8.42451	-17.3989	0
-3.97216	-19.5935	0
-9.51631	17.9039	0
-14.2465	-13.8952	0
19.6612	-0.440278	0
-20.0903	0.305993	0
-6.13488	19.1546	0
5.6893	18.648	0
11.5247	-17.1121	0
18.1849	8.7103	0
20.3017	1.44584	0
11.7067	-17.3363	0
14.0069	-13.1856	0
13.1049	14.4223	0
16.8157	9.86332	0
-19.906	1.30461	0
19.5499	-7.25081	0
1.41522	20.4315	0
-5.09	19.3543	0
7.21404	-18.1047	0
-19.0481	-6.03462	0
-20.1078	0.657741	0
-14.052	14.9347	0
11.1245	-15.4707	0
-8.44769	18.7213	0
10.0339	-18.3208	0
-16.5814	12.8051	0
-12.2597	14.6142	0
-15.4839	12.4181	0
-8.97725	-17.6408	0
-5.25037	-19.4952	0
1.92455	20.2185	0
-3.03658	-19.9653	0
-19.967	-5.03809	0
-19.4711	4.44254	0
-16.4991	-12.5927	0
-20.1312	-1.60956	0
-8.40039	17.1012	0
-18.075	-8.14278	0
-19.0874	1.85223	0
20.574	-1.81856	0
10.9116	-17.1003	0
-19.3259	7.10049	0
-7.25959	-17.6362	0
-18.8676	-9.20907	0
14.9186	13.0388	0
18.0279	-9.47745	0
2.55227	19.9562	0
-11.0058	16.3772	0
14.2405	14.352	0
14.2738	15.098	0
0.383059	20.3525	0
-17.6394	-10.0727	0
-19.9446	2.33242	0
-0.0607233	20.5205	0
18.1029	-7.5668	0
19.1522	-7.54799	0
9.04832	-17.2899	0
0.944213	19.1561	0
-8.70354	18.5124	0
18.4329	-9.06381	0
11.7801	15.6044	0
15.1313	13.7017	0
9.88829	-17.1883	0
1.06145	-20.6716	0
-2.20401	-20.3864	0
-14.4994	14.4779	0
-17.8462	-11.0621	0
-16.2218	-10.7327	0
-8.30828	-17.1285	0
-19.6009	-3.73759	0
19.0992	0.276561	0
-10.4994	17.3642	0
-14.1153	-13.4611	0
-19.0692	-4.67641	0
-19.3788	3.02375	0
-3.54473	-19.1121	0
-18.4389	7.56358	0
-14.8391	-13.5279	0
-16.2704	11.4324	0
7.48386	18.1483	0
-13.5771	15.8585	0
-11.8171	-15.8645	0
4.58466	-19.8921	0
-11.0951	17.6577	0
-20.5121	-1.28659	0
20.1954	-1.37519	0
-17.986	7.22846	0
-9.36871	18.4607	0
10.8238	-15.8588	0
-5.84332	-19.1554	0
-19.7693	-1.03142	0
16.7971	-10.614	0
16.9244	-8.9794	0
-19.073	1.70872	0
16.9221	11.3172	0
14.602	13.5564	0
17.8848	10.5617	0
-13.7318	14.5611	0
-3.31104	19.5659	0
-17.9964	8.7529	0
-11.8018	16.8873	0
7.72531	-17.7788	0
-4.41195	-20.472	0
-17.0178	-11.9569	0
14.9643	12.2825	0
-16.7661	12.5285	0
-1.88572	19.4486	0
-18.2638	-8.21814	0
18.3383	5.29155	0
7.47026	17.7705	0
11.5113	-15.5368	0
-11.7212	-17.2023	0
14.7486	-14.1256	0
-0.13767	-19.2752	0
13.7286	15.5328	0
-18.4279	4.90668	0
-20.6869	-1.09995	0
-2.91386	20.3579	0
18.4624	8.08672	0
-5.26751	18.3564	0
-5.93316	19.5735	0
-5.55284	18.3552	0
-14.6367	13.5937	0
16.6098	9.53555	0
-18.0847	10.4756	0
-6.44274	18.1349	0
-16.0522	12.2376	0
-16.7004	12.7021	0
-1.33242	20.1174	0
5.68019	-18.2998	0
8.01825	-18.5438	0
16.9946	11.9999	0
-9.06427	17.7735	0
18.2496	-7.17089	0
3.04903	20.6777	0
11.1071	-16.7112	0
19.0576	1.7709	0
10.3346	16.7311	0
-0.490733	19.4417	0
19.8816	-2.43198	0
-18.0558	-6.17689	0
-12.5374	16.0138	0
7.6466	-18.6999	0
-3.9989	19.1871	0
0.532205	-19.618	0
-18.4968	-9.21853	0
-11.7137	-15.9651	0
5.0515	19.6079	0
-0.246194	19.1564	0
-16.6105	9.66811	0
-16.8229	-10.4291	0
-20.5879	-2.93811	0
-19.5719	6.68624	0
10.6554	-16.856	0
16.2541	10.2683	0
10.8881	-16.4164	0
15.4194	-11.7602	0
18.5379	-4.90836	0
17.1467	9.1463	0
18.2878	-5.28543	0
-15.9386	11.9082	0
19.9005	5.94847	0
4.93949	-20.367	0
0.032271	19.8925	0
16.75	10.1297	0
-6.67325	19.6086	0
3.77374	19.7477	0
-3.36394	-20.511	0
-19.3576	3.79748	0
14.4282	-14.9014	0
5.54592	-19.5999	0
17.4976	9.45843	0
-16.8107	-11.9472	0
-18.2457	-8.02502	0
-0.255523	20.2693	0
-15.8014	-11.8711	0
3.93042	-19.4005	0
-18.4479	4.76594	0
16.8652	10.1748	0
14.8577	13.6227	0
19.2287	-1.25959	0
-1.48202	-19.9814	0
-16.4987	-10.5683	0
-19.0028	-2.27263	0
-17.8945	8.35891	0
17.827	8.17885	0
-5.47976	-18.9258	0
1.6089	20.8314	0
10.8095	16.825	0
17.6017	-8.16456	0
8.99731	17.5082	0
-12.2294	17.0632	0
16.9891	-12.2074	0
18.3941	-7.05567	0
8.25939	-18.1634	0
16.082	-12.4054	0
20.8073	-0.285421	0
19.8731	-0.832859	0
18.5396	5.32575	0
-2.8533	-19.9873	0
-19.4967	3.2097	0
19.8192	5.79056	0
-17.9074	6.69802	0
-19.0918	7.80238	0
1.26854	-19.2225	0
-13.4673	-13.9804	0
-19.504	3.89759	0
-15.0056	-13.6366	0
8.77999	-18.3127	0
19.078	-0.0122227	0
17.2696	-9.21857	0
-7.72878	18.1464	0
14.6729	-14.2026	0
19.5017	2.33492	0
-20.3308	1.48337	0
-16.0198	13.1997	0
-4.90927	-19.5827	0
-2.15718	-20.181	0
3.18925	18.8105	0
-18.7332	9.4072	0
18.1921	-10.0821	0
5.65455	-19.3051	0
-16.144	-11.3743	0
0.223981	-19.6093	0
9.41073	16.775	0
19.3038	4.67818	0
13.3688	13.7566	0
19.9247	1.21655	0
9.55285	-16.5625	0
-19.5948	-5.05638	0
-0.519671	19.4896	0
7.24564	-18.5422	0
-17.0764	12.0299	0
-18.1318	-8.78416	0
-14.3195	-14.4338	0
-15.958	10.9417	0
7.63892	18.0715	0
-15.1424	-12.5168	0
-0.759402	-20.1618	0
4.56383	18.7705	0
4.75336	-18.5898	0
-19.0709	1.05952	0
19.5299	7.37623	0
-15.8991	12.2999	0
-18.4842	5.71555	0
16.5691	12.7333	0
-18.0083	-8.61126	0
20.4014	4.68585	0
-6.48181	18.5331	0
-6.37761	18.4311	0
18.3195	8.75613	0
-19.6271	-1.55418	0
-7.09735	-18.1	0
-12.0388	17.1248	0
16.5956	-10.7245	0
-9.38119	18.4434	0
-19.8561	4.32553	0
-10.5471	17.5658	0
0.586442	-20.1397	0
7.24162	17.7991	0
7.58501	-17.729	0
-2.99355	-20.3187	0
-19.5361	-3.46685	0
16.8985	9.61275	0
-8.59666	19.1222	0
-18.4578	8.34089	0
20.319	2.85417	0
-3.72032	-19.3086	0
-6.8692	19.43	0
-20.7014	-0.508262	0
18.5169	7.46426	0
17.2675	8.59454	0
-20.2178	-3.1376	0
-14.7986	-13.9303	0
-6.79519	19.8513	0
9.5825	-16.4655	0
-19.677	7.25982	0
15.8172	13.131	0
-17.9531	-7.62564	0
18.435	5.18019	0
14.4252	-14.5871	0
17.3497	9.2417	0
-18.8956	6.68869	0
-12.6399	14.9471	0
-20.0953	5.24943	0
3.91013	20.4392	0
15.6433	-13.1462	0
-1.25071	19.9201	0
-5.28871	-18.417	0
-19.0838	-2.3149	0
-18.2694	-6.85873	0
20.2332	-4.15897	0
8.1186	17.8784	0
5.01165	19.6242	0
-15.2641	13.6094	0
16.079	-11.9931	0
-18.8795	-5.02754	0
-9.11065	17.7334	0
16.8952	12.219	0
-2.713	19.3285	0
-2.67059	20.7632	0
12.0987	16.8443	0
-14.5601	-13.1513	0
-20.106	4.85621	0
-4.85042	19.2799	0
17.5845	-9.58736	0
-19.3219	-2.4214	0
17.2981	-9.44252	0
-1.46305	20.5532	0
-15.3544	12.9366	0
-20.4758	-3.09509	0
-19.3186	-8.22035	0
-16.8738	11.4949	0
-19.4048	-6.02676	0
2.75715	-20.2347	0
-15.5038	-11.438	0
5.0399	-19.9995	0
-4.70962	18.9125	0
16.9886	8.51356	0
-19.728	2.87932	0
13.8132	14.5825	0
18.2407	7.28489	0
-13.1325	14.8884	0
18.9875	5.63726	0
-0.109476	-20.6428	0
13.996	-14.7985	0
20.1106	5.55844	0
-14.3037	14.6592	0
-14.7774	-12.4517	0
19.7452	1.6871	0
20.044	0.672853	0
0.0101695	19.6517	0
-14.8444	-14.7476	0
-18.7561	-5.59109	0
-3.14519	-20.3059	0
-10.7951	17.2659	0
-6.6151	-19.126	0
14.647	12.1517	0
-9.1412	-16.7615	0
-20.4361	1.87112	0
14.4575	-14.8783	0
-0.755995	20.1039	0
15.6395	-12.1059	0
-5.56727	-19.6468	0
-18.2186	8.58865	0
-17.822	-9.73895	0
7.46463	-17.8333	0
18.7344	5.12361	0
7.67077	18.1306	0
-19.9744	-1.06239	0
-19.5143	-6.00314	0
12.9784	14.6413	0
19.2095	2.6044	0
-4.71535	20.142	0
19.8094	-1.16683	0
5.94162	-18.7094	0
-9.04366	-17.3661	0
-16.5298	11.7083	0
17.7898	8.89329	0
9.88238	16.5199	0
20.2952	0.801764	0
-19.3575	0.824373	0
-18.8144	3.78709	0
3.29173	-20.0903	0
-18.1648	6.50285	0
0.512036	-19.0374	0
-11.0308	17.3625	0
13.4696	-14.6373	0
9.28303	-17.8106	0
6.92982	-19.7047	0
-6.11345	-19.1788	0
20.0907	-2.14652	0
13.6298	-15.0043	0
18.1529	-10.3428	0
20.1242	-2.5862	0
-18.0134	6.78775	0
14.5745	13.6506	0
-10.391	-17.1762	0
-14.3135	14.8064	0
4.21251	19.904	0
6.84052	-17.8267	0
6.55521	-18.5515	0
9.78764	-18.0235	0
10.0835	-17.3871	0
-10.4028	-18.104	0
19.3193	-1.85025	0
-15.6163	11.286	0
1.1605	20.937	0
-17.5818	-8.92506	0
-20.4787	-1.11535	0
17.9948	-6.94396	0
16.9963	8.66758	0
-10.348	16.8958	0
10.0168	17.6134	0
19.4298	4.00833	0
20.0214	-2.71972	0
18.8518	-4.66695	0
9.18994	17.0086	0
0.697226	20.1278	0
12.5871	15.0896	0
-9.64825	18.0682	0
18.6762	-7.22828	0
-18.0992	-7.62801	0
17.2824	8.54753	0
-19.8568	-4.23105	0
-3.10248	20.4052	0
18.5019	6.88283	0
-18.6014	-5.30326	0
-16.6518	11.3501	0
-19.1709	1.96959	0
-12.2877	-15.1337	0
-19.0675	5.34476	0
18.5284	-9.13313	0
-12.3482	15.7063	0
5.07949	-19.0946	0
3.45573	-20.0731	0
9.8372	-17.0012	0
-18.5242	6.08559	0
20.4294	3.12339	0
-14.2328	13.3665	0
-20.1632	-2.64792	0
-15.9432	11.0939	0
13.9461	-13.4029	0
2.27271	20.6382	0
-19.2037	-4.24405	0
-16.35	12.5421	0
20.4509	-3.17474	0
1.4402	19.6751	0
18.5621	-5.96677	0
-5.21162	19.0047	0
13.1424	-14.087	0
-12.1031	-15.4497	0
1.81512	19.7136	0
-6.05093	19.1835	0
-0.50877	20.0258	0
-11.1068	-17.3546	0
18.6876	8.892	0
19.6483	4.57509	0
-17.7615	7.96009	0
-0.0479109	-19.4787	0
-11.8583	15.3108	0
9.68017	16.4503	0
-17.9566	10.3339	0
-11.7993	-15.2401	0
17.3904	-9.56027	0
-1.40561	20.92	0
0.707666	19.5497	0
-17.8923	-8.42253	0
19.376	-1.73785	0
-19.2937	0.683705	0
-16.9515	9.05285	0
19.5324	-7.5685	0
-6.48765	19.5993	0
-12.0301	16.6191	0
6.65738	-19.1255	0
-19.634	5.7452	0
9.10907	-17.3948	0
19.4291	3.30462	0
15.0269	11.7417	0
20.8121	1.53832	0
18.2169	-9.25326	0
16.1019	-13.2952	0
-19.0849	-2.24507	0
-19.603	-1.02466	0
-12.3671	16.8299	0
-1.25109	-19.0033	0
-18.5391	-4.90988	0
14.0337	14.0273	0
-13.4245	13.4995	0
17.9407	8.77988	0
3.69107	20.5001	0
-10.9868	16.4986	0
-13.5425	14.8588	0
0.919945	-20.6512	0
19.599	-1.76677	0
-17.6939	-10.2643	0
-17.7433	8.40756	0
-5.30997	20.1409	0
-3.52451	19.2969	0
-10.3491	18.011	0
-15.5591	-11.3151	0
-18.6109	-8.68469	0
17.4694	-9.69372	0
18.2371	-6.7834	0
-9.65573	18.2208	0
16.5838	11.1177	0
15.0084	-12.6962	0
-18.7322	4.08696	0
-4.31043	19.6265	0
16.6001	-9.71779	0
-12.0299	-16.2101	0
-14.1339	14.3296	0
10.9974	16.7633	0
8.93086	17.9306	0
-15.1812	12.339	0
-12.4481	-16.2849	0
15.823	-12.729	0
-18.4491	6.75249	0
17.0706	12.1015	0
-15.9035	11.6955	0
-9.83981	17.2735	0
-0.695305	-20.3543	0
-18.0184	-6.30047	0
15.3241	11.4966	0
-6.28009	-19.2305	0
13.9944	-15.1868	0
6.45186	19.538	0
-12.4672	-16.857	0
5.59623	-18.5665	0
-4.83937	20.062	0
-15.4929	-13.7858	0
-15.6136	13.1818	0
-8.07625	19.3487	0
19.1971	4.29226	0
19.4231	5.92678	0
-3.58616	-20.4182	0
-13.5118	-13.6819	0
13.171	16.2976	0
-9.17612	18.1936	0
17.4581	-8.20011	0
2.44434	19.4089	0
-1.86157	19.6548	0
-12.1973	-15.6908	0
20.361	-0.525477	0
15.5137	11.8703	0
-7.6133	19.0173	0
11.575	17.0888	0
-16.7185	-11.1063	0
-4.10631	19.7545	0
17.1363	-8.41936	0
19.7598	-5.32324	0
-11.7527	-16.9127	0
7.24416	-19.0844	0
-18.2229	-9.84187	0
18.8767	-7.0218	0
-3.37758	18.9329	0
-0.943861	-19.5334	0
5.68852	-19.6923	0
-9.29453	-16.9652	0
-1.18034	-20.3169	0
-4.40306	19.5744	0
5.32621	19.0318	0
-2.74321	19.4428	0
8.57527	18.543	0
1.24761	19.0762	0
18.4103	-4.82896	0
20.6588	-2.28432	0
7.69518	-19.0909	0
10.2899	17.2884	0
-16.7942	-12.0971	0
11.2149	-17.6762	0
18.2701	-5.4869	0
16.0884	-10.9771	0
12.0889	16.5596	0
-2.92009	-20.1038	0
19.4906	-6.15161	0
-5.07333	19.5165	0
17.7758	-10.0262	0
-12.415	16.6941	0
3.83617	-19.0662	0
-20.0317	-5.92273	0
-10.646	-15.7392	0
-5.83591	-19.9708	0
8.32281	18.835	0
14.7415	-14.7093	0
-19.2105	4.83062	0
-8.13694	-18.7839	0
-18.0568	9.79841	0
15.1566	-14.2657	0
13.9296	15.5667	0
14.5292	14.7513	0
18.9073	7.5489	0
20.253	0.498542	0
11.4247	-16.1521	0
17.7211	9.49089	0
-14.1274	-14.8817	0
-17.9492	9.33866	0
-4.76878	19.453	0
-11.4224	-16.5237	0
7.76118	-17.6383	0
9.09228	-18.3746	0
19.9674	-2.65891	0
-18.8268	-9.30145	0
0.382446	19.7107	0
10.0225	18.1528	0
6.8552	-18.6464	0
-7.35631	18.7182	0
-15.0199	13.2639	0
20.1628	-2.03783	0
-18.666	-6.86168	0
7.82509	-19.042	0
-18.4988	-7.77178	0
15.1029	-11.9269	0
-8.72651	-18.8818	0
-19.9666	0.975424	0
18.5622	-6.31753	0
-17.0346	8.80236	0
-0.696017	20.1833	0
19.5809	-3.55912	0
19.1854	5.34107	0
18.9653	7.7057	0
-17.9274	-7.93575	0
-15.8752	12.9313	0
7.84704	17.9995	0
7.17635	-17.9125	0
19.3744	2.8795	0
18.4358	-5.0214	0
9.19168	17.697	0
16.5667	10.1394	0
20.1118	-2.74724	0
11.9676	14.9428	0
17.975	-7.2957	0
1.94187	19.1451	0
-2.90932	-19.8014	0
14.0372	-13.7698	0
-20.52	3.77886	0
-16.5619	-9.81597	0
-11.4687	17.2811	0
-11.9841	16.8136	0
-15.4524	-13.2141	0
17.028	11.4191	0
18.0387	6.86147	0
-5.47433	-19.6904	0
19.1818	4.85852	0
6.54286	-19.9029	0
-12.5254	14.9786	0
-19.3764	-7.08888	0
-18.9518	-7.0486	0
20.8408	0.0375059	0
8.11245	-18.3051	0
-20.1522	-0.554095	0
3.95486	20.1895	0
-11.8422	-14.9574	0
-11.066	-16.8843	0
-20.5685	-4.10606	0
-0.657758	-20.6231	0
-17.8177	-9.97692	0
19.4438	-6.45583	0
-10.7762	17.8908	0
14.728	-14.9591	0
16.5927	9.69783	0
-11.9553	-14.9568	0
18.1701	10.1934	0
5.02782	19.2848	0
-14.4981	14.2069	0
-19.5575	7.36947	0
17.7494	8.78069	0
-11.1263	-17.5909	0
-1.68839	19.6517	0
-20.0898	-3.693	0
19.2842	4.83065	0
20.3622	-4.75608	0
-18.3378	-8.33542	0
20.9058	-0.378187	0
-6.5492	-18.472	0
13.7492	-14.9185	0
-16.7965	-9.95982	0
17.9278	-7.74959	0
11.4566	-15.2847	0
-17.7877	-8.62519	0
-20.0465	-4.7937	0
-20.5559	-2.18556	0
19.0874	4.77121	0
16.7341	-11.4493	0
6.45227	-18.4265	0
-5.84118	-20.1121	0
5.70952	19.4951	0
19.6729	2.37035	0
10.8737	15.7162	0
2.32001	20.5577	0
19.7702	0.812771	0
20.4635	3.68528	0
-19.212	-7.12766	0
-8.03955	-17.3247	0
18.1139	-6.07281	0
4.20907	20.5171	0
14.058	-15.0705	0
18.3406	-5.56597	0
20.5284	-1.0075	0
-4.80299	18.5003	0
19.5491	5.89689	0
-18.4621	9.37039	0
13.1015	-14.7713	0
-19.7887	6.26412	0
2.95146	-19.9896	0
8.41004	18.7166	0
13.1192	15.7678	0
19.2154	4.05625	0
-7.72688	18.6588	0
-1.73071	19.1979	0
7.7907	-19.2096	0
-11.1186	-17.4423	0
-16.708	-10.8754	0
-9.0076	18.5944	0
-17.1261	-9.08326	0
-17.9757	8.01741	0
0.569052	-20.8914	0
-7.4473	-19.0525	0
11.9707	-15.8753	0
-16.3741	-10.4945	0
4.71019	19.3582	0
17.5064	10.0085	0
-13.5465	-13.8209	0
19.671	-1.20378	0
1.90887	19.0643	0
-20.3721	0.95905	0
-18.839	-4.29106	0
0.972469	20.3458	0
17.3569	-9.26423	0
-13.471	13.713	0
-0.0191582	19.0285	0
-13.8479	-14.5363	0
10.1886	17.2694	0
4.40172	-18.8668	0
17.4264	8.92808	0
2.08874	19.1933	0
11.7619	-17.1484	0
18.8036	3.03082	0
8.54935	18.8973	0
-9.71207	-17.1723	0
1.51947	-20.1222	0
19.3887	-3.51874	0
-7.62694	19.0515	0
-16.4876	-12.3877	0
-9.94699	-17.4074	0
-8.41755	-17.0526	0
12.6573	15.9437	0
-6.07154	18.4469	0
-2.25426	18.9183	0
20.0228	-0.27339	0
17.6886	8.2618	0
11.3079	16.1363	0
10.7775	15.8505	0
10.933	-16.1916	0
14.5488	13.3403	0
-13.998	13.8574	0
-0.335664	-20.8437	0
-18.3552	5.73652	0
-17.2653	9.81015	0
-11.7696	-15.3022	0
-14.55	-13.4152	0
-15.3445	13.19	0
-0.40786	-20.4847	0
-13.6539	-14.8286	0
-4.94341	20.2323	0
7.13546	18.9639	0
19.1385	2.09992	0
-6.78717	18.4741	0
15.5299	13.0712	0
19.5424	-3.06055	0
0.69572	-20.0274	0
-17.9084	8.42921	0
8.63658	17.465	0
18.2183	-5.45474	0
13.2566	15.0786	0
-17.9988	-7.65201	0
-9.3052	18.5036	0
-16.4019	11.145	0
-15.2931	-13.4146	0
-11.1447	-17.5332	0
-20.0358	3.38526	0
13.3448	-16.2137	0
-19.8806	-2.5681	0
0.232151	-20.2311	0
19.7438	5.60315	0
8.59399	18.2747	0
19.1213	1.23918	0
5.15682	18.7067	0
-9.8751	17.8603	0
20.7359	0.75961	0
14.3328	-14.5243	0
-15.1434	-13.8602	0
8.13231	18.1868	0
19.016	-3.05502	0
16.2864	11.489	0
9.10245	-17.3761	0
16.4399	-10.0381	0
17.3692	8.13189	0
14.5313	12.5204	0
7.96242	18.6049	0
5.51503	-18.2912	0
-2.07306	-18.9679	0
-13.7374	14.4022	0
-20.1274	2.39669	0
-17.409	10.0318	0
18.7349	3.3907	0
-20.3084	1.22821	0
-14.958	-14.7055	0
-4.28379	-18.8964	0
2.28103	-19.8118	0
-6.07929	-18.5576	0
-0.48107	-19.8616	0
0.675518	18.9943	0
-11.5309	-15.2138	0
-19.3813	3.28298	0
-20.69	-2.29621	0
-18.471	-7.77136	0
11.8401	15.5926	0
18.7875	3.34181	0
13.9438	-13.1515	0
-4.64267	18.7824	0
-10.4811	-16.7837	0
18.3723	-4.94537	0
-19.3398	5.26454	0
14.7202	-12.4491	0
-11.5711	-16.2352	0
-16.7301	11.2383	0
13.0964	13.7727	0
18.1967	-7.02742	0
-3.37032	19.9771	0
9.67916	-16.7589	0
-16.2231	12.0421	0
8.78194	18.3715	0
-9.87854	-17.2189	0
12.6157	-15.4392	0
19.4853	-6.79901	0
10.425	15.9801	0
20.0085	-1.87283	0
-15.5265	-12.6883	0
10.7605	-17.6371	0
-16.1253	11.8324	0
4.47798	19.7439	0
1.0541	-20.702	0
-19.0441	-3.03426	0
-5.05397	19.2609	0
9.37922	17.7515	0
-2.65636	-19.4058	0
-12.2479	-15.0619	0
19.7692	-1.02832	0
-19.0471	8.82626	0
-9.91857	-18.1735	0
-2.43087	-19.0006	0
-20.1206	0.819109	0
-10.8438	-16.9132	0
-5.19425	18.6695	0
-19.6967	6.76986	0
12.4181	-15.5445	0
9.34128	-16.721	0
12.4166	-16.7162	0
-8.29142	-17.3679	0
-11.5994	-15.5021	0
15.4842	-12.4353	0
-20.766	1.81592	0
-2.46824	-18.8851	0
-1.11352	-20.7304	0
9.21671	-17.5045	0
20.5188	-0.344026	0
-13.0428	-15.5732	0
18.8046	-7.33317	0
17.795	-11.093	0
-1.73271	20.6835	0
7.445	18.8314	0
-19.599	-0.333599	0
-18.4459	-5.09887	0
-0.133212	19.653	0
-18.5799	-7.76879	0
-18.7338	8.37679	0
-19.6544	-3.36154	0
14.8403	-12.3065	0
16.652	9.65466	0
2.20195	18.9332	0
3.94567	19.8069	0
-11.6128	16.81	0
2.67765	19.7094	0
-7.12527	-18.9613	0
-8.5093	-19.0425	0
-19.2443	3.67304	0
-20.7494	0.410131	0
18.4373	-6.00841	0
5.18803	18.3245	0
18.4223	-5.05128	0
20.7038	2.9617	0
-20.8638	1.1656	0
17.7853	8.34146	0
-0.336773	19.6936	0
17.6582	8.14599	0
19.4091	0.777553	0
-5.9402	-18.9959	0
5.79766	19.0589	0
6.98165	-17.9285	0
0.61098	19.3616	0
-0.948118	-20.2082	0
14.93	-13.5999	0
11.8244	15.9034	0
-16.121	12.9285	0
-13.782	13.339	0
-9.59035	18.1944	0
-15.4027	13.2422	0
-17.6407	7.8588	0
-13.7803	-14.5377	0
-15.1711	14.0284	0
18.9227	-6.62892	0
-14.4586	13.2905	0
12.5432	-15.2538	0
-4.76069	-18.8258	0
-14.8061	12.2606	0
17.4088	-8.29345	0
-1.77712	-19.6861	0
2.90611	-20.546	0
-11.6504	-16.9057	0
-19.468	-0.891972	0
-2.57608	-19.3113	0
4.32257	19.5281	0
-19.9835	-1.66511	0
19.3172	4.57055	0
5.56793	19.9673	0
-2.26662	-19.3248	0
5.50624	-19.6427	0
19.4383	1.11257	0
-14.804	12.9342	0
-18.1391	9.37021	0
4.16666	-19.8551	0
-11.5668	-15.1772	0
-5.10696	19.0112	0
-19.9475	1.09721	0
13.8225	15.2005	0
-19.3861	-6.5624	0
8.44287	-17.303	0
-1.88579	-20.1751	0
-3.53751	20.3011	0
2.67068	18.9291	0
19.9693	5.59363	0
-19.0678	-5.03873	0
9.75001	-18.0547	0
2.56523	-19.9758	0
19.5382	-5.23554	0
18.4487	-4.92119	0
13.1209	-15.6816	0
-19.4691	2.16187	0
1.7028	-19.5295	0
-19.4872	-6.34449	0
-8.60746	17.0368	0
20.5002	-2.76954	0
-18.37	-6.21339	0
-9.85431	-17.7528	0
-19.0504	1.34197	0
-1.30793	-19.3212	0
-19.7576	1.11514	0
-19.3188	3.39167	0
19.2297	7.32752	0
-8.10685	17.6084	0
-19.3328	-3.0436	0
18.8442	-5.29311	0
-4.25477	18.7764	0
-19.7251	-3.47812	0
-6.21092	18.231	0
1.94756	20.5871	0
18.8267	-4.04604	0
17.9445	-8.93809	0
16.3947	11.7895	0
20.0209	1.51208	0
19.5356	2.73686	0
-2.14898	-19.649	0
16.1191	-13.2812	0
-13.8584	14.8272	0
16.0959	13.3305	0
-16.1426	-10.1946	0
6.23236	18.4125	0
-19.1298	-5.56483	0
15.9124	-13.1587	0
-17.5105	11.5808	0
10.0516	18.4129	0
9.52811	-18.5333	0
13.3902	14.0088	0
-12.3157	-15.9767	0
0.0766536	-19.5746	0
16.4634	11.6255	0
16.124	-11.1164	0
19.7654	6.52817	0
-17.9387	6.40296	0
9.86137	-16.7922	0
-20.2795	-1.69147	0
-18.7875	7.79338	0
-19.8477	6.12512	0
-10.9461	17.0354	0
18.6371	3.74741	0
-20.2887	-2.72784	0
-5.99287	-20.0755	0
-0.967142	19.1177	0
6.87957	19.0827	0
-4.58443	-19.1175	0
-18.322	-8.0371	0
11.3746	16.9708	0
-11.0312	-16.7482	0
18.207	8.47559	0
-13.8588	-15.4123	0
4.10367	20.3743	0
-17.9713	10.8423	0
2.35083	19.7296	0
-19.9262	-5.99339	0
-5.75993	19.4506	0
-5.0753	20.1112	0
19.247	-1.72691	0
7.32867	19.1337	0
-13.3637	-14.7791	0
5.34378	18.8202	0
0.890499	19.9703	0
3.7736	-19.2108	0
15.5097	-13.0855	0
-16.842	11.0706	0
-18.5607	-4.51274	0
5.43477	20.2159	0
6.59282	19.3396	0
15.0151	-14.2054	0
8.70651	-18.6666	0
-15.1422	-11.9197	0
-7.20127	19.2803	0
-10.8123	17.0511	0
-4.30163	-19.5075	0
-1.29475	18.956	0
2.66147	-19.9035	0
9.84559	-18.0477	0
-6.06635	18.3677	0
-1.9765	-20.4789	0
-19.0137	5.98078	0
-0.0616675	20.1194	0
-20.3269	-3.93236	0
-20.0304	-2.76939	0
4.01087	20.2102	0
17.931	-10.0255	0
17.9299	9.24756	0
-10.4293	-16.1659	0
-9.49611	-16.6333	0
-19.8458	6.6766	0
1.18448	19.4256	0
-14.3503	12.9127	0
18.71	-3.88174	0
-10.6936	-16.3644	0
20.0096	-5.68554	0
-8.34977	17.6898	0
9.67993	16.9321	0
11.3386	-17.5021	0
-14.7312	-14.5165	0
-10.2746	-17.7417	0
19.4521	3.02262	0
-4.67675	-19.7931	0
0.532386	19.8087	0
-12.7033	15.2443	0
-16.5432	-11.1902	0
19.1275	-0.468027	0
15.987	12.0814	0
9.79766	-18.1009	0
18.5161	-7.10968	0
-17.6691	-11.2696	0
-19.4819	4.7336	0
18.0514	-7.59795	0
-11.2482	17.6276	0
20.7397	0.029057	0
-15.1053	-13.4308	0
-13.9249	14.8898	0
-20.3491	-3.85064	0
18.0682	-7.47367	0
-15.9315	10.7634	0
-20.5922	-2.01189	0
15.9001	10.8198	0
-19.3837	-3.86242	0
18.6904	-4.90137	0
-17.1518	9.08458	0
-18.9199	7.27421	0
20.1743	1.0808	0
11.8817	-15.1849	0
20.1307	-3.45878	0
2.80369	20.3844	0
18.1739	-9.42238	0
-19.3516	6.73258	0
-19.5514	4.03863	0
15.1786	-13.6764	0
-18.3618	6.32363	0
8.9418	-18.7038	0
-20.0997	-4.5533	0
4.9188	18.5847	0
-2.48123	19.5828	0
-4.64258	-18.902	0
3.76776	20.4684	0
4.86064	-18.7916	0
18.6622	-7.95246	0
-9.37645	-16.6696	0
16.6448	11.2125	0
-9.1692	16.8965	0
-4.9844	20.0025	0
-6.47811	19.2058	0
-3.34983	19.0652	0
16.536	-11.3087	0
-14.8017	14.7022	0
-2.03628	-19.2766	0
-17.1549	11.168	0
-20.1936	-4.58815	0
-19.7313	-0.505587	0
-17.4345	9.19358	0
2.63243	-19.6183	0
-3.53154	-20.2476	0
-15.9857	-10.7104	0
16.3301	-12.999	0
-4.64363	19.8413	0
0.673972	20.4538	0
19.3031	-3.57952	0
20.8243	1.09327	0
-11.2766	16.8889	0
-16.9793	-8.80753	0
19.4512	4.97915	0
-20.3414	0.6998	0
-9.86625	17.4243	0
-15.5497	11.664	0
17.0303	10.2243	0
3.49791	18.9618	0
-18.8538	6.82337	0
2.09734	19.5234	0
-8.44166	-18.32	0
-7.96474	19.1123	0
-19.7352	-0.625913	0
16.5916	-10.6582	0
19.2112	0.167797	0
-11.0994	-17.3607	0
18.7951	6.68215	0
14.2622	-12.5761	0
19.0886	-5.82776	0
9.11598	18.5897	0
-11.6329	16.9409	0
-20.0868	4.91673	0
15.1751	11.9718	0
-17.2831	-8.86	0
18.567	7.13819	0
-19.7901	-3.11318	0
16.154	-10.1398	0
4.812	-19.7759	0
13.583	14.6558	0
-19.1646	2.43661	0
18.4197	9.28802	0
14.8512	12.9071	0
10.8452	-16.7215	0
12.2828	-16.4293	0
19.505	-2.5781	0
-7.64397	-17.5032	0
15.5921	13.7346	0
16.0261	13.2708	0
17.6775	9.65924	0
14.3946	12.5176	0
-18.8958	3.16952	0
-18.3522	7.32628	0
20.2045	0.499881	0
-11.8194	-16.8227	0
19.5443	-1.9675	0
-15.0748	14.511	0
9.39418	18.762	0
6.31933	19.5474	0
-7.47539	19.0204	0
-15.2738	12.2061	0
2.71694	19.9503	0
7.08316	-18.3844	0
18.9499	-5.71285	0
-9.40212	17.1872	0
0.131842	19.3322	0
19.6406	4.69814	0
-20.2843	1.70235	0
-6.99982	-17.7403	0
14.5121	14.9545	0
-11.7984	-17.0608	0
-3.94895	-19.3749	0
-10.8852	16.6013	0
12.6033	-14.232	0
18.1574	-8.59796	0
20.5217	-3.91519	0
1.99552	19.3625	0
-17.5862	-11.3353	0
-9.97388	18.2759	0
15.8517	-11.4374	0
-3.8612	19.4767	0
-20.6113	-1.39879	0
17.1858	8.51131	0
11.6819	-15.6539	0
13.3276	15.3358	0
-13.1487	-14.7901	0
19.7293	0.796294	0
9.10577	17.5838	0
19.9155	-3.29244	0
16.5207	-11.9793	0
-2.03322	-19.3591	0
-19.3465	-7.55004	0
11.9112	-16.6653	0
-20.3733	-1.94054	0
20.011	-0.553056	0
-16.0237	13.5278	0
8.99527	-18.4428	0
20.6803	-2.5019	0
15.2228	14.4234	0
19.5169	-3.79341	0
-0.699934	-19.8175	0
18.4223	-9.8147	0
-9.47308	-17.6319	0
4.98179	19.0231	0
-12.6206	-14.4078	0
-16.4997	11.6466	0
15.6481	11.6254	0
19.9559	3.6452	0
-19.2015	7.01394	0
-15.5446	13.6466	0
19.8605	-3.78479	0
10.7376	-16.1025	0
17.0648	9.82254	0
12.5605	-14.6186	0
20.1437	-2.41361	0
-11.0899	-15.8052	0
-12.2274	16.0077	0
-6.95695	18.1856	0
20.6439	1.29339	0
-19.0801	-7.78389	0
-7.45615	-17.8826	0
-0.360785	-20.4596	0
-13.339	14.9836	0
-15.7376	10.9745	0
17.985	-7.6149	0
-12.1986	16.2329	0
13.3334	14.0037	0
-2.49106	-19.6864	0
-8.11311	-17.6565	0
6.80735	19.1438	0
1.15538	-19.706	0
-0.0507785	-19.2673	0
18.9517	8.69451	0
7.87722	18.051	0
-7.64012	-18.3117	0
19.4907	-4.93563	0
-13.3444	14.2195	0
-10.1502	18.0024	0
-0.488453	20.471	0
16.4682	10.4246	0
-15.5315	12.6665	0
-5.52699	19.6499	0
-2.46142	19.6746	0
14.6443	-12.1444	0
-16.3896	12.0473	0
18.3719	-8.35805	0
-20.6688	0.926545	0
1.9471	-20.2459	0
-7.87891	-18.8947	0
17.0507	-8.66901	0
-18.7557	-6.87826	0
-17.9601	9.79621	0
-12.0855	-15.8152	0
15.0511	-13.5813	0
-12.7564	-15.3816	0
-20.6513	3.08959	0
-4.91759	19.9796	0
19.2713	3.40181	0
-10.7454	16.6753	0
3.61276	18.6652	0
4.58093	20.0443	0
-6.37744	-18.9246	0
-11.0377	17.5248	0
15.8742	12.0349	0
10.5458	16.8952	0
-10.9679	16.9098	0
-11.5309	17.1255	0
11.5925	17.3594	0
-9.84915	-17.3561	0
17.285	10.0789	0
-19.9322	0.608573	0
-8.53471	-17.1971	0
-4.69145	19.5626	0
-18.8688	-3.06985	0
-7.56157	19.545	0
-3.61635	-19.6845	0
16.3817	-9.9886	0
3.55154	-19.0873	0
2.71036	-19.3341	0
-18.2492	-9.62925	0
19.4536	-2.01166	0
11.7521	-16.2327	0
12.5472	-15.7859	0
20.1735	-0.657195	0
-9.3495	18.7732	0
2.76681	20.4117	0
14.1954	14.8962	0
11.7091	15.3533	0
-17.8686	-7.14972	0
3.39444	18.8885	0
-6.78056	18.6342	0
-19.4648	-1.504	0
-1.36262	-19.4837	0
-11.2537	-15.7768	0
-1.95045	-19.8736	0
16.5817	9.71483	0
2.62267	19.9365	0
-0.720515	20.6956	0
9.31393	17.4714	0
-10.4572	-17.9092	0
13.8985	15.0304	0
-19.9878	-5.20066	0
19.8407	-2.93337	0
19.1772	-8.43744	0
0.469202	20.4321	0
-11.8498	-15.2708	0
-9.50041	17.5181	0
16.6543	-9.25966	0
-1.62454	19.5911	0
-16.0871	12.6204	0
-7.56657	-19.3188	0
20.3471	-4.13845	0
-12.0335	16.7586	0
7.88863	18.8728	0
-0.255146	-19.5233	0
4.13812	20.2775	0
16.6231	-9.96432	0
2.01202	19.9893	0
0.414647	-19.6567	0
-1.07975	-20.263	0
15.2387	13.2331	0
-17.2917	10.6981	0
-12.1468	15.2872	0
12.0256	15.5221	0
-7.00003	-19.1549	0
18.77	-5.29267	0
-7.84304	-17.7657	0
-10.1064	-17.2532	0
-20.2684	-4.76032	0
11.4197	-16.8476	0
-6.61897	19.6078	0
1.63213	-20.0854	0
-0.741116	20.9276	0
11.2027	16.156	0
16.9289	11.2707	0
-20.522	2.78554	0
8.64934	18.6897	0
12.2119	-16.5813	0
19.4605	2.8321	0
-20.9599	-1.04288	0
-18.2343	-8.63918	0
-18.5906	8.96108	0
-18.1558	-8.51968	0
-18.8875	4.73206	0
-16.3195	-12.1266	0
-14.5223	-14.0078	0
-15.6797	13.9421	0
-20.2375	5.44628	0
7.98053	19.3891	0
6.08613	18.8646	0
19.2219	-2.05299	0
14.2215	15.0435	0
13.7101	14.4303	0
9.48247	-18.5961	0
9.15711	18.0193	0
12.4859	-16.402	0
8.99949	-17.9408	0
19.1234	-7.75828	0
11.2755	-16.6279	0
-17.5528	-7.97454	0
-16.8724	-11.2536	0
-13.2488	-15.5831	0
12.9656	-14.1443	0
17.3059	9.40165	0
8.48945	-18.1752	0
-18.7927	5.70162	0
-8.81242	-19.0491	0
-2.529	-20.1536	0
19.6884	-4.76594	0
11.1877	-17.4082	0
18.5843	5.86338	0
-0.281946	-19.9461	0
0.757839	-19.1987	0
10.073	16.7641	0
-9.88914	-16.8191	0
16.2147	12.1096	0
11.7725	16.6996	0
-19.0231	-0.8603	0
-20.8436	1.16082	0
-14.8398	-12.3591	0
-17.875	-10.7388	0
16.2331	-11.6466	0
14.6759	-14.636	0
4.55528	-20.425	0
-13.6255	-15.5858	0
-11.1036	-16.6566	0
-9.14424	17.21	0
-3.60217	18.9179	0
15.6341	-13.0825	0
-2.70604	19.6347	0
-13.7528	14.5788	0
-1.70187	19.9325	0
-7.1531	19.6225	0
-13.9587	-13.5124	0
-17.149	-8.22581	0
6.52935	19.9571	0
14.8126	14.7645	0
-20.2485	-5.48932	0
-20.2692	-3.20742	0
10.7017	-17.5606	0
-10.724	17.9797	0
-17.978	-7.13586	0
-13.0347	-16.2104	0
-19.11	-3.99168	0
-19.9362	-5.28429	0
-1.33131	19.9859	0
-7.56902	18.0546	0
17.8403	8.68677	0
16.5458	-12.552	0
-18.3564	-5.92477	0
13.6552	-14.3198	0
19.5564	-2.62061	0
-17.3419	9.03305	0
-2.49925	19.2495	0
19.5379	-1.14001	0
16.7873	-9.08682	0
-18.2282	5.43623	0
7.82461	-18.0869	0
-9.65092	17.0771	0
9.93686	17.0463	0
-18.4828	9.40852	0
-7.48538	18.5163	0
-18.3637	-10.0986	0
1.86994	-19.9471	0
18.0993	10.2386	0
17.2267	11.5975	0
-11.8388	16.9484	0
2.52403	18.9608	0
-15.8542	11.9209	0
20.0266	-1.48354	0
12.1245	16.6456	0
8.28257	-17.3615	0
0.420539	20.1426	0
11.3225	-15.7442	0
12.5465	15.8348	0
1.93418	20.0973	0
-9.42949	-18.6322	0
9.7917	17.7975	0
3.73881	-19.4781	0
7.78728	-19.0316	0
1.32858	19.5874	0
19.7008	-3.37273	0
-16.4011	-12.6559	0
-4.53703	19.9252	0
18.5779	-6.91709	0
-3.12546	-18.8141	0
-4.68686	19.9272	0
18.9076	-3.2543	0
6.1952	19.997	0
-7.29935	17.8697	0
-5.08044	20.097	0
-2.88801	19.615	0
15.7521	-11.2661	0
14.2485	-13.8847	0
-15.5354	12.4069	0
20.2539	0.977818	0
-7.16606	19.2472	0
8.22772	-18.3928	0
18.9534	-6.32728	0
-13.2634	13.6922	0
-13.5693	13.6922	0
19.7531	-6.31001	0
-15.1957	-11.6178	0
-12.5865	-15.9262	0
20.2235	2.79266	0
17.5581	11.1074	0
-3.89164	18.8789	0
20.3494	5.1175	0
11.7392	16.4462	0
0.643277	-20.908	0
-19.0154	-6.27239	0
3.5361	20.4628	0
-14.3648	14.8274	0
1.50591	-20.1415	0
-19.4204	7.47867	0
5.70056	18.6146	0
-6.38665	19.7801	0
-11.1096	17.1742	0
8.21505	19.1861	0
2.4094	20.1706	0
-6.61362	-18.8784	0
-9.85636	-16.3455	0
10.4735	17.1113	0
-15.8966	-11.0972	0
-0.0687202	19.0447	0
-18.9643	-2.57876	0
10.106	-16.3866	0
-19.2679	-3.48152	0
2.37863	-19.2571	0
-15.1032	-12.4653	0
9.38246	-17.35	0
20.1093	-5.70102	0
-17.8164	8.50023	0
17.3519	10.1668	0
17.1822	-8.20178	0
16.9968	11.1351	0
-15.4705	-13.8727	0
16.433	12.0965	0
19.6353	5.46327	0
19.1482	-0.729439	0
11.324	16.4702	0
-2.68643	20.5535	0
-3.91529	-18.6514	0
7.86599	17.5963	0
-13.3805	13.5273	0
-14.638	13.7685	0
1.45153	-19.0741	0
-10.6474	-16.2179	0
1.67797	19.1832	0
1.62247	19.5085	0
-18.9173	8.85287	0
-19.3894	0.611812	0
-18.7825	-7.84278	0
-0.544526	-19.1456	0
7.39126	19.4815	0
18.8687	-3.51382	0
-16.9417	-12.0021	0
-20.244	2.46483	0
1.36213	-19.375	0
-17.0093	12.2738	0
-7.78511	18.8803	0
18.8427	6.39335	0
-20.1094	-0.710119	0
-7.27342	18.6647	0
-10.0763	16.4498	0
-5.50061	19.2353	0
-19.7536	5.63084	0
9.04768	17.4115	0
-14.1515	-13.4145	0
12.7664	14.1935	0
20.7854	0.296037	0
-20.2045	2.60544	0
10.4637	-17.7957	0
18.1836	-6.74677	0
-16.8484	-8.87493	0
-18.6095	4.7693	0
-2.07262	-20.2441	0
18.7077	6.07021	0
12.9044	-14.3179	0
-13.4974	15.7567	0
-2.55689	-19.415	0
-8.54521	18.0387	0
-18.4145	6.04298	0
-17.9345	-9.37689	0
19.7315	-4.72192	0
-11.8733	-16.709	0
20.8176	-1.50224	0
-19.3514	-5.66913	0
15.7743	-11.5605	0
16.7382	10.7327	0
-12.4766	-15.8748	0
14.2048	14.8381	0
-10.2405	17.8775	0
-19.8268	0.617015	0
1.10593	20.9251	0
-7.46268	-19.3596	0
-16.8704	9.67241	0
-17.5073	-9.5014	0
5.32056	18.8019	0
1.34393	-20.4845	0
-15.4376	12.331	0
10.7802	-15.8781	0
20.0307	-4.99585	0
13.6979	14.718	0
15.1328	14.0111	0
-20.6749	-1.94442	0
-10.9244	-16.0201	0
-9.81414	-18.3834	0
17.201	11.2065	0
5.83952	-18.1922	0
0.343444	20.9873	0
-12.0949	-15.8732	0
3.56146	18.7337	0
19.4862	-5.01391	0
-19.9054	3.51471	0
14.8365	14.7309	0
-0.651777	19.6053	0
16.6203	10.9169	0
5.93251	-18.3581	0
-19.5169	6.8841	0
-0.210235	20.9819	0
18.6447	-6.54323	0
-16.9788	8.63501	0
19.2356	3.97351	0
-13.6309	14.9237	0
-18.8283	-2.84018	0
19.1489	2.91005	0
19.0794	-5.31454	0
-19.9161	0.842175	0
9.82145	-18.1711	0
-16.7766	-12.2711	0
18.8832	-5.06053	0
6.27181	-18.8168	0
-19.2901	-5.42624	0
-14.4712	-13.2295	0
-13.1771	-15.6502	0
13.7765	-13.3662	0
8.57381	-17.3251	0
16.2328	-10.8284	0
1.82967	19.0399	0
-19.3357	7.56276	0
19.527	3.47595	0
-16.8419	-10.7624	0
-18.7235	-8.47269	0
-1.03033	19.7503	0
-15.4462	11.8967	0
-6.61884	18.3517	0
-20.3944	3.02796	0
15.5965	-13.0858	0
15.3328	11.3069	0
0.77175	-19.8054	0
9.30988	-17.8482	0
-19.1567	3.41509	0
5.05703	19.9378	0
-19.3673	0.130013	0
18.998	0.704097	0
-8.41465	-18.4696	0
4.9606	19.0087	0
-19.0761	2.68184	0
4.7536	19.297	0
-10.4126	16.1026	0
17.4867	10.5225	0
-19.1569	0.270063	0
9.39886	-18.1007	0
17.4142	9.12202	0
-11.5507	-15.8778	0
-3.76198	-18.6801	0
-19.2708	3.03127	0
-18.7591	5.39327	0
-19.6941	4.72138	0
-10.6466	17.7986	0
-18.7105	-9.43506	0
1.96932	19.5808	0
-13.6687	-14.8366	0
2.20262	19.6496	0
20.3168	-2.35139	0
-4.05119	-19.2647	0
-13.3846	-13.9645	0
-16.6782	12.0146	0
-19.3483	0.67147	0
19.0803	3.64102	0
-20.4207	3.90881	0
16.0274	-13.418	0
-13.5101	-13.6552	0
-14.7941	-14.7559	0
-14.7491	12.673	0
-18.7637	-8.18401	0
-3.70316	-19.1419	0
14.5521	15.1127	0
8.83342	18.9629	0
-5.66645	18.7568	0
-9.59257	-17.425	0
19.7381	4.91771	0
18.9325	-2.48507	0
12.6222	-15.6392	0
-8.39115	-17.8237	0
-16.5039	11.0848	0
-8.72343	-16.9292	0
0.667643	-20.4147	0
8.13822	18.4254	0
11.9288	15.8064	0
-19.6027	2.17647	0
13.0189	-15.5303	0
11.7282	16.4868	0
10.6614	-16.9581	0
14.0688	-14.4043	0
19.743	1.08904	0
19.2501	-0.224385	0
-4.90882	19.7083	0
0.951342	-20.5459	0
12.4068	15.8447	0
19.3697	4.07506	0
-12.7804	-14.9333	0
6.66228	19.1626	0
-0.906274	19.3318	0
13.4898	14.8422	0
13.4638	-14.1475	0
-1.52444	19.3252	0
4.45669	18.5726	0
-4.41451	19.8781	0
18.97	-6.4878	0
17.9254	-7.17701	0
3.45993	20.6019	0
-18.063	7.83771	0
-14.1807	14.2847	0
19.2993	2.76793	0
-2.25387	-19.3298	0
-1.01038	19.8486	0
-8.75245	17.2826	0
-6.79864	19.3934	0
0.881363	20.9181	0
18.5977	4.25542	0
7.40789	19.6302	0
17.6963	9.64609	0
-6.90587	19.4433	0
-13.0911	-16.1715	0
-0.51338	-19.8519	0
8.39731	17.2971	0
-6.38029	-18.8618	0
2.695	-20.3756	0
13.8322	13.3418	0
-19.4844	-1.79079	0
19.9896	5.14111	0
15.363	11.6385	0
-2.42691	19.0363	0
19.9111	-0.0555847	0
3.05772	-20.4015	0
2.6869	-20.1479	0
-6.40787	-19.1746	0
-19.0787	-8.31772	0
-14.9573	-13.2518	0
10.6613	-17.7776	0
-11.0218	17.6741	0
-6.46908	-19.0118	0
16.1172	-12.8096	0
-8.17087	17.9207	0
-9.88712	16.2259	0
-2.0909	-19.8427	0
-12.3041	15.2869	0
19.9438	-1.84152	0
-16.9499	-8.83375	0
12.5348	15.6964	0
0.102455	-20.147	0
-6.24181	19.259	0
16.5214	-10.2386	0
-18.2912	9.29213	0
18.2569	9.756	0
-20.5717	3.43246	0
2.24311	20.1207	0
18.5184	9.59847	0
-4.93092	19.5836	0
-11.2108	-16.0293	0
-8.90962	18.2816	0
-4.96846	20.3517	0
4.04792	20.1145	0
18.9765	5.55783	0
14.355	14.5014	0
7.68354	17.485	0
-4.74587	18.5898	0
-20.1622	5.05348	0
-13.2016	16.0999	0
-5.35274	-18.6642	0
-19.0161	-3.26892	0
-16.1542	10.2435	0
-19.2331	-3.91569	0
-19.2595	-6.69174	0
11.9877	16.1574	0
19.7102	5.93694	0
-9.91587	-16.2283	0
20.1628	-3.00987	0
-5.58026	19.1695	0
-5.00235	-19.1856	0
-12.8726	-14.5733	0
6.60585	-19.1097	0
7.21576	-17.8486	0
19.9009	1.02443	0
0.567364	20.7186	0
17.2363	-11.1393	0
-3.69766	-19.9736	0
18.9813	3.89447	0
-6.84708	18.1342	0
-13.6647	13.7611	0
-17.6813	8.69285	0
7.00026	-18.6453	0
-16.5925	-10.5447	0
-17.6671	8.62361	0
-7.01845	-19.3306	0
16.404	-12.3832	0
-8.34071	18.5818	0
19.5835	2.18878	0
7.19532	18.437	0
-19.4413	6.40853	0
19.8736	-6.25613	0
19.601	-1.53588	0
5.85928	-18.7931	0
1.10217	-20.5997	0
-3.48534	19.2534	0
19.7454	-4.29235	0
-20.5682	3.0815	0
-17.1156	8.89817	0
16.0683	-12.5847	0
-14.7086	-14.3257	0
-20.0805	-0.595972	0
-17.2841	9.55283	0
-15.7934	-12.0118	0
-3.33597	19.9314	0
19.9615	-3.75161	0
13.4871	15.844	0
15.5643	-12.4246	0
-18.3763	7.84436	0
-13.218	13.753	0
-4.07378	-18.8747	0
-10.9627	16.874	0
15.3504	-11.7724	0
2.80827	19.4406	0
16.1969	-10.5647	0
-13.5837	-13.8573	0
-5.00246	18.8462	0
-12.467	14.8975	0
-3.56899	-20.3824	0
-16.7288	-11.191	0
-8.67135	-17.3347	0
-10.4234	-17.1436	0
4.26295	-18.8932	0
-14.6158	-15.0153	0
-16.3267	12.8225	0
-18.9058	-3.21804	0
-6.82261	-18.9711	0
-17.9925	-10.7291	0
-8.21834	-17.9357	0
-15.8066	11.0159	0
9.42448	-18.3305	0
-13.5792	15.6385	0
18.9172	5.66225	0
-16.5754	-12.7892	0
11.1176	15.6353	0
8.3287	17.3669	0
11.7481	-16.3718	0
-11.5209	17.3885	0
-17.2859	-7.94318	0
12.7335	15.1494	0
19.1929	-7.64904	0
7.28546	19.0298	0
-0.993561	19.2804	0
18.1808	6.48721	0
-2.78561	-19.3348	0
-19.5274	3.33603	0
-16.8399	-12.2003	0
-6.93118	18.0853	0
-19.9554	5.84962	0
15.0249	-12.5016	0
2.43603	18.968	0
16.1469	-10.554	0
11.4602	-17.2694	0
-19.2313	-5.11995	0
-16.2252	10.3745	0
-17.3148	8.37724	0
-4.75606	-20.0283	0
-8.79352	19.0303	0
-11.4153	-17.1433	0
-14.1333	14.6407	0
-6.17389	-18.7909	0
15.0271	13.7731	0
4.08462	18.811	0
18.268	7.70604	0
7.28879	-19.4756	0
-0.507782	20.6613	0
20.132	-5.60689	0
14.3368	-13.571	0
10.0124	18.0641	0
-7.75176	18.3306	0
-11.7593	16.9907	0
-11.1164	-15.8118	0
-2.19048	-19.4088	0
12.6945	16.4116	0
7.55932	-18.2839	0
19.5102	-5.71281	0
11.649	-15.4212	0
19.8676	-1.83738	0
-9.21029	17.5354	0
20.3145	-0.830932	0
-19.4458	-3.56193	0
9.44148	18.5864	0
-9.7329	-18.5338	0
-15.9632	-10.482	0
8.02083	-18.7936	0
-16.7619	10.8925	0
-15.8136	12.3148	0
-19.2287	1.35577	0
-12.2063	-16.1283	0
3.90716	20.0094	0
19.8214	-6.70726	0
-12.88	15.2561	0
-0.876009	18.9802	0
-18.4312	7.97266	0
-7.73114	17.3604	0
-1.70865	19.4032	0
-9.62608	-18.1648	0
-17.4852	11.271	0
-8.2981	-17.666	0
-15.4106	-11.56	0
9.44022	17.6262	0
15.6066	12.3213	0
19.9631	2.6165	0
-19.3037	-3.76764	0
0.734639	19.8257	0
-18.8241	5.84889	0
7.39731	-17.8274	0
20.577	0.192664	0
-15.5823	12.5304	0
4.89923	20.1132	0
-14.7647	-12.0626	0
4.03814	19.5487	0
-12.8441	-14.2448	0
5.1043	19.5127	0
14.5727	-14.6908	0
17.4656	-8.44489	0
-9.86512	-17.4947	0
-1.69865	19.4665	0
-19.1947	-5.72263	0
-19.4633	-5.73493	0
-8.58325	17.0863	0
5.82867	18.7766	0
17.6812	11.0706	0
4.31962	19.8741	0
-14.9072	-14.1286	0
17.3048	10.5192	0
9.09669	-18.038	0
19.7787	6.04152	0
-17.9398	7.54207	0
1.93349	20.8322	0
7.19694	19.3837	0
-5.24689	18.6399	0
13.3045	15.968	0
-0.0891147	20.0916	0
1.68474	20.5806	0
10.0479	18.2067	0
17.6256	-10.3476	0
17.9217	7.59673	0
2.80616	-20.7319	0
-18.6499	5.80289	0
16.8874	-9.10948	0
-17.0325	8.72813	0
-16.0752	12.2149	0
-19.9373	2.45559	0
-8.68991	-18.3081	0
19.8109	1.36669	0
-16.5619	-9.59107	0
-6.17835	18.8067	0
-16.8984	-10.9156	0
-19.4462	-7.35518	0
-18.5	-6.87324	0
-17.6765	11.2545	0
10.9355	16.2096	0
-19.4579	-6.72392	0
-10.2218	-16.7862	0
-20.8102	-2.74392	0
18.9808	4.48026	0
11.2968	15.9132	0
20.1078	0.251355	0
19.4707	-4.25571	0
-2.07043	-20.049	0
19.3245	-6.27872	0
-15.473	11.4414	0
6.63471	-18.2319	0
-17.2486	9.64578	0
-5.32892	-18.5432	0
-15.7251	-12.255	0
-6.683	17.9362	0
-17.4459	-9.73792	0
20.8158	2.3664	0
10.2666	-18.0426	0
-11.4681	16.4562	0
-17.7287	-7.41537	0
-13.6818	13.6698	0
-10.989	-17.3006	0
-0.836502	19.2526	0
-14.1289	-14.5797	0
-2.8775	19.4775	0
18.8446	-8.46549	0
-19.7517	-5.2908	0
-14.8874	-12.4826	0
-13.3976	14.2821	0
6.8171	-18.1206	0
12.7631	15.0601	0
20.0209	1.48545	0
18.6728	-5.81233	0
14.0291	14.6757	0
18.1094	6.42045	0
8.70864	16.9173	0
19.7701	-6.30952	0
3.88751	-19.7208	0
0.040901	19.3246	0
-6.4669	-18.2245	0
-3.6484	-20.6597	0
2.53617	-19.6159	0
18.5428	7.28351	0
20.7732	1.37405	0
19.4697	3.29573	0
3.13593	20.079	0
-0.0773682	19.8144	0
20.0696	-3.15049	0
19.3881	0.0387942	0
14.6152	12.2259	0
-8.52926	-18.5586	0
19.3634	-1.46932	0
16.2548	-12.1378	0
13.5148	15.5717	0
10.8497	-16.9899	0
0.505087	-20.8437	0
0.91187	-19.1365	0
11.9772	16.6607	0
9.00162	17.7977	0
-1.03133	-19.962	0
-15.8143	12.1405	0
-8.89182	-18.0594	0
14.7054	12.279	0
5.38926	-19.513	0
-17.841	-7.96593	0
-20.1793	-0.36564	0
-19.6681	-2.02529	0
-9.0422	-17.8053	0
-0.743769	20.9837	0
-20.5643	0.0213975	0
-20.1911	2.1766	0
-8.18397	-17.4408	0
-4.16816	-18.8192	0
-20.5055	1.92608	0
18.6703	-9.00255	0
9.71389	-16.5203	0
13.9326	14.1794	0
15.9296	-12.8038	0
-3.00468	-20.0098	0
-4.93172	18.6241	0
-18.1898	7.05913	0
-19.6034	-5.8584	0
19.0071	-1.04276	0
14.5291	15.0061	0
19.9528	4.9199	0
-20.3758	3.27303	0
-5.27439	-18.5721	0
3.58626	18.7807	0
-13.2904	15.3654	0
19.0601	5.16795	0
-19.4965	1.78554	0
16.6462	11.1149	0
-17.9518	9.81512	0
19.9839	0.0965359	0
-17.174	9.3629	0
-17.0482	11.1504	0
-15.8296	-13.0715	0
-19.5408	-7.55314	0
14.4189	-14.6708	0
4.12641	20.2933	0
16.1408	10.8098	0
-12.7979	-15.5598	0
6.50076	18.2501	0
18.9637	-8.60241	0
12.3763	-16.8086	0
-18.3156	8.0591	0
13.6074	-15.5062	0
4.47614	20.409	0
9.44046	-18.6633	0
-19.5023	-6.61035	0
7.77646	18.0009	0
13.6749	14.8138	0
-7.59612	18.3067	0
-10.4315	-17.3515	0
5.79638	-18.5494	0
-16.7928	-12.0169	0
19.0226	8.14754	0
10.1893	17.253	0
19.917	6.35079	0
-3.6762	18.846	0
15.943	-10.7822	0
-12.766	16.0592	0
13.4221	-13.9999	0
20.0214	-3.2601	0
-9.17518	-18.8707	0
13.6847	15.6342	0
-4.63317	-19.345	0
15.4753	11.5399	0
19.7924	1.11082	0
-16.5214	9.85237	0
-20.2198	0.854518	0
-4.11419	-18.8106	0
-16.6649	11.8394	0
-14.3693	-14.1459	0
-17.3092	10.041	0
-6.5872	-18.2105	0
-19.2953	5.15717	0
-19.3796	-2.8758	0
-1.472	19.7651	0
19.4802	5.46362	0
11.4704	-16.9162	0
12.7416	-15.7337	0
-13.1099	-15.7328	0
-0.0141984	20.5086	0
-16.2683	10.4858	0
-12.8644	-15.3572	0
-8.69232	-19.0318	0
-19.8748	-5.39312	0
2.90951	19.9507	0
-13.0119	14.575	0
19.8874	-4.00928	0
20.595	-1.20483	0
14.7134	12.9135	0
3.38021	-19.2949	0
0.486047	19.3975	0
-13.2102	13.7282	0
-1.21728	20.0136	0
-20.0675	3.12811	0
-20.6615	0.477122	0
-10.9037	-15.8926	0
1.25553	20.5108	0
19.4001	7.83665	0
4.81191	-20.2044	0
0.952874	19.9503	0
-4.29124	-19.4747	0
9.98391	17.7425	0
-6.35773	-18.8608	0
13.8109	-15.0353	0
3.63891	-20.631	0
19.0516	-6.73941	0
-18.4658	7.63187	0
18.3588	-6.72296	0
13.6458	13.4117	0
-2.31169	-19.5965	0
9.19075	18.1889	0
-0.594978	20.5604	0
-19.028	-4.79498	0
16.9387	-9.84568	0
-18.4622	-9.25205	0
17.6694	-11.2641	0
4.28982	20.4239	0
17.6894	8.66335	0
-18.3893	-9.38619	0
10.3806	-18.053	0
-12.5133	-16.1336	0
19.6434	6.67371	0
11.0992	-17.7374	0
15.0124	12.7947	0
-9.37867	-17.9565	0
3.64287	-19.4141	0
-18.5538	-9.2666	0
-16.344	11.0073	0
19.8772	2.83764	0
15.341	11.4211	0
16.1425	-12.8693	0
17.3002	-11.0842	0
19.1534	-6.28149	0
4.11361	20.2883	0
16.3772	-11.9986	0
7.37768	18.8101	0
-14.6918	13.2484	0
-18.4374	6.97016	0
-19.9089	6.19154	0
16.5762	11.968	0
5.38721	18.5716	0
18.528	-8.66764	0
-19.8285	1.34936	0
12.7344	15.4135	0
-15.1597	14.0445	0
2.86745	-19.1774	0
-20.4002	0.370869	0
-16.4828	-11.8821	0
-7.10671	-18.4382	0
-5.80506	19.449	0
0.035155	-19.0864	0
15.0179	12.3662	0
-12.081	-14.824	0
4.75745	19.4244	0
-14.1336	-15.393	0
10.655	-16.1403	0
-18.8711	-6.35977	0
-9.10052	-16.8691	0
19.3149	3.73276	0
-8.73158	18.817	0
-20.3601	1.87893	0
12.1563	15.4061	0
-4.24587	19.6076	0
-3.81613	-19.9583	0
17.025	-11.7723	0
19.2805	-0.829335	0
13.1874	14.4977	0
-16.147	-12.1976	0
-1.28681	-19.8518	0
-12.0758	-14.9458	0
-17.1333	-8.69523	0
-16.1388	11.5148	0
7.14759	-19.1083	0
-18.6578	9.63382	0
9.67376	-17.5617	0
7.05107	18.3187	0
-5.7066	-18.8593	0
16.7645	-11.1695	0
20.0662	-0.757961	0
-3.3532	19.908	0
7.64141	19.0982	0
12.3876	-14.4111	0
-4.89948	19.3851	0
9.58381	-17.1083	0
-19.1903	6.78372	0
-19.2653	-7.02223	0
8.86714	-17.3687	0
19.0487	-6.09172	0
-8.58809	-17.7317	0
1.03738	-19.6703	0
8.93787	-17.0193	0
-14.5856	-13.0449	0
0.607851	-20.4132	0
18.1324	8.45264	0
-20.2518	5.09377	0
-19.9468	5.90307	0
-11.6155	17.3394	0
-18.0867	-8.87312	0
-0.522178	-19.8694	0
11.711	17.2429	0
-17.6685	10.2572	0
6.84103	-19.7708	0
16.5107	12.7403	0
18.7654	8.13318	0
7.44347	-18.1701	0
15.5706	-12.7587	0
10.603	15.9351	0
18.91	6.35048	0
4.67117	-19.8517	0
17.2707	-8.09185	0
-14.7	-13.1896	0
-17.7703	-10.8821	0
8.31484	-17.217	0
11.5342	-15.4188	0
10.2276	18.0261	0
-19.7355	-1.96025	0
11.3499	-15.9863	0
20.1957	-0.554852	0
8.1733	-17.9094	0
10.2946	-17.2535	0
-15.6669	-13.5134	0
20.0715	2.51313	0
19.3131	7.27996	0
-17.781	8.16874	0
-20.6644	0.65933	0
-2.24444	20.1257	0
-6.39776	18.2691	0
-8.35565	19.173	0
-14.1771	14.3152	0
-2.07094	-20.2234	0
13.525	-15.1563	0
-7.45666	-19.0232	0
-5.28733	18.9744	0
-11.7318	15.3773	0
-12.0081	16.3096	0
-15.1646	-12.6649	0
-20.5678	0.26197	0
-19.0591	5.77673	0
11.0143	15.9292	0
8.93412	17.6983	0
-11.9496	-15.4175	0
-13.3653	13.8007	0
-8.74958	18.2801	0
11.1749	17.7463	0
-1.07819	-19.3916	0
15.5315	12.5827	0
-0.849172	19.3816	0
16.5913	-10.9945	0
-19.4974	-0.419288	0
-19.0242	0.0705348	0
1.12607	19.4625	0
-11.3326	-15.4102	0
11.7304	-15.6357	0
4.96245	19.106	0
-14.324	-12.9322	0
2.36145	-19.1418	0
14.3179	-14.8955	0
4.67598	-19.5268	0
-17.058	-9.51769	0
15.3333	-13.6101	0
-14.2643	-12.7265	0
19.3933	-5.80249	0
-19.7028	-2.99178	0
-8.9416	17.4419	0
-19.4463	3.08272	0
19.2732	-8.26722	0
-17.4808	10.8324	0
12.0233	15.7523	0
19.1987	-6.60141	0
-18.553	5.55998	0
18.816	-2.97864	0
20.242	0.469069	0
18.0569	-7.79822	0
-18.3678	7.81169	0
-17.9499	-7.93354	0
-16.8787	12.0907	0
10.0955	-17.8208	0
8.8754	17.4747	0
-9.66056	-16.5915	0
2.50653	-20.4692	0
6.50978	19.2842	0
-15.0633	12.7753	0
-4.63099	-18.633	0
-19.3387	-4.24436	0
-5.49577	19.9949	0
18.3938	7.64166	0
-1.30446	-19.1473	0
-8.57865	-18.0149	0
-17.6764	-8.16543	0
15.5986	11.9791	0
-20.2403	2.45973	0
11.0588	17.7034	0
-4.53799	-18.9403	0
17.4281	-8.10909	0
5.23022	-19.105	0
15.6646	10.9998	0
19.4002	6.35464	0
-20.3543	3.36335	0
12.8918	-16.4973	0
-5.05631	-18.9118	0
13.3278	-14.7544	0
-10.1429	-16.601	0
-1.84482	-20.5857	0
-16.1397	-12.8232	0
-13.6007	-15.3314	0
-17.5795	9.37656	0
14.3169	-13.6845	0
-10.0662	-16.8319	0
8.82331	-17.463	0
7.34663	-19.5162	0
-18.3411	7.94743	0
-12.986	-14.5234	0
13.7094	15.0841	0
-13.1801	-14.7086	0
18.9426	-2.04479	0
3.13007	18.7676	0
7.86347	-17.9013	0
8.38849	-18.1178	0
-2.76179	-19.1844	0
-19.1051	1.78929	0
-18.5799	-9.00609	0
-17.8288	10.953	0
4.56624	-20.0158	0
2.04733	-18.9148	0
14.3444	-12.5754	0
-18.4575	-9.0377	0
-11.4475	-15.3937	0
13.724	-14.08	0
13.2668	-13.8174	0
-4.6122	18.497	0
-19.6132	3.09219	0
9.54876	-17.1718	0
-8.06496	17.5296	0
13.5	-16.033	0
-18.4733	-8.11061	0
-18.098	-9.14973	0
-5.37207	-18.2386	0
-6.81029	18.327	0
16.793	10.5096	0
-11.9273	16.4553	0
-14.1975	-13.3591	0
13.9774	13.3916	0
1.09517	-19.1052	0
-17.2174	-9.82489	0
17.0368	12.0084	0
-1.11956	20.8392	0
17.9975	-6.66009	0
-6.96522	19.4286	0
17.969	-9.80312	0
0.390652	-19.4194	0
-19.7547	5.81914	0
-16.566	-12.5335	0
-1.67315	-20.1531	0
-6.18481	19.2923	0
18.8807	3.32632	0
13.6337	-14.4968	0
-0.0675196	-20.249	0
16.423	10.905	0
-3.08567	-19.3149	0
-15.8001	-10.9403	0
18.7361	6.69744	0
-7.10616	-18.8286	0
13.66	13.2679	0
-12.8603	15.5883	0
4.42836	20.3751	0
16.2962	-10.8875	0
-19.7656	-2.47976	0
7.19646	-19.054	0
-20.4635	3.62643	0
6.27841	-18.2534	0
6.80421	19.0352	0
-15.53	-13.5973	0
-19.0829	2.82819	0
-18.9932	-0.931998	0
19.2008	-2.2011	0
19.6488	-1.99242	0
4.38705	-20.159	0
20.7224	-1.79601	0
2.42276	20.5497	0
19.8421	6.17734	0
-12.7774	-14.6172	0
16.8132	12.1115	0
-12.6903	15.143	0
1.92621	-18.9421	0
-12.9898	16.3239	0
15.0909	12.2893	0
-19.1945	0.605747	0
-1.78054	19.4085	0
9.8272	18.4398	0
-7.22372	-17.9325	0
-14.1722	14.9382	0
-20.1196	3.35626	0
-15.6429	-11.3566	0
7.40375	-19.3598	0
-19.6046	0.764791	0
-19.1129	4.3478	0
-1.81312	-19.044	0
-18.2004	-9.89467	0
-19.3163	-7.51832	0
19.8695	3.43427	0
13.2329	-15.6406	0
-18.4144	-5.64874	0
9.65704	-16.7176	0
-18.6774	9.53791	0
4.66755	19.5734	0
6.59409	18.6071	0
8.56374	-18.4042	0
8.38865	18.4907	0
19.9443	4.93953	0
15.991	-12.1304	0
-19.1341	-7.45646	0
18.8274	-8.22239	0
-1.79922	19.2053	0
-10.974	16.4054	0
13.2987	-14.3193	0
-15.7097	-13.8515	0
11.9384	-15.7578	0
-2.06574	19.2398	0
-15.173	12.9405	0
-1.18888	-19.8206	0
-19.0182	3.51914	0
-8.03471	-18.0871	0
18.6716	7.23877	0
-13.3654	-13.893	0
5.6359	18.5596	0
14.3855	-14.0524	0
4.0253	19.3227	0
18.7219	-4.64435	0
19.1321	0.983409	0
15.9976	13.1984	0
-14.0776	14.3007	0
19.2326	3.17682	0
14.6385	-13.5544	0
16.8509	-10.8757	0
20.0503	2.17559	0
8.19987	-18.2824	0
7.27852	18.1049	0
14.0067	-13.1495	0
19.1068	-7.47882	0
-8.59717	18.1508	0
19.4573	-6.05594	0
-13.9735	-14.347	0
18.8972	-3.93196	0
10.7227	-16.0381	0
-0.258254	20.4283	0
12.711	-14.7421	0
14.6738	14.9132	0
18.7319	7.14844	0
-20.1168	4.02882	0
8.62375	18.8817	0
17.2589	-11.5687	0
-15.8925	12.9958	0
15.6232	11.6056	0
-7.60405	18.1818	0
-19.2835	6.28172	0
-4.64382	18.9953	0
-1.10354	-20.5054	0
19.8438	4.43151	0
-19.0099	-7.18088	0
7.98818	-17.4205	0
-8.32482	17.6458	0
-6.64486	19.6421	0
16.9382	9.54337	0
-18.8572	-3.27228	0
-20.1581	2.56016	0
-15.2982	-12.9917	0
12.4678	16.4986	0
16.3718	-11.5167	0
7.59864	17.4903	0
13.8045	13.926	0
-6.6846	19.5678	0
14.4496	13.4833	0
2.9275	19.3156	0
-0.381812	-19.6746	0
-13.8558	15.7396	0
-10.0985	-16.4634	0
-19.1008	-5.7207	0
-6.21538	-18.1515	0
-20.4832	2.53607	0
4.57421	20.4337	0
-16.2851	-10.7733	0
5.81609	-20.1732	0
6.94069	-18.894	0
-18.2883	-8.73379	0
20.2026	-3.05157	0
-14.0928	-14.9836	0
19.652	-0.727592	0
7.51126	19.107	0
0.369606	19.9097	0
13.7473	13.6643	0
12.6969	-16.0269	0
-11.0904	-15.9937	0
13.5665	-15.1421	0
-14.0849	-15.459	0
19.5132	5.89914	0
17.5977	-11.438	0
-3.58238	20.5153	0
-0.995734	19.4531	0
-17.8453	7.41086	0
5.45389	19.8971	0
-7.80008	17.5103	0
5.58453	-20.0145	0
15.9971	-13.4073	0
-20.2388	0.461413	0
-19.587	-0.429768	0
-5.64719	19.6974	0
19.0083	2.77906	0
-3.31677	20.3429	0
-16.4851	11.42	0
-9.92541	17.8249	0
-16.3108	-10.9352	0
-9.38922	-16.5899	0
-18.2993	-8.50656	0
14.9328	-14.6829	0
13.5061	14.7099	0
-7.66255	-18.4842	0
-12.4043	-16.3137	0
18.7697	-6.6158	0
-18.8778	-9.10014	0
19.2395	4.93046	0
15.3197	12.5845	0
-18.1108	-7.61883	0
-9.95798	-18.212	0
-18.2664	9.88658	0
14.4687	-12.392	0
0.971298	-19.4773	0
-5.82533	-19.2749	0
-10.0263	-16.1765	0
-6.16487	-18.4364	0
-3.95456	19.7412	0
-0.229059	-20.5436	0
-10.2489	-17.586	0
-16.8235	9.87122	0
18.6544	-4.5693	0
18.1073	7.97601	0
-10.8377	17.4991	0
18.9697	6.68385	0
7.16514	-18.2337	0
-19.2163	8.34579	0
0.510172	-19.4426	0
-17.4505	8.00497	0
4.49166	-20.1057	0
-2.64376	-20.1876	0
10.7842	-17.6301	0
13.1021	14.6495	0
-3.47298	-18.7841	0
6.72148	18.9994	0
-16.7925	-10.1492	0
-7.75296	17.3823	0
15.8086	13.058	0
-17.4132	10.3862	0
18.9247	-2.76389	0
17.4438	-9.19934	0
-19.683	3.39608	0
15.5146	-12.3341	0
-3.82048	19.4352	0
-17.9775	8.83657	0
-9.65449	17.8832	0
2.51922	20.7655	0
-16.7708	10.5374	0
14.4705	-12.3745	0
7.87289	18.7266	0
9.18053	17.9694	0
20.3418	-1.88328	0
16.8526	-10.0385	0
16.9741	-11.9619	0
18.2027	-9.20391	0
-0.694014	-20.5903	0
-15.1516	13.4696	0
7.85776	18.6619	0
14.5853	-13.1882	0
-11.6749	-16.2357	0
-7.08017	-17.7992	0
5.76756	18.1717	0
7.84926	-17.5401	0
19.3802	-5.82811	0
-4.38689	18.7387	0
-19.3604	8.04033	0
17.3813	-10.2278	0
10.8351	-17.6417	0
-10.9713	-16.5626	0
10.5234	17.1287	0
-10.0425	-18.2838	0
18.0762	8.59593	0
-3.17272	19.0297	0
-14.2893	-14.7347	0
-1.80743	-19.4232	0
-16.8415	10.4162	0
10.5387	-17.723	0
-11.5863	-17.0396	0
19.4401	7.804	0
-13.3115	15.0351	0
9.63186	-17.7995	0
17.2382	-11.1279	0
-18.2169	-7.84497	0
-19.2331	7.97015	0
3.64492	-20.2126	0
-17.2634	-8.67954	0
-5.42156	-19.5061	0
16.2983	-10.5904	0
-19.8172	-1.38547	0
-17.3443	-9.69843	0
11.9915	-14.7773	0
20.0957	3.55055	0
-5.68968	19.694	0
7.3377	19.3069	0
13.2767	14.3793	0
16.2141	-11.4353	0
19.0555	8.38217	0
8.49935	-17.9801	0
19.7714	-1.19585	0
19.2329	8.1289	0
-18.9652	3.04772	0
-7.94649	19.4188	0
-8.25629	-18.4899	0
-14.7085	-12.3867	0
17.7765	10.3974	0
-5.49769	-19.2272	0
-19.3949	-3.08487	0
14.2333	-14.3165	0
13.7521	14.804	0
-1.72413	-19.7314	0
-1.32958	-20.1656	0
8.13565	-18.7981	0
5.28965	18.7428	0
7.71316	18.8024	0
16.3736	12.7982	0
1.7175	19.7391	0
20.1657	4.40915	0
18.5703	-7.24777	0
9.64516	18.0862	0
-4.1184	19.9083	0
14.7873	13.0515	0
-18.0316	-8.88725	0
2.11941	19.786	0
-19.0162	-2.83588	0
-7.71018	17.8172	0
13.4937	-14.3862	0
-18.4993	-7.79833	0
-15.0383	-12.5238	0
-4.23641	-20.2944	0
-17.3295	9.62368	0
-13.5271	-15.5473	0
-5.65469	18.9501	0
18.9774	4.00215	0
18.7569	-4.17613	0
-11.3107	-17.4202	0
-4.56053	-20.4403	0
-11.8364	15.2835	0
-16.345	10.3942	0
17.0838	10.2215	0
-20.3988	-3.4961	0
0.65227	19.3424	0
-10.1661	-18.2542	0
-1.54007	-19.1285	0
-8.59107	-17.6846	0
-1.53319	-20.5437	0
-16.2396	-12.52	0
-19.0661	-7.09459	0
-12.274	16.7358	0
14.9052	-14.1372	0
15.4291	-11.1743	0
10.5474	-16.7589	0
-18.7755	4.93633	0
6.56296	-18.7423	0
-13.623	15.4353	0
6.92673	-18.4491	0
-7.98314	18.99	0
7.84419	-17.4321	0
14.2327	14.9016	0
-19.6784	-1.70793	0
-19.4121	0.30671	0
17.5163	-11.2665	0
18.4089	8.44578	0
20.1474	0.700474	0
-13.4643	-15.4282	0
13.2821	16.0164	0
10.8255	-16.5807	0
3.53631	20.5337	0
-16.7791	-9.72156	0
14.9418	-11.8532	0
-9.21108	-17.559	0
-8.59562	-18.7426	0
16.1471	-11.6997	0
-11.6926	-15.843	0
19.0179	-1.9434	0
-12.8584	15.4605	0
-16.49	10.3658	0
9.41151	18.5695	0
13.2368	-14.8601	0
19.7611	0.84647	0
-20.4869	1.61622	0
-20.1293	5.42229	0
-19.0644	-3.22886	0
14.2662	-15.3347	0
8.88044	17.3079	0
19.041	-4.42188	0
19.9183	2.23901	0
-3.67896	-19.9122	0
2.34981	-20.6865	0
-19.2808	7.63359	0
6.71478	19.2288	0
17.4113	-10.1076	0
9.0141	-17.4526	0
-14.5824	-14.4741	0
4.08459	-19.8314	0
-16.2908	10.4585	0
16.2144	12.1737	0
19.9092	-2.56734	0
-14.5249	12.3919	0
11.6538	-16.4228	0
5.94972	-19.1585	0
-3.13741	-19.5232	0
-20.6285	-2.37575	0
19.5896	-1.32637	0
1.35682	20.572	0
-2.93176	-19.1597	0
-19.3368	-5.60913	0
15.8718	-11.1869	0
16.4803	-9.72539	0
13.9727	-14.0702	0
19.2023	-5.92193	0
-19.6194	-6.66975	0
-12.6824	-14.5346	0
17.4432	-8.58615	0
15.1453	12.3274	0
-17.7937	-9.95373	0
4.47056	-19.8611	0
6.68068	-18.8411	0
-4.70597	-18.8207	0
14.3521	14.2383	0
9.56703	-16.5877	0
-19.1972	-7.40211	0
-17.0475	-9.33019	0
-8.56901	-18.0329	0
19.2243	7.7608	0
4.79608	19.775	0
12.6904	-15.3887	0
17.2651	9.96241	0
20.68	1.54456	0
-20.4301	2.36503	0
6.82321	-19.7933	0
-14.0898	15.1856	0
20.1887	-2.46321	0
5.00835	19.1754	0
17.7764	-8.48567	0
-12.2039	16.6669	0
-14.1387	-12.9819	0
11.2644	17.3331	0
11.8207	-16.2678	0
-13.7327	13.7236	0
-12.7018	14.3175	0
5.23736	18.6118	0
20.0462	-3.95752	0
11.3048	17.1976	0
-18.8487	-6.82839	0
6.14016	-18.6769	0
9.90237	17.8685	0
-11.0455	-15.8359	0
-6.20138	19.8327	0
-0.319865	-20.687	0
10.82	-17.2359	0
-10.2735	-16.5366	0
-19.372	4.73042	0
-17.9348	-8.98854	0
3.41433	18.7015	0
10.559	18.0505	0
-20.1548	-2.64951	0
-6.56365	-18.6951	0
-9.29417	-18.5776	0
13.3784	15.0784	0
-5.39546	-19.5242	0
-19.0688	-4.58782	0
3.07098	-20.1904	0
14.7195	13.7368	0
-16.9577	-9.51387	0
16.7376	-10.5372	0
2.51945	-19.7265	0
-10.0445	-17.4463	0
14.8581	-12.4605	0
-19.2923	2.53371	0
2.36931	-20.8482	0
4.84373	19.7592	0
20.0894	-3.28199	0
2.47332	-19.9029	0
-0.653365	-20.1881	0
20.4099	0.338698	0
15.1648	12.4851	0
12.9114	15.4935	0
19.8682	5.99859	0
-16.536	11.3053	0
-17.7827	-9.3296	0
-14.379	15.1654	0
18.7976	-5.4518	0
10.0875	16.6064	0
16.2728	-11.1598	0
-11.0603	17.6377	0
-15.6767	-12.3724	0
-11.31	-15.8157	0
-1.30063	20.4405	0
5.15622	-20.0707	0
9.80428	-16.4402	0
16.79	-11.3607	0
19.1689	2.04868	0
19.3482	-0.944446	0
19.0649	8.5373	0
-0.0595617	19.5395	0
19.5846	-4.85095	0
-20.0587	2.4493	0
-2.45244	-19.4241	0
-14.7099	13.7527	0
-2.13431	19.1579	0
16.709	10.9696	0
13.6524	-15.5335	0
16.5758	-10.9322	0
-20.6893	-2.53196	0
-15.2761	-12.4346	0
6.5132	19.3152	0
-9.58805	-17.3237	0
8.43452	-17.8822	0
1.85446	20.794	0
-16.3152	10.7943	0
19.2074	-5.6663	0
-13.008	-14.8578	0
17.8566	-9.49181	0
9.1312	18.3776	0
6.5556	19.5735	0
13.2818	15.1387	0
18.711	5.41995	0
-6.65268	-18.3697	0
-13.1594	14.0154	0
17.0862	-11.2831	0
13.6001	-14.2504	0
11.6302	15.3878	0
15.5088	-12.1929	0
-20.4565	3.82115	0
19.9995	2.94324	0
-18.9642	3.80609	0
-18.3273	8.29148	0
-19.6219	0.654074	0
19.1019	6.31112	0
2.04439	20.6946	0
-0.158498	19.2756	0
0.866272	-19.1059	0
17.2621	-11.3854	0
9.92579	-17.6326	0
-4.60018	19.8971	0
16.2612	-12.4894	0
17.9092	-7.3905	0
18.6747	5.8912	0
2.34947	20.4728	0
-18.9336	2.24129	0
-6.15629	19.5676	0
6.47195	19.4115	0
-3.03612	-19.3585	0
1.7621	20.0408	0
18.6433	6.73647	0
-13.3714	-14.7706	0
-19.097	-8.03144	0
-17.7588	-9.85288	0
-8.50195	18.9344	0
-17.7475	-9.79135	0
18.5658	-9.19088	0
-15.6863	13.7205	0
-2.06631	-20.1915	0
13.2674	-13.9849	0
1.45047	-20.4261	0
15.0027	-13.2892	0
16.2877	11.436	0
-4.08497	20.0981	0
-3.65108	-18.687	0
-17.0572	-9.21404	0
18.0098	-7.08779	0
-4.04753	-20.3892	0
-17.2799	-8.37021	0
6.48978	-18.3628	0
-2.45086	20.3674	0
5.92821	-20.1186	0
-13.3264	15.5033	0
-2.5125	-20.2297	0
10.0396	18.1013	0
11.1979	16.3118	0
-17.9395	7.17769	0
-19.8778	3.73879	0
-4.55543	19.3847	0
-8.41338	-17.7502	0
-19.6983	-7.07424	0
-18.9921	0.690956	0
-13.3989	15.451	0
-1.59056	-19.2537	0
14.6371	12.5852	0
-20.1505	3.47942	0
-10.6716	-17.4826	0
19.6702	-2.3674	0
-17.9596	-10.2874	0
-11.2711	-17.5777	0
-20.24	2.19025	0
0.21516	19.0713	0
-18.7179	6.92609	0
-14.4951	12.4323	0
6.1735	18.3801	0
-17.359	-10.9809	0
-8.84206	18.3396	0
3.18995	-18.8265	0
-13.7133	-13.3231	0
3.87199	-19.069	0
-8.06327	-17.2952	0
-1.60585	19.8015	0
11.0601	-17.344	0
-19.7543	5.36592	0
-6.96639	-19.5385	0
18.135	9.15967	0
-4.24333	19.2522	0
-20.6548	-2.87553	0
-6.582	18.5768	0
-2.54317	19.0657	0
-8.68654	-4.98263	1
-8.5556	-5.93252	1
10.5583	1.39753	1
10.4756	3.16402	1
5.38652	8.21692	1
-3.42679	9.27414	1
-10.3337	-3.26464	1
-8.62679	-6.32338	1
-7.34956	-5.88426	1
-8.50613	-4.39257	1
-8.45392	3.68022	1
8.88809	5.28535	1
-9.51227	0.690488	1
9.45028	0.954601	1
-2.24939	-10.3515	1
10.08	0.681129	1
8.73833	2.82457	1
-5.27519	-8.76039	1
10.3899	0.384028	1
4.62178	8.54812	1
-7.60371	-5.62666	1
7.65882	-5.64579	1
10.6061	-2.39407	1
9.06703	5.58766	1
7.36535	8.06184	1
-9.32072	-0.884674	1
-6.21133	-7.06945	1
-7.3611	-6.73367	1
9.45778	-2.0163	1
9.74265	2.35544	1
5.21231	-7.48702	1
-1.76495	9.25551	1
-1.02183	-9.83582	1
5.32641	7.60829	1
7.35075	-7.82055	1
-5.05524	8.79022	1
1.11401	-9.58676	1
8.42481	5.65218	1
1.80889	-10.6318	1
8.84596	4.84116	1
3.53274	-9.88279	1
6.94103	7.63057	1
-6.82333	7.33409	1
-10.3712	0.71706	1
-4.19557	-8.04876	1
2.32378	-9.2686	1
-8.85461	-5.99703	1
8.35317	-4.86618	1
8.59959	-2.92474	1
-8.94948	-4.8815	1
9.93526	0.0657799	1
-9.26389	-5.00786	1
6.28744	7.07307	1
10.5913	0.818912	1
6.34824	-8.76186	1
-9.91047	-3.834	1
-8.2785	-5.70422	1
-8.32455	5.34856	1
-3.45463	-9.38864	1
1.35811	-9.45461	1
8.4727	-6.22932	1
10.5992	2.11841	1
-9.9269	0.733522	1
-6.99714	-6.91208	1
-4.17535	9.32146	1
-9.13779	-1.96251	1
-9.40749	-3.87631	1
-0.146993	-10.5161	1
-8.99476	-0.960447	1
-9.45674	5.59245	1
-2.34835	9.03678	1
-1.67645	10.8494	1
9.30165	4.33364	1
6.87276	5.86201	1
10.8127	-0.876331	1
-8.51018	3.09976	1
-8.99998	2.93736	1
9.40864	-0.854832	1
0.590726	-9.63459	1
8.93514	-5.24386	1
-9.52081	-0.202206	1
0.67965	10.2858	1
-4.20202	8.40431	1
6.54604	-7.32513	1
1.14134	-9.70177	1
-9.90805	0.548467	1
8.06437	5.53857	1
9.29193	3.93078	1
2.37387	-9.45946	1
-6.87479	6.95689	1
10.5769	-2.97336	1
6.40686	-8.92249	1
-9.11092	-4.33729	1
-7.53099	6.43589	1
-2.49731	-9.57997	1
3.94205	9.20913	1
3.3542	-9.93571	1
8.95971	4.10399	1
3.33243	-9.13024	1
2.36745	9.6372	1
8.46228	-5.81908	1
-6.3231	8.44283	1
6.90039	6.0223	1
-6.46268	-6.56528	1
-2.9894	-8.8207	1
-8.6535	4.91204	1
-9.51431	-2.57731	1
9.4976	-0.66057	1
1.89013	-10.1376	1
4.79096	-7.9133	1
2.41632	-10.6227	1
10.0283	1.5846	1
-1.98675	10.7622	1
9.50545	3.28307	1
7.2791	-7.73332	1
-0.172626	9.49342	1
-3.77815	-8.81625	1
-2.73599	8.91633	1
6.20414	-6.52509	1
0.640483	9.83607	1
9.01056	-0.858048	1
10.0045	-1.63243	1
9.44992	2.04152	1
-8.58703	4.75345	1
8.59394	3.11569	1
10.8584	1.62894	1
-9.90891	-4.29371	1
-7.48539	5.77095	1
2.3373	-8.70039	1
8.66614	-4.93951	1
-10.3401	2.84354	1
8.96412	2.86221	1
-6.32625	-8.51544	1
6.54002	-7.87909	1
-6.69271	7.71125	1
-4.50754	9.60161	1
9.8478	-0.423827	1
-9.02511	-4.80494	1
0.722893	9.48173	1
5.19047	8.91327	1
5.79667	6.96071	1
-10.2013	-3.96066	1
-6.13486	7.27734	1
-7.60506	-5.85761	1
8.8426	3.44645	1
10.1258	-3.33703	1
7.31183	5.34617	1
-5.92655	-7.32956	1
-6.7217	-6.99555	1
-9.52808	-4.12588	1
-9.96679	-4.12792	1
2.89869	-9.17805	1
4.2415	9.21855	1
-7.73504	-7.2032	1
7.40632	6.04809	1
5.96946	8.75878	1
-7.44901	-7.55887	1
7.38396	7.07301	1
1.23306	9.02254	1
-9.62351	0.0623318	1
0.805964	-9.78091	1
9.1761	5.40988	1
-8.64597	-4.862	1
2.76845	10.5786	1
5.32452	-8.69025	1
-0.202441	9.62405	1
-3.84487	-9.4954	1
-10.8384	1.15778	1
9.88735	-4.51232	1
-8.76903	-2.52224	1
-9.16501	-2.22637	1
-3.29777	-9.01202	1
8.00923	6.52648	1
0.737201	-10.0651	1
2.93103	-10.3614	1
-7.67963	6.73608	1
8.64806	-5.48006	1
6.66464	8.68835	1
2.84156	-10.0243	1
9.10849	-5.13369	1
5.17723	-8.58875	1
8.99192	1.04711	1
-8.54374	-3.70273	1
-1.46459	9.05454	1
4.31744	-8.60116	1
-7.04007	-6.98271	1
5.92564	8.84173	1
-8.98117	3.13906	1
-8.91237	-6.01442	1
3.6656	9.64249	1
7.20937	-5.53201	1
-5.59178	-7.91724	1
-3.03532	10.1071	1
9.1363	0.763534	1
-4.57625	9.59524	1
-1.48212	9.08909	1
9.77028	3.43521	1
-9.88978	1.33285	1
-6.1811	-8.38363	1
-2.17125	9.44219	1
2.56083	9.89965	1
10.7883	-1.63608	1
-9.98426	-3.84175	1
-0.125722	10.7554	1
-5.56895	7.62999	1
7.86188	-6.301	1
-3.17043	8.68921	1
-4.01117	-9.18982	1
4.03933	-8.25324	1
2.45543	9.43599	1
-8.19234	-3.9677	1
-7.2941	-6.96181	1
-7.20191	5.68249	1
-3.39566	-9.66402	1
-9.8853	-0.15253	1
4.92492	-8.38248	1
0.0963483	9.34079	1
10.8253	-1.79875	1
-3.61055	8.45138	1
10.4476	-0.0831135	1
10.6232	1.92028	1
-6.99094	-5.89709	1
5.90497	8.26178	1
-6.9208	6.74568	1
9.68717	2.41152	1
5.50008	-8.60018	1
5.87754	-8.29237	1
7.41144	-6.12212	1
10.4293	0.555358	1
-7.58266	5.50068	1
10.0697	2.58949	1
4.21676	-8.18005	1
3.23785	-9.07517	1
8.47399	4.2659	1
7.37437	5.70175	1
-9.45714	2.11531	1
-10.8993	-1.06585	1
-9.69105	2.71906	1
8.60149	3.82065	1
9.74609	-4.88986	1
-4.12859	-9.62206	1
2.17327	-8.75664	1
4.06908	-9.15989	1
6.68162	6.46539	1
5.1547	-7.99308	1
3.09514	9.69791	1
6.35472	-8.77707	1
-7.64467	7.47309	1
9.59711	-5.34069	1
6.57456	8.34973	1
-3.81731	8.41589	1
-6.54443	8.58185	1
1.30271	-10.2118	1
7.8755	5.09337	1
-1.2561	-9.60438	1
-7.55831	6.7229	1
7.659	-6.09851	1
1.33269	-9.61375	1
-8.68514	4.27827	1
-7.6006	-5.80773	1
5.4476	-9.11299	1
-0.73144	-9.36111	1
-5.0275	-9.55205	1
-9.70874	4.83272	1
9.87522	-4.84164	1
8.05478	4.96528	1
7.78059	6.10326	1
10.3894	1.14282	1
8.89511	-1.95786	1
5.43563	-7.23042	1
-1.18797	-10.0732	1
9.1073	-2.56533	1
-8.77102	-4.65194	1
-7.25183	-6.41261	1
-9.02391	0.487878	1
2.37846	-8.77036	1
-10.6821	-0.672994	1
2.95987	9.47774	1
-8.53514	6.58794	1
1.10771	-9.3549	1
-1.78156	9.23597	1
-7.92678	5.91006	1
8.5243	4.62704	1
1.4102	10.7018	1
-9.68232	2.42763	1
7.13868	-6.91173	1
-4.38945	-10.0841	1
2.94159	9.79798	1
-9.31201	-5.25372	1
4.19816	-8.43078	1
-5.20102	8.17972	1
-9.49986	-2.18495	1
-1.73065	10.5126	1
1.78883	8.90414	1
2.91858	9.63723	1
-1.47289	-9.69553	1
9.85795	-3.05218	1
-3.91924	-9.52875	1
0.747815	-10.6394	1
-7.04963	-6.15552	1
3.24765	-9.15594	1
-6.40446	-6.49365	1
-8.81463	3.07042	1
2.53034	9.58889	1
-8.60373	4.47313	1
4.74609	7.7563	1
9.57928	1.9023	1
-8.9552	-5.51443	1
-2.9547	-9.22878	1
-8.62605	6.03556	1
8.89992	-4.8848	1
-8.09513	-6.76218	1
7.16236	-6.77304	1
-9.13005	5.3453	1
-5.41131	-8.86223	1
2.98694	-10.5229	1
-0.777567	9.53298	1
-5.73738	8.24268	1
-6.18845	8.48348	1
10.6224	2.68396	1
8.15019	-7.15952	1
-8.9436	5.98924	1
-7.56411	-7.96242	1
10.5956	-0.0981823	1
8.57856	-5.29778	1
-7.25524	-7.22329	1
6.51325	7.9651	1
-9.97201	4.44906	1
-6.0508	-6.98731	1
-8.76921	-4.66031	1
-10.3847	3.00403	1
0.55782	10.1788	1
6.65084	7.02555	1
9.25291	-5.88089	1
-7.43826	7.82743	1
2.82278	-9.85256	1
-4.68367	-8.05848	1
3.11119	8.45651	1
-4.12862	-9.23994	1
-9.21051	2.3135	1
-2.17001	10.3449	1
-9.43004	-5.13398	1
10.2334	2.56366	1
0.230086	-10.4694	1
-7.52912	6.39335	1
8.05139	4.56579	1
-6.63957	8.47765	1
8.35866	5.22057	1
-10.3687	1.08594	1
5.47378	-9.0514	1
-0.388857	10.8734	1
-8.46626	6.23627	1
4.07219	8.34718	1
4.10916	-9.01754	1
-10.4452	3.42824	1
7.97786	4.38124	1
9.29689	-4.9284	1
-4.35354	-8.31191	1
-9.18594	-4.33052	1
1.41547	8.91389	1
-6.26348	8.42727	1
8.57983	6.70979	1
9.26047	1.2063	1
6.93049	-7.55502	1
0.711781	10.0826	1
-10.4452	-1.42656	1
8.02368	-6.3583	1
1.66569	-10.179	1
-4.94143	-7.87503	1
6.02574	8.22026	1
10.5123	1.54362	1
-4.51665	7.89307	1
7.81947	4.56919	1
-0.213731	-9.15054	1
-4.58065	9.83451	1
6.21468	6.5215	1
-9.03615	-0.94137	1
-10.1795	2.58318	1
-6.5299	-8.25286	1
9.6374	-1.0737	1
-4.60008	-8.20272	1
3.58659	9.39088	1
3.32553	-9.42664	1
2.1165	10.2618	1
3.90234	-9.49921	1
8.91666	-5.10506	1
2.03477	10.8032	1
-0.45559	9.80083	1
2.22251	-9.43522	1
2.06937	9.65699	1
-10.2507	0.717126	1
10.8992	0.16928	1
-3.09985	9.84637	1
-9.98344	-2.76378	1
10.4034	-1.52819	1
8.26408	-5.72226	1
-1.96444	-10.2625	1
9.27547	-3.09786	1
8.01945	-4.11265	1
10.7366	-0.86779	1
1.05255	10.9247	1
-10.7242	1.72835	1
8.75216	4.63095	1
6.95074	6.99146	1
-10.1275	-0.0128842	1
-9.25066	-3.82411	1
8.80977	-3.62376	1
-5.87183	8.32382	1
9.96526	-3.69305	1
0.588262	10.9455	1
-10.7611	-0.0664528	1
8.58248	3.54288	1
3.90433	-10.1739	1
4.11847	-9.70832	1
-9.05391	-0.729556	1
9.7412	3.44729	1
-9.37326	-1.58051	1
7.85018	6.44964	1
-8.58274	5.36213	1
10.7556	-0.672767	1
-9.26643	4.72686	1
-5.92605	9.17753	1
-7.18906	-6.14704	1
-6.44659	-7.4941	1
-3.68238	-8.61515	1
-8.23927	-6.09613	1
-9.62122	-3.60424	1
8.70404	-6.39811	1
-9.84594	4.40882	1
-0.878748	10.2189	1
3.6579	8.414	1
7.27271	-6.50179	1
10.242	-0.771769	1
-8.61554	6.15644	1
3.89755	9.22337	1
-7.35489	7.32644	1
-5.07149	-7.59182	1
-4.64712	-9.83462	1
-5.40642	-7.39235	1
-10.0997	4.00722	1
-9.33783	-2.39929	1
7.44081	-5.62403	1
9.69812	-3.32286	1
-6.43029	6.78782	1
9.71997	-0.277397	1
9.63055	0.342368	1
-7.21933	7.48232	1
-3.11316	10.4065	1
4.95157	8.80952	1
-10.764	-2.07568	1
0.951703	-9.91347	1
-10.0322	-3.31317	1
9.59285	-1.53782	1
-5.38	-9.57715	1
-4.59012	-9.86809	1
-0.403091	10.0669	1
2.6158	10.1566	1
-10.5669	0.593373	1
9.26	1.55847	1
1.16396	9.40049	1
-9.06152	-0.115941	1
9.57455	4.89007	1
-8.63837	-5.27441	1
-7.72242	-7.077	1
9.20924	-2.77809	1
-3.40501	9.09505	1
8.2329	3.83648	1
2.60295	9.05191	1
-9.88188	0.0254228	1
4.75455	-7.75589	1
10.8301	1.70191	1
7.37186	5.29112	1
-7.25562	-7.02695	1
3.4497	8.5106	1
-8.13849	-5.82714	1
-7.61679	-6.69487	1
-0.464383	-9.70198	1
8.606	-3.72705	1
-4.10335	9.9577	1
-7.26591	-6.6385	1
9.96618	2.68302	1
10.4233	1.30023	1
-6.60391	-7.39514	1
3.06181	-9.11362	1
10.5309	3.17583	1
-5.25281	8.66177	1
-9.08756	-4.59105	1
-1.02516	-10.1058	1
3.59558	8.88147	1
-7.60324	-5.93849	1
-7.14651	5.48833	1
-4.36834	9.65023	1
-7.65923	-5.94407	1
10.0476	2.94506	1
10.3236	-2.25871	1
-7.76527	-6.82278	1
6.86798	7.55183	1
-1.61929	-10.6807	1
-8.63674	4.94324	1
-9.92203	2.87771	1
-9.18746	1.83649	1
4.88931	-7.7121	1
8.30522	-5.513	1
10.2594	0.647178	1
9.1287	5.84872	1
7.4763	-6.05117	1
2.4538	10.091	1
-9.16516	1.18494	1
-0.582535	-10.1137	1
-2.41046	-8.99579	1
7.15761	6.2023	1
8.08526	-4.76284	1
-10.9602	0.183125	1
-4.80631	-9.46057	1
7.22162	6.69983	1
2.24587	9.25867	1
-3.15052	9.77973	1
9.1432	-5.11929	1
-7.62374	-5.3698	1
8.01821	4.98894	1
-10.3704	1.92753	1
-2.0419	-8.90391	1
-1.87761	10.5605	1
-2.16803	-8.81081	1
-9.47136	-5.33798	1
-9.20644	-0.374351	1
5.7555	6.97257	1
-10.5037	2.44368	1
3.92546	-9.30685	1
-8.07376	-4.73021	1
8.1222	-7.00392	1
7.22707	5.44921	1
-7.90858	-4.82611	1
7.95582	6.51608	1
3.82049	-8.88487	1
7.57967	6.62031	1
4.40624	9.56527	1
9.13251	-6.09651	1
-1.42969	-10.3779	1
-6.99856	-6.61077	1
5.99252	6.96851	1
3.7699	-8.80015	1
-7.17446	-6.52954	1
-5.82736	-9.08078	1
-9.19487	1.91875	1
4.39655	-9.4273	1
1.50748	-9.57488	1
-8.08364	7.07677	1
6.30365	-7.83896	1
8.22998	-3.64581	1
-5.76101	7.42407	1
-4.17112	-9.25353	1
-3.66772	10.001	1
2.93701	-9.81626	1
6.79853	-8.32224	1
-9.57162	-3.77944	1
-0.976526	-9.26134	1
9.34628	-4.29534	1
6.63544	6.34937	1
-7.21652	-7.77064	1
-9.06412	-1.91392	1
9.97342	-0.370244	1
-8.71547	4.99531	1
-2.93591	-10.0493	1
7.20523	-5.59517	1
-0.860379	10.8607	1
-7.3946	7.61066	1
-5.2549	9.55643	1
6.43553	6.64505	1
-9.07091	-5.6082	1
10.0409	-1.66413	1
-8.18416	3.84845	1
-4.3023	7.91641	1
10.3932	-1.08968	1
9.32653	2.63865	1
8.23082	-7.23049	1
4.15628	8.37863	1
-5.94544	-7.98101	1
8.52585	-4.718	1
-3.95869	-9.68203	1
3.30858	8.69263	1
-5.40938	8.05907	1
5.42597	-7.23666	1
8.3493	4.06626	1
-4.37097	-9.11478	1
9.11167	-1.81848	1
4.36266	8.61977	1
-2.09173	-10.3573	1
4.62135	9.88744	1
-2.08277	-10.297	1
-8.32809	-5.70431	1
-8.09822	4.25285	1
0.711204	-9.59781	1
-8.0522	-5.32404	1
-10.0929	-3.41592	1
8.96217	-5.40304	1
-4.06917	-9.8962	1
10.5348	2.43807	1
-9.81712	1.35092	1
2.32702	-9.21037	1
-0.867182	9.01893	1
-7.78665	-6.08343	1
-9.98555	-3.70914	1
-0.930825	-10.6912	1
8.59681	-3.22421	1
8.32689	-7.01072	1
6.09982	6.64211	1
9.81648	-3.51754	1
1.06688	9.89461	1
3.72426	-9.27592	1
2.59328	-10.2123	1
-8.69582	4.09624	1
10.4136	0.311704	1
10.1978	-2.58601	1
7.62248	4.86734	1
9.00484	2.76777	1
10.5175	1.99273	1
-2.39917	10.182	1
-9.5039	4.96024	1
0.063138	-9.19244	1
8.24601	3.64405	1
8.4182	6.67985	1
-3.95254	8.32086	1
9.07213	-2.02625	1
-4.80134	8.26523	1
10.0898	1.50244	1
-0.222766	10.1593	1
9.48114	3.83926	1
-8.19756	-4.17499	1
3.50978	-9.91862	1
-9.08582	-6.09292	1
-7.45355	5.65742	1
2.08648	9.65718	1
7.02216	6.05589	1
-1.13361	10.5694	1
9.6214	-5.19341	1
-6.7191	8.20004	1
-0.749124	-8.97035	1
-7.54218	6.68212	1
-9.34255	0.676231	1
6.84518	7.86044	1
2.0223	-10.5816	1
9.45392	-0.234213	1
6.02668	-8.39618	1
1.22185	-8.99856	1
7.53316	5.50685	1
10.7046	2.28672	1
8.85201	4.97029	1
4.81155	9.50088	1
-7.36712	5.38668	1
-6.78127	8.14435	1
4.67829	9.226	1
-10.619	-1.85953	1
1.40796	10.7441	1
-0.151525	10.5316	1
-1.36649	-9.51416	1
9.78386	-1.05415	1
-9.65617	-4.50877	1
7.06726	-6.13828	1
-9.56538	-1.21966	1
5.2399	9.65668	1
-6.46551	-7.16276	1
3.03552	9.76697	1
-8.42385	6.55544	1
-10.6116	-1.47279	1
-10.3759	0.540123	1
-0.588181	-10.8226	1
2.05993	10.4306	1
9.12508	-4.54484	1
10.4762	0.864568	1
-2.63513	9.6314	1
4.68841	-8.9287	1
-9.22069	-2.20403	1
6.07804	-6.96156	1
9.16067	-4.02573	1
4.0046	-8.78425	1
2.93967	9.74853	1
9.56824	-3.26454	1
8.61007	6.11523	1
-10.1442	-1.42232	1
-3.1356	9.83492	1
-6.23108	-6.99256	1
9.76218	-3.75241	1
8.76568	3.22529	1
7.96278	-4.26099	1
9.57769	2.28623	1
-10.0728	0.246779	1
4.35913	8.57342	1
-10.8372	-1.35407	1
10.3601	-0.993494	1
-0.603403	-10.4086	1
4.06389	9.67833	1
0.763002	-10.0096	1
-0.0271128	-10.8283	1
-7.90325	5.78086	1
-8.91837	3.12951	1
8.32575	-4.6449	1
-3.4448	-9.96368	1
-9.13566	-1.90622	1
2.20977	-10.6291	1
-7.23716	-5.62883	1
4.33452	9.92301	1
-7.70766	5.80974	1
10.5841	2.36693	1
-3.30451	-9.20239	1
-2.42902	-9.03712	1
8.0757	-5.30358	1
-9.47524	4.68773	1
-3.66532	8.78056	1
10.0926	-3.08718	1
-3.60309	9.38562	1
-4.62803	7.92709	1
-10.5443	-2.88278	1
-8.76332	-6.35127	1
0.956628	10.0301	1
-8.84082	-3.65425	1
5.43193	8.3077	1
-5.28863	-7.38099	1
0.281744	10.8036	1
6.97465	8.21468	1
7.40612	-5.33456	1
8.28089	-3.6919	1
7.26048	5.54276	1
-10.3842	-2.24891	1
0.880866	-9.52315	1
5.948	-7.99743	1
5.59733	-7.85544	1
8.49157	-6.0973	1
-0.858736	9.72099	1
7.52666	7.49349	1
-9.55543	5.16623	1
-6.98909	6.82602	1
0.261663	10.9098	1
8.09234	4.55523	1
-1.1119	9.78221	1
1.83856	-9.78256	1
-10.0423	2.67317	1
-10.7333	1.45434	1
8.74557	-6.13417	1
8.70099	-6.01293	1
-7.17108	-7.1742	1
-9.82518	4.12024	1
9.11724	-0.613857	1
2.51825	-9.80573	1
-2.22329	-9.31725	1
3.95149	8.32828	1
10.2972	-0.635844	1
-9.90775	-1.69204	1
2.5599	-9.81566	1
4.85574	9.61109	1
10.3349	2.49398	1
8.37856	-4.48368	1
8.47349	-6.60664	1
3.47411	-9.33205	1
9.21103	0.711104	1
6.88425	-8.40171	1
-1.0703	10.241	1
2.63561	-10.0681	1
-7.67615	7.49891	1
-4.16676	8.46584	1
1.46401	9.56011	1
-9.41652	-3.55792	1
-4.23972	8.58936	1
2.01727	10.3302	1
10.6626	1.57982	1
10.4829	3.2885	1
9.77332	3.06869	1
-4.36364	-9.98124	1
-3.2799	8.82274	1
2.68419	-9.056	1
10.7862	-1.39315	1
-0.844461	10.8407	1
9.42742	-3.98178	1
0.481849	-9.01579	1
-10.2109	2.40818	1
-0.41494	10.344	1
-3.42949	9.63034	1
-10.0033	-2.51431	1
3.77439	-8.76098	1
-5.36364	-9.27852	1
-6.37081	-8.71348	1
-9.98443	-2.80814	1
8.90587	-4.28776	1
4.59049	7.86576	1
-3.75766	-9.3664	1
4.2299	-8.54197	1
-5.39382	-9.3319	1
-4.56189	9.18689	1
8.62793	5.74977	1
8.13803	-6.8344	1
-2.14146	-10.7435	1
10.7644	-0.489412	1
-6.1632	8.43879	1
-3.68782	8.29538	1
2.80424	9.98233	1
-9.39959	5.18683	1
-1.30251	9.12887	1
-7.71713	-4.6865	1
-9.70527	2.92634	1
4.18348	-9.9729	1
9.11239	2.54372	1
1.16544	-9.06228	1
8.15636	6.83882	1
10.376	1.59038	1
-6.30573	-6.84314	1
10.7168	-1.58573	1
-3.104	8.75286	1
-8.26804	5.59939	1
-10.3307	2.24388	1
-9.76073	2.48457	1
-10.3379	-2.67152	1
5.90778	-8.50391	1
-7.64336	-7.75655	1
-3.76483	-8.44468	1
8.34122	-4.01701	1
-3.27327	8.53959	1
10.6229	1.16128	1
-8.71291	2.77961	1
5.84431	-8.92998	1
9.41324	-1.1829	1
2.1242	-8.83091	1
8.82662	-2.18207	1
-6.27244	-6.7179	1
-9.17428	0.611518	1
3.21858	10.0922	1
9.25529	2.90462	1
-9.58857	4.23141	1
8.11925	-5.09984	1
-0.712481	10.1296	1
-9.17334	3.37926	1
7.96807	-7.50683	1
0.249137	9.80168	1
-8.27335	6.20019	1
-4.17166	9.20326	1
-2.45197	-10.4307	1
2.63483	10.1598	1
-8.7585	-3.78034	1
-10.4607	1.79937	1
-6.4507	7.46114	1
0.797175	-9.56209	1
7.66354	-5.58139	1
-3.05706	-9.57445	1
7.69721	7.58736	1
4.24747	-8.68112	1
5.62453	-7.04176	1
-0.0305558	9.63881	1
9.0435	1.43226	1
-3.13115	10.1349	1
-9.56537	-3.30835	1
-4.34059	8.00247	1
9.24727	-1.35474	1
7.57947	5.09348	1
4.68533	7.93104	1
9.71348	-1.6139	1
0.659402	9.06962	1
10.6871	1.55101	1
5.82059	8.5652	1
8.75434	-5.40127	1
-1.2069	8.98416	1
7.81409	5.46285	1
0.602807	-9.12819	1
-7.14659	-6.278	1
9.4433	-3.96752	1
6.48134	8.24874	1
-10.5237	-1.37961	1
-9.3408	-5.44917	1
1.83241	8.99859	1
-4.61526	-8.6223	1
4.20731	8.77584	1
-8.17804	3.95444	1
3.13392	9.71867	1
5.32771	-9.41913	1
2.54994	9.40045	1
9.45595	4.1139	1
-9.63164	5.16043	1
5.91434	-9.24303	1
8.77715	-5.46849	1
4.91558	7.64929	1
-5.80065	7.99951	1
-9.40347	3.43249	1
-7.92189	6.17622	1
9.49904	-3.15304	1
9.26004	3.28049	1
-0.614431	10.8452	1
10.048	-4.28446	1
9.02835	1.02848	1
-8.15608	5.14413	1
-9.35644	5.50972	1
-10.4377	1.58778	1
-5.35347	-8.54493	1
-7.58674	7.23355	1
5.38406	-9.04266	1
-9.25084	-1.51208	1
4.3051	8.35545	1
8.87025	-2.47004	1
10.731	2.19398	1
7.98333	-7.52324	1
9.54729	-0.423389	1
8.05437	-6.82989	1
1.72777	10.1665	1
-8.44421	4.91531	1
9.07132	0.740561	1
1.35578	-9.51547	1
7.99799	5.92065	1
9.99162	1.3283	1
-10.3911	-3.31593	1
-9.39327	-1.62905	1
3.57706	-9.83539	1
7.00722	-6.95805	1
9.87223	-1.54388	1
-8.26225	-4.1996	1
0.591723	-10.7483	1
8.27029	-7.23372	1
4.51105	-9.54604	1
-9.4496	2.0071	1
-3.26775	-10.2161	1
6.76084	-5.95247	1
-9.80068	1.05123	1
0.872975	10.7263	1
-9.67769	4.18178	1
1.91316	8.90707	1
0.621903	-10.0165	1
-10.2296	-0.79511	1
-4.09993	8.06323	1
4.95604	-8.78349	1
-7.81925	-6.53572	1
3.67696	10.3572	1
-5.74435	7.81658	1
-7.17247	-7.35229	1
8.29468	-4.94119	1
-9.26388	-0.657988	1
-6.56319	8.18554	1
8.91308	-5.51671	1
-9.33912	1.57117	1
-2.605	-9.46663	1
-9.15697	0.53225	1
8.73607	6.53408	1
6.51109	6.26451	1
1.95874	-9.63217	1
1.22753	10.7097	1
9.96473	2.07337	1
-7.75817	7.14937	1
2.81293	-9.34372	1
-6.57362	-6.35243	1
-9.24839	-3.46796	1
-1.47093	-10.7134	1
8.95247	-2.45448	1
3.77238	-9.10599	1
-6.13691	-7.66373	1
9.46167	0.405981	1
-7.55591	5.35315	1
9.7656	-4.9603	1
-9.28984	-2.57057	1
-9.06869	3.02479	1
-1.24045	9.34859	1
0.618596	10.9444	1
-9.9226	-3.78138	1
7.39378	5.69119	1
-2.05991	-9.71761	1
-9.29806	1.69465	1
4.93646	-7.52692	1
1.54336	-10.5398	1
8.38307	-3.44342	1
-9.85379	0.319299	1
6.71017	-7.47451	1
-3.60575	-10.3797	1
8.08882	-5.44765	1
-3.03635	10.1856	1
-5.03886	9.05991	1
2.71926	8.6291	1
-7.76737	-5.68917	1
8.8762	-3.6301	1
8.37886	-4.46515	1
-10.2878	1.49777	1
2.18844	8.77705	1
-5.62311	7.98973	1
9.34552	-2.16409	1
-1.8354	-10.696	1
-8.69104	3.34278	1
6.76418	6.54109	1
-8.99829	-3.19344	1
-8.06873	-4.14734	1
9.01876	-3.16913	1
-2.49099	9.81614	1
-9.24121	-0.549096	1
-3.08641	10.4651	1
9.13257	5.1978	1
10.2379	-1.32114	1
-4.33116	-9.02844	1
-2.52753	9.49958	1
3.56884	-9.47534	1
8.81801	-4.61648	1
4.21717	-7.98043	1
-1.74092	-9.00437	1
8.958	-6.30558	1
-0.177078	10.622	1
-10.2984	1.46414	1
-8.66185	-5.70911	1
-0.67793	9.09127	1
9.39005	2.18696	1
10.3126	-2.13016	1
-9.26297	-5.47295	1
-10.2099	-0.98836	1
-6.54755	-7.61765	1
-8.37023	6.5395	1
-10.056	1.04458	1
1.77027	9.57013	1
10.9079	0.857621	1
-10.364	0.163577	1
4.70328	9.5601	1
-8.88868	4.70016	1
-8.33759	3.84274	1
4.02461	-9.62955	1
9.85456	0.589736	1
-9.36908	4.71822	1
9.84543	4.03385	1
9.63714	1.27759	1
8.10693	5.53918	1
6.29596	-8.33782	1
-7.26716	-5.52445	1
1.16905	10.3109	1
9.76156	-4.56474	1
0.646328	9.71622	1
-7.10431	8.11768	1
9.25665	2.74465	1
-9.28	-1.91389	1
-9.01517	1.72522	1
-7.56398	6.60033	1
-5.5247	-9.48342	1
-7.97608	-6.04821	1
3.46923	-9.55149	1
7.24346	-6.31527	1
-1.13857	10.4921	1
7.55708	6.50562	1
3.25152	-9.2148	1
-9.2555	-3.46559	1
0.906969	-10.3464	1
9.60692	0.744405	1
-4.58992	8.67193	1
1.56254	-10.4146	1
-9.07138	3.83751	1
4.92619	-8.24908	1
6.21162	-7.78547	1
4.03449	8.99702	1
-10.8315	0.519527	1
0.262645	9.83775	1
6.76746	6.69349	1
6.09909	-7.1037	1
0.24239	-9.76783	1
8.08698	-6.37094	1
6.72989	-5.97801	1
-3.47813	-10.3461	1
-9.13617	4.91925	1
7.44771	-5.67665	1
2.91006	9.10839	1
-8.60961	-4.25245	1
-9.87542	3.83368	1
-4.04495	-8.59786	1
-9.01564	3.01973	1
7.41207	7.3651	1
-8.03411	-5.91942	1
-0.170653	-9.5374	1
-9.31583	-4.62861	1
-6.06262	-9.05198	1
0.689071	8.9962	1
-5.59508	7.61484	1
-7.4929	6.38159	1
-6.28346	8.38775	1
8.20416	4.69622	1
8.92259	-2.92714	1
7.09326	6.83869	1
-3.17245	-10.0039	1
-10.7737	-1.13159	1
-3.95939	-8.26596	1
4.37344	-8.35926	1
9.4338	4.89374	1
-5.59497	9.22055	1
4.14983	7.99779	1
0.604684	-10.2177	1
-9.01373	-6.1389	1
-8.3362	-4.28599	1
-4.78979	9.03688	1
-8.63851	-4.99644	1
6.70097	-7.08831	1
-8.55234	5.94895	1
-5.42238	8.99877	1
-8.75877	-5.7368	1
-10.2491	-3.5857	1
4.85343	-8.21929	1
-9.87614	-3.6446	1
7.29516	-5.76797	1
-0.668059	10.4494	1
0.96322	10.2376	1
-9.99453	2.66375	1
-2.33511	-8.8725	1
3.4631	-9.62424	1
-7.78418	-7.51359	1
8.66176	-2.94558	1
-5.86282	-7.05855	1
10.7961	-0.00672779	1
-8.39894	-3.76383	1
-2.12726	10.1695	1
9.90441	1.65364	1
-3.8397	-8.95343	1
-5.78132	9.28001	1
-0.784129	10.905	1
-8.85229	2.62385	1
3.03509	9.69752	1
-1.99153	-10.5884	1
7.51232	-6.89104	1
-10.4057	0.388373	1
7.06979	6.10701	1
-8.232	6.88858	1
2.71797	-8.75833	1
-9.11402	2.07092	1
-9.78992	0.437344	1
7.38759	-5.99884	1
10.2992	-3.48758	1
6.16338	8.28335	1
8.31677	-5.74488	1
-7.7741	-5.20187	1
1.76329	10.6405	1
4.1012	-8.78468	1
1.03328	9.9272	1
-10.4407	-1.06796	1
5.65655	8.99646	1
8.08871	-4.85882	1
8.30352	-6.31023	1
4.32731	-8.49674	1
-9.43246	4.59005	1
7.9263	5.18118	1
-6.58265	-7.71721	1
-4.91245	-9.28286	1
1.04657	-9.12651	1
-3.86614	-9.06926	1
-5.36676	7.69469	1
2.93666	-10.1323	1
-3.79957	10.1392	1
-7.74484	-5.02776	1
-2.1194	9.29482	1
8.52688	-5.08161	1
9.27518	5.28202	1
-6.40914	-7.65685	1
3.21062	-8.81502	1
-8.5052	-3.17502	1
-7.98611	-5.89102	1
-6.30871	-7.30067	1
9.54659	-2.19026	1
8.43171	-5.8002	1
-10.2523	-1.84051	1
7.57308	7.50572	1
8.89068	4.52243	1
6.50952	8.29294	1
9.82031	3.51892	1
-9.76196	-1.73544	1
-8.80306	4.68234	1
8.83907	2.27214	1
4.13947	-10.1836	1
-5.18543	-9.51103	1
3.14537	9.05344	1
-9.85398	3.84503	1
8.55029	-3.66825	1
2.09931	-10.0793	1
-9.90744	3.67555	1
0.980611	-9.59405	1
2.20218	-8.98232	1
7.94543	-7.39567	1
-4.27805	8.41793	1
-5.10269	-8.21261	1
8.52816	-6.18749	1
-8.18378	-5.24092	1
1.44701	-9.74754	1
10.802	-0.423078	1
-5.79114	7.32092	1
1.53269	-10.841	1
-7.9002	5.92251	1
3.91821	-8.59855	1
-10.4771	-1.95913	1
9.56654	-0.713258	1
-7.06911	5.89892	1
7.74647	-4.70992	1
7.66393	5.30204	1
7.06094	-6.99552	1
2.21006	10.362	1
-6.2786	8.96962	1
-8.29448	3.69907	1
-8.3329	-5.83348	1
-9.24859	-3.27172	1
0.381149	-10.2769	1
-2.7133	-10.0259	1
-9.10502	-4.28833	1
2.54165	9.73399	1
8.70066	-4.57372	1
-9.80195	4.1043	1
10.9079	1.30857	1
-10.7595	-1.87816	1
-9.17527	-5.24463	1
-9.01043	-3.25251	1
2.82913	-8.85179	1
-9.52308	2.50541	1
-4.56729	-8.99159	1
-4.62689	8.70241	1
-3.86218	8.18375	1
1.49887	9.72148	1
-10.163	-3.8633	1
4.50047	8.4725	1
6.49383	-6.42736	1
-7.5787	7.3511	1
10.1852	-0.730838	1
-9.70612	-4.82487	1
8.63511	4.54592	1
-4.16896	8.02054	1
-3.32746	-9.27043	1
-9.64036	-4.53192	1
6.512	6.62418	1
7.66183	-6.9089	1
8.67927	5.10253	1
-7.02218	6.88937	1
-2.18795	9.29698	1
3.2993	10.4213	1
-4.22656	-8.62412	1
-4.0394	-8.41273	1
-6.22139	-8.30174	1
7.86405	5.5052	1
-2.68557	-10.4239	1
-1.87031	9.33437	1
-6.95355	7.63652	1
9.039	-1.82572	1
9.52383	0.879432	1
-3.92542	-9.12081	1
4.89537	-8.4085	1
-5.15344	-9.3175	1
9.12226	5.50034	1
6.55053	-7.74949	1
10.1082	3.10029	1
-3.85394	8.41971	1
9.40956	5.66811	1
3.74279	9.97378	1
4.86984	8.93121	1
4.34683	-8.74929	1
8.39141	-3.91726	1
-1.60756	10.0597	1
-7.6557	-5.55999	1
-8.77003	-5.3733	1
-3.46088	9.57464	1
-6.9399	6.15253	1
8.32955	-5.12395	1
8.03896	5.61784	1
7.91133	4.77512	1
-7.49946	7.77762	1
-7.83844	-4.92019	1
-7.47306	-6.76951	1
-9.04008	-1.12629	1
4.8501	7.90658	1
10.9261	-1.01364	1
-7.86472	-5.45394	1
1.76701	9.48874	1
-7.55656	7.0518	1
6.57923	-6.17746	1
-10.022	1.5714	1
-8.30434	4.92742	1
-9.15464	-0.672747	1
-8.74862	-3.03799	1
-9.22511	5.89258	1
3.94861	-9.51697	1
-6.83365	-7.49611	1
6.68724	6.64749	1
-6.97667	-5.94731	1
8.54331	-3.61343	1
1.18537	-8.98553	1
-0.880254	-10.2027	1
2.81012	-8.57013	1
-9.44567	3.73147	1
5.24484	-9.30017	1
2.75236	10.0483	1
3.30915	8.66886	1
9.99453	0.491927	1
1.64121	10.2911	1
-1.31313	-9.71629	1
4.27102	8.01222	1
-1.14746	10.0801	1
-9.1635	5.9087	1
0.716279	10.9504	1
-9.9624	-3.68091	1
6.43136	7.3124	1
-0.649843	9.12944	1
8.07874	-6.12935	1
8.9324	-3.53949	1
-3.54586	-8.39237	1
-4.71872	9.53343	1
-1.77987	-10.851	1
9.04603	1.77815	1
-5.62772	8.42926	1
-6.95872	-6.70488	1
-9.44611	-1.14574	1
8.43719	5.79814	1
1.63139	9.69292	1
-4.4226	9.97309	1
-9.54149	0.567556	1
-4.90054	7.6058	1
5.78783	-9.01219	1
2.29496	10.1691	1
-5.29359	-8.90297	1
0.819609	9.09454	1
-3.73072	-10.1682	1
-1.93624	10.747	1
6.20678	-9.00207	1
0.69272	-9.4858	1
9.12667	5.94424	1
-10.4448	1.92566	1
1.12399	-9.93626	1
6.67871	6.45163	1
0.368643	-10.0767	1
9.69747	-1.53091	1
-10.1596	0.975189	1
8.86474	-3.63036	1
-3.48603	-9.31348	1
5.94878	8.46957	1
-5.43659	-8.99278	1
7.1071	-6.59176	1
8.84009	-5.16542	1
5.27608	-9.01935	1
9.86395	-0.292785	1
-6.55336	-7.24227	1
5.51979	-7.94981	1
-10.0053	4.25768	1
-8.11772	-5.85182	1
-9.22645	3.7422	1
-9.15193	1.1983	1
9.19312	2.54705	1
2.0662	-8.83077	1
6.61914	8.2141	1
-4.17511	9.84212	1
5.6005	-8.45881	1
-3.40346	-9.03425	1
10.7403	-2.07548	1
9.12012	-2.16766	1
-7.85162	-4.79507	1
8.93015	-1.88403	1
10.2884	-2.06349	1
-4.02831	-9.83795	1
8.27792	5.76128	1
-4.3911	9.28344	1
1.37649	-9.31	1
-7.28743	6.10977	1
2.97898	10.5639	1
6.1473	-8.22545	1
1.70742	10.7274	1
3.39824	9.69724	1
10.0604	0.293386	1
-4.1433	8.55481	1
4.22125	-8.34973	1
-3.84936	8.41785	1
9.19588	4.11474	1
-10.4626	3.25099	1
5.69132	-8.63006	1
1.65024	8.88324	1
-10.2891	1.98215	1
-6.19439	-6.9953	1
6.79224	-7.82985	1
-10.2923	-0.950699	1
-0.175467	-10.0706	1
-3.98827	-8.28565	1
-10.682	-1.35409	1
8.74699	3.82855	1
-5.12244	-9.71339	1
-4.3072	-9.47456	1
-8.97947	-4.55908	1
-1.57758	-9.0523	1
1.30809	9.63326	1
8.18152	-5.39188	1
9.64875	-4.69732	1
-9.81948	-2.03476	1
8.90124	2.78169	1
-8.99301	-4.13747	1
-4.59971	8.1729	1
-4.9636	-9.48221	1
7.88405	5.76505	1
10.1059	2.83632	1
5.56303	-8.37968	1
-2.64673	9.65887	1
4.92721	-9.48459	1
-0.0976497	-9.7301	1
1.87262	-10.2189	1
-9.53512	-0.360486	1
0.593937	10.0527	1
-5.97661	-7.45456	1
2.07373	-10.0805	1
-10.2574	-3.90795	1
-9.33669	2.86633	1
-10.6141	-1.42571	1
-8.72338	6.19792	1
-6.87187	-7.46901	1
-8.29915	3.78496	1
10.7044	-2.31552	1
2.21934	-9.67944	1
-9.00959	4.86233	1
9.01691	0.792012	1
-3.3831	-9.10389	1
1.65053	-9.56574	1
-9.06673	2.8245	1
2.17683	-10.6329	1
1.20498	-9.41312	1
-8.85515	3.96414	1
-3.91684	-8.38622	1
-8.83203	-2.60389	1
-7.43659	7.28953	1
10.4725	-1.28875	1
8.68992	3.69846	1
-3.50807	-8.30176	1
2.72965	8.77679	1
7.29383	5.3099	1
-4.30701	-8.61992	1
-8.03914	-4.09848	1
9.91058	-1.50178	1
-7.23613	7.10426	1
-0.37292	10.3194	1
6.39189	-8.836	1
2.11419	-10.7732	1
1.13463	8.95695	1
-7.56117	7.97975	1
9.46892	3.53632	1
9.29971	2.78328	1
8.60808	-3.97136	1
-9.19113	-0.299065	1
2.79398	-10.4613	1
5.69041	8.19218	1
-6.10174	7.01423	1
8.15513	5.24648	1
4.24005	-10.1109	1
-10.3858	2.6692	1
-8.5302	-5.81016	1
-0.317353	-9.70984	1
4.07176	-8.41382	1
-2.7288	9.64201	1
-4.81157	-9.81139	1
-9.29206	0.669484	1
-8.41122	-3.56463	1
-8.0445	-6.42905	1
7.94997	-7.38212	1
-3.64588	9.71134	1
-2.96604	-9.81331	1
-1.03233	9.03952	1
-6.24165	8.77466	1
-0.633296	-10.9734	1
-9.44141	-4.0956	1
10.38	0.571641	1
-10.0758	-3.97544	1
0.129767	10.7534	1
9.77035	-2.12769	1
5.58873	-7.39886	1
6.56942	-7.57593	1
10.4151	1.88233	1
10.2037	3.10694	1
-2.10632	-10.0144	1
9.81732	4.88524	1
9.35722	5.44152	1
6.39362	7.19574	1
8.47426	6.08494	1
-2.59466	9.61655	1
4.41326	-8.74965	1
0.745124	-10.6444	1
-8.68734	-3.32088	1
-6.87208	-8.46293	1
-9.11389	-2.2942	1
-5.46841	8.56288	1
-4.94927	8.24096	1
9.12251	-5.1599	1
1.67184	-10.6107	1
-7.28132	7.81019	1
-9.89941	4.26712	1
-8.67009	3.5806	1
-9.17344	-4.65434	1
1.17029	9.04109	1
9.50165	1.10744	1
-7.60803	6.60088	1
10.8681	1.32875	1
-0.708476	9.79652	1
-0.258437	-9.9201	1
-10.6619	-0.818554	1
-2.60318	-9.14614	1
7.98655	7.47809	1
-1.28969	10.7571	1
-6.765	7.04873	1
8.622	3.32543	1
-3.89891	-9.88628	1
3.42066	9.56105	1
10.1769	-1.98347	1
-8.34825	5.19076	1
-5.03499	-8.75638	1
4.16162	-9.26186	1
-7.07576	-7.40454	1
6.51429	-6.7447	1
9.96569	3.14868	1
0.0317484	-9.25702	1
10.1552	-3.86456	1
-8.61906	3.31179	1
4.15946	-9.33126	1
8.65489	-4.97995	1
5.85043	-7.78913	1
