7.51071	-18.5885	0
-14.4072	-13.2737	0
16.1506	-10.797	0
-15.9674	-10.5766	0
-4.75769	18.4734	0
-19.0078	5.51378	0
-9.08705	17.8351	0
19.6743	-5.30708	0
17.0543	10.6047	0
19.7817	5.38374	0
11.418	17.5387	0
12.2645	15.6017	0
16.1793	12.798	0
-1.80525	19.7568	0
9.62449	-16.9097	0
-15.9661	10.7109	0
10.9397	16.9171	0
-20.2431	-2.84648	0
-15.1667	-13.9268	0
-18.6183	8.78152	0
-20.4568	-1.3242	0
20.3407	2.04491	0
-15.8107	-13.303	0
15.589	11.9966	0
-19.4648	6.02056	0
-6.62067	19.2406	0
20.0908	-4.4301	0
19.5808	7.51694	0
16.7491	10.238	0
-9.40558	17.7393	0
2.42035	19.0039	0
3.43318	-18.8913	0
-0.237116	19.1954	0
-15.9117	13.5022	0
-4.08965	18.8237	0
9.17233	18.5173	0
-1.02963	20.8982	0
-5.84343	19.1384	0
-2.76105	-19.9529	0
15.2255	-12.9708	0
-16.4718	-11.0165	0
-18.0249	-10.049	0
1.18039	-19.2854	0
-13.4586	-15.7983	0
15.9049	-10.7593	0
1.22649	-19.3072	0
19.0717	-1.9383	0
-12.8745	14.2269	0
18.2861	-8.23601	0
-11.77	15.9075	0
17.3862	9.7663	0
-3.13166	19.4892	0
-5.33514	-18.3411	0
18.1611	-5.70643	0
13.0387	13.889	0
-2.74495	-20.2042	0
-19.3021	-2.33356	0
-20.915	-0.871699	0
-19.2768	-3.93736	0
-20.0627	2.14368	0
19.3012	-4.96134	0
-11.1646	-16.6719	0
-20.9744	0.0729021	0
14.6332	-12.4493	0
-12.8397	-15.781	0
18.3705	4.92368	0
-12.7314	15.2375	0
-10.6604	-17.6883	0
18.3774	8.70895	0
19.1074	-1.46047	0
-7.02948	-19.7031	0
10.8833	16.8477	0
15.0115	-14.4372	0
6.66032	-18.213	0
-11.1124	17.6207	0
-9.48928	16.4761	0
-20.5468	-2.79338	0
19.4391	1.99087	0
-10.245	16.3707	0
-3.45533	-19.04	0
-1.15856	20.3652	0
15.2858	-13.3775	0
11.5084	-15.1533	0
19.8813	-0.966855	0
-2.66225	-19.4303	0
20.2886	2.72711	0
18.7587	-7.88153	0
-10.9133	16.4254	0
-10.6769	17.6405	0
0.917529	20.5693	0
14.4309	14.0572	0
3.47967	-18.7169	0
-1.37206	-19.1468	0
-6.77143	-19.3492	0
-16.0986	-11.6342	0
-17.0102	11.4174	0
-16.5762	-12.721	0
-13.4787	-13.8177	0
-14.4128	-15.2544	0
-1.85535	19.7297	0
-17.3901	-10.4158	0
-1.41769	19.2295	0
2.42048	19.097	0
-19.5941	5.02746	0
15.5239	-11.0031	0
-7.8384	-19.4539	0
18.403	-5.63546	0
-20.3318	-3.72947	0
-20.7176	0.177435	0
-14.4903	13.0988	0
18.5912	-4.87624	0
-15.0395	13.522	0
-19.1147	-0.268638	0
-15.5516	13.76	0
18.7121	8.3357	0
17.9107	-7.18188	0
15.1912	13.3856	0
-11.6429	-16.075	0
11.0678	-17.2328	0
3.22683	20.5255	0
18.9391	-3.05798	0
9.92235	-16.9057	0
20.4545	3.28425	0
20.2982	2.68225	0
-9.10111	17.039	0
5.21468	-19.9447	0
20.6493	-1.94759	0
-0.114186	-20.2905	0
-8.20786	-18.6601	0
1.126	-19.6704	0
18.4605	-9.77087	0
-11.1732	-15.7536	0
-20.7204	0.964709	0
18.9302	7.37224	0
15.3018	11.9281	0
-20.1902	-1.07856	0
3.18619	19.6748	0
19.5841	1.08326	0
20.2751	-0.984389	0
10.7247	-17.1571	0
-18.7379	-8.00676	0
-9.0821	-17.4671	0
-16.7311	-11.3076	0
15.1964	12.3542	0
-20.4192	-0.877072	0
-13.2697	-16.1036	0
-8.39348	17.2777	0
12.0675	15.5333	0
-16.0159	-11.8673	0
7.15168	-17.6751	0
-0.538746	-19.8034	0
-12.6167	16.5752	0
-5.27289	19.1874	0
2.34487	-20.7186	0
-17.851	-9.8522	0
-5.26335	-18.5378	0
0.602837	20.389	0
13.3319	-14.6595	0
-13.9486	-13.034	0
14.1029	12.7442	0
-14.9974	12.8649	0
3.90809	-20.4346	0
-6.80288	17.943	0
18.4074	-9.48297	0
-9.96841	18.1289	0
-13.1523	15.8539	0
20.511	-2.89289	0
13.0399	15.5436	0
-15.5095	11.6153	0
-18.9645	-7.17908	0
-4.52822	-20.246	0
18.2999	8.61717	0
19.5015	3.07597	0
-17.4974	-10.6903	0
19.2451	-1.86294	0
18.2998	-9.9613	0
-16.5369	11.9518	0
-19.3552	-7.8057	0
-18.5429	-5.37938	0
-9.53022	-17.911	0
16.9881	-9.01471	0
16.6122	-10.8733	0
-10.7293	-17.8612	0
17.8748	-7.59817	0
-10.0056	-18.0123	0
-16.8121	9.3301	0
-19.5411	-4.04719	0
-7.65155	18.9307	0
-10.2165	17.5053	0
16.5028	12.3804	0
11.4477	-17.3751	0
-3.64392	18.6626	0
10.3517	18.1361	0
18.2973	-9.49522	0
6.87998	-17.9072	0
-11.1072	-17.3436	0
-14.9397	13.7841	0
-19.6069	4.08208	0
-18.0306	-6.19816	0
-0.204715	20.6076	0
-15.1529	-12.5456	0
4.38691	18.6291	0
13.4893	-13.4081	0
-20.4823	0.794835	0
-19.1184	7.64999	0
19.1582	-6.53453	0
-13.3893	-13.9614	0
-13.7615	15.6118	0
1.87025	-19.9133	0
18.6879	-8.90183	0
-0.191106	20.4864	0
-14.5345	13.8635	0
-13.1649	13.7763	0
-20.3719	4.80735	0
-1.03151	-20.0379	0
2.45367	-19.4771	0
7.4045	-18.4521	0
-19.0964	-7.54574	0
12.8107	-15.7468	0
-17.3328	11.0818	0
-18.0233	7.40515	0
-2.81923	-20.1504	0
-16.0496	13.0364	0
19.6049	0.6535	0
12.7779	14.1172	0
-11.5811	16.2418	0
-4.86341	-20.2251	0
-2.36524	-19.5223	0
-19.2173	-0.113111	0
11.4078	15.8607	0
13.7984	-13.5462	0
-2.76955	-20.6892	0
-19.9124	5.02231	0
20.1693	3.22903	0
-10.297	-16.5972	0
19.0706	8.00902	0
-12.4156	-16.4238	0
16.6371	-10.9381	0
16.9525	9.85087	0
18.9982	-2.06953	0
17.8096	-9.12457	0
-0.954811	-20.7886	0
5.0296	-20.2948	0
-15.5772	12.0782	0
-15.0357	12.5193	0
-9.1861	18.5618	0
-14.9016	-13.3009	0
4.37423	20.1776	0
-11.2484	-17.0315	0
-20.0358	-5.03221	0
20.4505	-0.577928	0
1.7723	19.2348	0
18.1376	8.51939	0
19.6829	0.219422	0
9.22996	-16.8832	0
19.4654	-0.737365	0
19.0558	-1.28889	0
13.0389	16.2968	0
-16.6706	-10.3026	0
-17.6845	7.49719	0
9.50296	16.7777	0
-4.79858	20.1319	0
10.7181	-17.6466	0
20.5406	3.74354	0
-10.5376	-17.6084	0
-19.9822	4.37046	0
-19.7711	3.76735	0
15.9204	12.1009	0
13.7732	-13.4872	0
13.8308	13.8602	0
-19.9163	-1.86186	0
15.7383	-11.2663	0
-6.9917	19.7516	0
17.5967	-9.81208	0
18.6087	-8.98112	0
5.40326	18.9707	0
19.0957	6.21028	0
9.19697	-18.2229	0
9.08233	18.5246	0
19.7094	-1.81	0
12.1763	15.318	0
20.4984	4.4624	0
16.5098	9.47016	0
-1.13819	19.6696	0
19.0319	5.83005	0
-13.2132	14.4317	0
-18.8279	-6.42818	0
3.84856	-20.2209	0
-11.8861	16.136	0
-20.8029	1.47032	0
-9.17436	-18.1369	0
-1.88621	20.7834	0
16.5998	-11.9613	0
19.1744	6.61114	0
-5.19925	-20.3414	0
-5.18863	19.2307	0
-17.0068	-9.49604	0
-16.4179	13.0653	0
-12.2447	-16.0628	0
9.36893	-16.6182	0
5.79664	19.6794	0
1.98647	-20.7023	0
14.4346	14.6749	0
-18.6179	-6.04663	0
-7.57142	-19.4751	0
4.76465	-18.889	0
12.0054	-14.8995	0
18.9386	-2.07971	0
-8.89855	-17.9445	0
-12.1455	16.2863	0
-20.6084	-0.655821	0
-13.1363	14.1726	0
-10.1721	16.8361	0
1.22771	20.1612	0
19.9065	6.67067	0
20.1225	-0.619325	0
20.2182	-3.56833	0
20.0897	0.423462	0
20.3686	1.77373	0
-10.5068	-16.0814	0
20.011	4.54195	0
-1.99493	-20.4685	0
7.54662	-19.0486	0
-3.86013	19.8232	0
-2.97406	-18.8104	0
-20.3328	0.152103	0
-12.6678	-15.3096	0
-14.6878	14.3025	0
17.5046	11.2891	0
-3.18336	19.5835	0
-11.451	16.0904	0
10.006	16.1518	0
-16.9323	-12.2092	0
-6.4912	-18.2704	0
-12.7031	-15.0044	0
16.6702	10.9454	0
-5.31333	-18.8739	0
7.55887	17.9935	0
7.53191	-17.7597	0
-5.30303	18.9953	0
-8.39924	-19.2262	0
4.18001	18.8601	0
-4.67054	-18.4635	0
17.9521	-8.19991	0
-6.62577	-18.7698	0
9.08761	-17.311	0
-19.6031	3.49365	0
9.39893	18.2407	0
-17.808	9.77196	0
19.6562	-1.66251	0
-2.20122	-19.7644	0
-15.1548	-13.6945	0
-17.8458	9.69532	0
-9.70487	16.9923	0
-17.4879	8.3595	0
-19.4906	4.03454	0
-17.7145	-9.43367	0
16.9685	10.3098	0
-6.25137	19.8238	0
-2.21105	-20.7548	0
-1.24491	20.9414	0
19.1623	-5.36615	0
-3.57133	-20.2703	0
7.02776	19.7306	0
-10.5212	-17.7416	0
20.719	2.71385	0
-19.8785	-1.96233	0
-20.6766	2.10654	0
6.47594	18.4692	0
-8.55237	-17.2988	0
11.7995	-15.3848	0
7.51245	18.3295	0
17.3679	-9.72787	0
-1.98515	20.0356	0
-12.6591	-14.2372	0
-16.7461	-9.69383	0
-10.0581	-18.4113	0
15.5077	-11.1349	0
-18.6146	4.40894	0
18.5104	-8.06294	0
-12.5153	-14.3973	0
-0.0771912	-19.9137	0
-1.48825	19.934	0
-19.4075	-7.19687	0
17.1387	8.41061	0
9.69253	18.4002	0
12.0136	-17.2037	0
15.382	-12.3092	0
-11.6754	-15.3176	0
-14.7516	13.3469	0
-19.3881	0.943165	0
16.2889	12.6052	0
-14.3466	14.5367	0
-16.1596	10.8319	0
-19.0674	8.32501	0
-15.7493	12.7008	0
-7.4534	18.0649	0
19.342	-5.41718	0
-16.2813	-10.3798	0
-19.3084	-4.81088	0
17.1517	-11.4913	0
-7.0161	19.06	0
9.57408	-16.527	0
-17.6317	7.30979	0
-14.3207	14.9926	0
2.4935	-19.3743	0
-9.3981	18.6059	0
-12.8482	-14.9094	0
13.8238	-14.3743	0
-19.1108	-2.88917	0
4.75306	20.2607	0
20.4747	-3.29234	0
-19.1573	7.85604	0
-20.9044	1.41525	0
-19.3707	4.76842	0
-15.8485	12.6342	0
2.77153	-18.9834	0
16.0904	-12.6989	0
14.0602	-14.8892	0
15.4892	-11.9171	0
-15.7281	11.1259	0
-8.72994	-17.8245	0
-8.6356	-19.0535	0
15.2128	11.7007	0
-10.6793	-17.2738	0
-14.1623	13.232	0
-0.669395	-19.359	0
-13.4418	14.6942	0
-2.64101	20.7556	0
-6.64756	18.9174	0
-9.8818	-18.1162	0
-11.881	14.8842	0
-13.066	-14.0077	0
20.6533	3.55951	0
-19.9644	5.54597	0
17.0415	-10.5777	0
-16.5796	11.5552	0
-10.5006	-17.3742	0
-19.1519	1.46532	0
4.79179	18.6775	0
-19.2938	4.01841	0
4.1669	18.5478	0
9.80543	-16.495	0
17.2473	-10.9328	0
19.646	-4.09994	0
-15.977	12.6921	0
-18.5636	6.01666	0
15.1219	-12.7821	0
20.2937	4.10048	0
6.84039	-17.7524	0
-2.32327	19.6567	0
-17.4132	-11.1179	0
-12.0936	15.3394	0
1.18081	-19.7087	0
-18.7865	6.11286	0
10.337	17.2571	0
-19.393	-6.58932	0
-9.95866	17.8461	0
-14.5827	-13.8511	0
-20.5624	-1.14126	0
1.48236	19.3203	0
-16.3969	-11.1215	0
-12.685	-15.5599	0
19.0597	5.09943	0
8.70147	-18.9072	0
-13.9508	15.4495	0
-6.34259	19.9366	0
-2.66104	20.4742	0
-19.287	8.03053	0
-18.3764	7.12465	0
16.981	-8.94793	0
-16.4753	-11.0346	0
2.76183	19.7765	0
8.22843	-18.0078	0
15.9788	11.7578	0
16.6086	-9.95063	0
-4.4243	-20.3227	0
5.97113	-19.0659	0
-6.3887	17.9802	0
-16.2167	10.9591	0
-18.497	5.51901	0
16.1022	12.1269	0
8.05972	18.8785	0
-8.77836	18.1406	0
-13.0911	-15.2867	0
5.54811	-19.6956	0
-0.289629	-19.1265	0
-15.1515	-13.1501	0
-2.46531	19.8688	0
-20.3352	-0.211441	0
-7.15013	-18.6512	0
-18.732	6.79218	0
20.1671	2.82325	0
-2.77761	19.3437	0
14.8407	-12.8258	0
-12.7842	-15.6164	0
-16.2138	-12.1256	0
14.8885	13.2261	0
8.25729	-18.4163	0
-17.5861	-7.56234	0
15.5047	-13.3861	0
7.80039	-17.8056	0
17.446	-10.493	0
-2.803	-19.3555	0
6.02196	-18.2322	0
20.2482	4.83944	0
-2.30025	20.8143	0
7.55876	-17.6561	0
-12.9417	-15.7044	0
18.766	6.82811	0
-10.4215	-17.2933	0
13.4325	-14.9024	0
-19.9579	-2.10754	0
-13.5881	-15.9741	0
16.8192	12.037	0
9.63617	-17.3142	0
-18.393	5.52877	0
-19.9926	-3.70332	0
-3.39615	18.7054	0
-2.49964	-20.1513	0
-1.58345	20.3155	0
-20.9145	-1.32995	0
-6.92019	19.5134	0
-2.10353	20.4852	0
-6.05808	-19.96	0
-19.2582	6.65567	0
15.6969	-13.3765	0
-8.24558	-18.3703	0
19.0521	-4.61724	0
20.5651	-0.46938	0
-19.2075	0.119381	0
16.7698	12.1977	0
8.73355	17.404	0
-10.7965	17.6984	0
9.9257	-17.4893	0
-0.9648	-19.0584	0
17.5983	-7.36369	0
-18.6054	8.45609	0
-18.0152	-8.94049	0
9.14457	-17.4249	0
-12.2021	15.1342	0
-5.05193	-20.0176	0
19.6516	-2.80868	0
-1.22685	20.0282	0
-19.2091	0.277736	0
11.507	16.2305	0
0.788933	20.6532	0
4.41817	-19.1497	0
15.0279	-12.0064	0
-19.471	-5.53926	0
9.04083	17.6377	0
4.68608	-20.2937	0
-9.09249	-16.7599	0
-18.5355	7.30712	0
-13.3495	-14.9726	0
19.4839	5.21394	0
-8.70751	-18.7516	0
-0.228001	-20.7419	0
-2.93983	-20.6785	0
-11.6152	15.2214	0
-11.1991	-15.3944	0
-16.9948	-12.2901	0
7.00178	18.9965	0
-12.9941	-16.0688	0
-2.438	20.0849	0
-13.5267	13.9734	0
13.0272	15.0904	0
15.0657	12.6238	0
-19.6328	-2.08388	0
-19.004	-1.9642	0
-18.0988	-7.07495	0
-19.1904	-5.6605	0
-19.9885	3.38162	0
18.9307	4.102	0
15.7885	11.0682	0
-8.99565	-18.0163	0
-6.39955	18.0493	0
-18.6518	-6.12191	0
-18.3072	9.23832	0
-4.71583	-19.0357	0
-1.07163	-19.6817	0
18.3081	9.47372	0
2.93648	-19.9073	0
-18.8873	6.91908	0
-20.2903	3.63563	0
-3.72829	19.6834	0
-5.62469	18.8775	0
8.51256	17.5201	0
-13.4584	15.3337	0
7.86786	-19.4674	0
-0.971927	19.5681	0
-0.0330402	20.6907	0
3.08963	19.518	0
3.17031	-19.2157	0
17.5206	-8.51715	0
14.5791	14.4411	0
15.7775	12.4398	0
7.87985	17.3835	0
15.471	-11.1213	0
-14.6523	14.7538	0
-8.4553	-17.8988	0
-20.0187	-1.98179	0
20.2716	-2.22503	0
-19.3474	-5.3718	0
-10.065	17.165	0
-8.78864	-17.2386	0
-20.2499	-0.415564	0
-18.5781	-7.26833	0
14.2007	15.3754	0
19.0737	8.03298	0
-16.1967	12.726	0
16.5754	-10.5375	0
13.4804	-14.7322	0
8.33429	-18.787	0
11.8369	-16.4579	0
-8.18637	-17.799	0
1.52449	-20.6246	0
-19.1922	-7.66939	0
-6.31115	18.1448	0
-12.277	16.5034	0
0.218847	19.2232	0
-20.5078	0.881156	0
-10.321	-17.8396	0
11.1413	-17.7775	0
-11.9633	16.3397	0
-6.89477	-18.6715	0
15.419	-11.3154	0
-6.22576	19.8034	0
-2.75002	-20.0207	0
-4.19383	18.7045	0
6.13666	-19.6199	0
16.9608	8.96484	0
-7.71935	17.7676	0
13.9293	15.2874	0
19.2028	0.45382	0
19.6781	-4.90189	0
19.4685	2.2168	0
-6.72629	18.5197	0
19.0768	-5.56226	0
4.12158	20.2712	0
3.93963	19.4105	0
-3.61445	-19.8091	0
11.7694	-16.2454	0
19.7067	2.02081	0
13.8223	14.8445	0
-20.232	1.6903	0
-19.408	1.48557	0
-20.0106	4.72814	0
19.0016	0.837636	0
-2.89303	-20.2789	0
2.76545	-18.962	0
-6.04444	-19.7723	0
-4.42791	18.8015	0
13.6097	15.9675	0
1.2768	20.1503	0
7.67077	18.165	0
14.8078	13.0067	0
-7.57017	-19.5765	0
-17.7179	10.9154	0
-8.41466	-18.8468	0
-8.46181	-17.8175	0
-9.04928	17.0737	0
19.3308	-6.77941	0
7.84232	-18.1478	0
-10.7588	-15.8206	0
-8.38794	17.289	0
13.5601	-14.0241	0
-15.6932	11.4976	0
-15.4266	-11.5727	0
-16.7529	9.57524	0
-19.6372	-4.25582	0
10.346	-17.5023	0
19.353	-0.242275	0
-20.0259	4.69878	0
17.5234	8.13105	0
2.28214	19.7388	0
-1.55925	20.0991	0
9.66927	-18.6127	0
20.1308	2.87592	0
-15.7807	-12.5564	0
-13.4593	15.4345	0
-11.5823	15.5886	0
-4.4676	20.4982	0
-18.846	9.23618	0
-19.0641	-1.81896	0
-13.4054	15.3917	0
2.73228	-20.8133	0
-12.2659	-15.6782	0
-2.70207	-18.8927	0
-19.239	1.82999	0
-1.75886	19.0351	0
5.36609	-19.1185	0
6.72626	-19.1072	0
16.9357	10.7158	0
11.7735	17.1081	0
2.1067	-19.747	0
-19.3565	-0.538128	0
-9.33225	-18.6247	0
11.123	17.5755	0
-9.53301	-17.0281	0
17.9478	10.3607	0
19.1363	-1.29508	0
-19.2009	-3.04374	0
2.97194	-20.2139	0
19.2807	2.2678	0
-1.90435	-19.0481	0
-4.17582	-18.9637	0
13.4805	15.5115	0
-2.78168	-18.8118	0
2.04081	-20.0941	0
18.1648	9.77538	0
18.829	-7.64382	0
-5.37828	18.6514	0
-18.7279	-6.97987	0
18.9901	-1.81602	0
-18.0654	6.91716	0
0.253992	-19.5914	0
-3.68644	-19.772	0
-7.58973	-18.1188	0
-19.3792	-3.21602	0
-20.6152	0.440098	0
19.7612	4.35836	0
16.445	11.1367	0
0.859955	20.484	0
-4.55478	19.7327	0
-0.14519	19.181	0
-8.47917	18.559	0
8.55748	-18.6516	0
-5.93152	19.7396	0
-4.80752	-20.3602	0
2.40854	18.9854	0
9.20847	17.4825	0
-19.9185	-2.98558	0
-18.5788	-7.63934	0
-15.4384	-12.8178	0
2.61888	20.2349	0
-5.91548	-18.8369	0
7.98315	-17.3126	0
-20.8655	0.253724	0
-19.7462	0.984724	0
-14.2986	-12.9595	0
18.8481	4.29842	0
18.2222	-10.111	0
19.121	6.50732	0
11.359	16.5435	0
-10.2212	-18.1309	0
19.7856	4.53915	0
9.56559	18.2355	0
-7.54261	17.5668	0
19.3604	-0.449969	0
18.7934	-2.97753	0
-17.1005	11.4723	0
-19.814	3.86561	0
-10.5305	-17.5534	0
18.0945	-9.85026	0
10.5932	-17.4461	0
-5.66214	-19.3954	0
-15.7915	10.5671	0
-14.2258	-12.9327	0
20.0065	-0.475705	0
-11.5105	-16.9017	0
20.1902	1.03836	0
-20.0248	0.428909	0
-10.9527	17.1129	0
15.4191	14.0308	0
-1.16713	-20.2899	0
-14.654	14.1234	0
-8.50193	-17.2059	0
-14.5074	-14.4486	0
-16.6096	11.147	0
-16.0583	11.2394	0
4.47578	20.2405	0
-19.8719	3.23383	0
13.201	-15.4273	0
-16.9126	8.88839	0
18.4405	-5.82498	0
-13.9959	-14.691	0
-6.23197	19.952	0
-19.1371	4.80123	0
10.2309	17.4716	0
-19.557	-5.61253	0
6.62772	-19.0961	0
-9.64563	18.537	0
-16.0945	12.0232	0
-16.642	-10.9398	0
11.5585	-16.2549	0
-20.3138	3.92082	0
7.41799	-18.2775	0
-19.3028	-3.70777	0
1.15539	-18.9824	0
-6.70121	18.4081	0
-19.0096	-3.55964	0
-19.6666	-0.553933	0
11.0762	15.6924	0
-17.6229	9.14096	0
8.02309	19.0106	0
-16.6059	9.80096	0
19.8552	-5.52633	0
16.4395	12.556	0
-3.71724	20.5293	0
-13.789	15.7794	0
19.9439	-0.0322322	0
-17.9377	8.90957	0
-20.3648	0.467959	0
19.6272	-2.66001	0
-20.4986	-0.542032	0
-11.9119	15.7079	0
5.30713	-18.974	0
4.03121	-19.2859	0
-9.30256	-16.6278	0
-1.32535	20.036	0
14.7321	-14.1066	0
10.4412	-17.0554	0
-8.83831	17.7891	0
-6.91179	19.2117	0
-17.5541	9.98252	0
17.7071	10.0841	0
2.9185	-18.9739	0
13.3881	-14.1043	0
-16.565	11.7673	0
17.8847	7.03842	0
15.686	13.7433	0
18.0806	-6.47343	0
9.02263	17.5491	0
18.9715	1.21237	0
10.3824	17.7184	0
-19.7434	2.97531	0
13.3802	13.58	0
16.4089	11.5622	0
-16.7161	-10.3765	0
-17.4769	-9.49898	0
16.0596	-12.7246	0
10.0874	-18.3079	0
-19.9813	3.97262	0
-11.4231	17.1233	0
10.845	16.0734	0
-14.4176	14.7879	0
-19.898	-2.71895	0
16.7762	-9.81564	0
13.7767	-13.4185	0
-17.2415	-11.8862	0
-17.8907	-8.31811	0
-15.3641	-13.1432	0
10.857	-16.5305	0
-16.6428	10.6741	0
-8.55816	-18.3819	0
18.0305	-10.5911	0
19.4492	1.4077	0
8.60776	-18.8308	0
11.4966	16.5208	0
-1.11539	-19.2163	0
15.8628	-10.8648	0
10.6395	-16.7196	0
-3.18243	-18.9075	0
-15.356	12.0955	0
-11.7818	-14.9062	0
18.4103	-8.81941	0
12.746	-15.3267	0
-20.5537	-3.62087	0
-15.2737	13.9965	0
9.82109	-16.3578	0
-19.3476	-7.02024	0
4.29362	-19.0696	0
-20.0809	0.805988	0
-20.4892	4.33685	0
19.9692	-6.34828	0
0.122741	-20.1768	0
-16.2731	-11.2963	0
11.5489	16.8357	0
-20.2292	-4.41731	0
-18.0491	-8.03323	0
-18.4183	-6.43954	0
20.0635	5.46827	0
-13.7737	14.7507	0
20.1764	3.62284	0
-17.8332	-7.26369	0
19.6074	-0.180633	0
-8.42372	17.2012	0
-10.3301	-16.798	0
-4.47147	19.6249	0
-1.44416	-20.0685	0
13.6174	14.9709	0
20.299	3.42831	0
-12.8259	-15.6187	0
15.4894	13.1501	0
-9.90968	-17.9494	0
18.0702	-5.94662	0
-16.9393	-12.0123	0
17.1544	12.0292	0
18.936	8.09455	0
17.9427	-8.81287	0
-5.92403	-19.6344	0
0.34444	-19.9079	0
3.22321	19.3849	0
-20.2132	1.26938	0
17.8904	6.51358	0
16.2026	-12.417	0
9.91199	-16.8169	0
-7.42807	18.6238	0
10.174	-16.1425	0
17.3123	8.63978	0
-0.247226	20.1681	0
20.6096	-0.472664	0
0.467989	20.9618	0
-20.9506	0.793107	0
-11.299	-16.4907	0
15.5316	-11.7218	0
19.2075	-4.9559	0
20.746	-0.0948569	0
15.3144	-12.687	0
-20.8074	0.907705	0
16.7429	10.4481	0
-9.38673	18.4883	0
16.3007	11.542	0
-19.5185	1.27116	0
5.7788	-18.7929	0
-16.047	-10.5884	0
9.52714	-18.5711	0
11.8689	-15.0133	0
-19.1638	-1.14361	0
9.04571	-18.6388	0
-17.7887	-10.2202	0
-14.0366	15.2817	0
-2.20494	-19.8144	0
14.6687	-12.9178	0
-14.906	-13.7035	0
2.49592	19.7743	0
9.41297	-17.888	0
-12.9241	-15.6391	0
17.4115	7.71135	0
20.4446	-1.86097	0
9.42623	-17.3672	0
11.3919	17.5677	0
-3.86817	20.1646	0
6.96659	19.5542	0
13.1588	15.4652	0
12.514	-14.4318	0
-9.52253	17.1644	0
-8.52927	18.7204	0
-15.4528	12.9985	0
13.6723	-15.04	0
15.8912	-12.4729	0
-6.60085	-19.4768	0
-19.914	3.96562	0
12.5931	16.52	0
10.1636	-16.2373	0
-20.5232	-2.37565	0
-15.3608	-13.7239	0
-12.0673	14.8397	0
18.8897	3.26228	0
-19.3314	4.11392	0
17.7193	-9.66629	0
-5.7946	19.1059	0
9.80116	-16.5625	0
19.7235	-1.72445	0
13.2435	-15.0793	0
15.3868	13.8969	0
13.0593	15.6215	0
-17.8839	9.03913	0
15.1854	-14.2584	0
14.4849	12.805	0
-16.9158	-10.7292	0
-1.76428	20.4522	0
12.3784	-14.695	0
19.0789	4.30424	0
10.9721	15.8263	0
-10.8934	17.422	0
-20.4026	4.36902	0
9.69657	-18.0607	0
-14.3947	-13.7705	0
-0.37905	-19.2114	0
-13.8854	15.4392	0
-18.6212	-4.95802	0
-16.4608	9.58145	0
0.950659	-20.2003	0
-20.9572	-0.618553	0
-20.2573	-4.98423	0
17.7621	-10.5089	0
-20.717	-1.06252	0
6.47731	-18.244	0
-6.8277	-19.8163	0
12.6816	-15.7914	0
18.1201	-8.26805	0
18.6649	-8.22824	0
-19.1094	-1.93095	0
-19.9426	3.21748	0
18.2689	6.53569	0
-3.55211	20.4911	0
-20.6614	-2.65194	0
18.3153	7.859	0
-3.49601	-19.1753	0
14.6064	-13.1105	0
1.91669	19.4746	0
7.0661	-17.6579	0
18.2123	-5.64847	0
-20.4464	4.11181	0
-19.6176	-6.94362	0
19.7468	1.2479	0
-12.789	15.1215	0
15.3187	12.0951	0
0.952481	19.5362	0
-19.5817	0.479915	0
18.1039	6.10167	0
-11.2249	15.7938	0
-11.2494	16.0405	0
19.0953	5.70417	0
-9.04751	18.2725	0
10.7865	-16.1115	0
16.8606	-10.0666	0
-17.7015	-7.19052	0
8.95382	18.699	0
-17.2199	-11.8971	0
-18.0385	-7.45855	0
-3.97012	-18.9971	0
19.9898	4.16496	0
0.420321	-19.3199	0
-3.67812	19.1603	0
17.4148	-9.90149	0
19.2215	2.63383	0
-17.4355	-10.4365	0
18.1556	10.2529	0
15.7429	-13.0596	0
-5.2347	19.4366	0
-18.6547	-8.5931	0
13.0726	-15.6363	0
-18.1461	6.6587	0
11.4917	-17.5268	0
20.1157	-0.909556	0
3.43606	-19.7056	0
-15.5113	12.6589	0
-16.4117	-12.3628	0
-2.13117	19.2962	0
-19.6866	1.8118	0
-4.52417	-20.3722	0
17.0828	-9.28918	0
19.6764	-3.73617	0
-5.66128	19.5959	0
-7.89273	-18.5763	0
-19.3711	-4.96433	0
-0.879075	19.01	0
-19.7188	5.20523	0
-18.1955	-8.29612	0
17.5205	10.3436	0
-12.4571	14.9609	0
-20.4813	4.36674	0
17.038	11.9344	0
-11.5697	16.1621	0
-17.6081	-11.0962	0
12.7891	14.975	0
-3.86013	19.3934	0
6.2132	-19.2334	0
13.2656	-13.6914	0
11.813	15.3402	0
-7.33936	18.5513	0
-9.455	-18.6396	0
-15.5201	13.651	0
3.4219	-19.4312	0
15.8321	12.0912	0
19.6541	0.205884	0
12.9084	-16.3622	0
-6.48698	18.1099	0
-3.99083	-19.9798	0
-19.2297	7.03651	0
16.0403	-10.89	0
-19.4944	-2.58286	0
-19.9797	-1.51736	0
18.3903	-8.12886	0
19.2585	5.86142	0
15.4095	-11.8932	0
-17.1546	8.58165	0
18.1913	9.04551	0
11.1288	16.5537	0
-16.7992	9.42336	0
20.2564	-2.18316	0
19.8817	-3.19622	0
-3.85864	19.602	0
-12.2087	16.2262	0
-13.4249	15.2939	0
-19.1675	-1.21898	0
13.1305	14.1804	0
20.2263	2.60113	0
10.4603	18.1582	0
-11.2065	17.1203	0
7.37282	17.611	0
-4.75555	-19.8124	0
-2.61844	-19.9953	0
-17.6957	10.1551	0
-19.3273	-4.85099	0
-19.5481	4.2568	0
9.89282	17.8718	0
17.9831	8.02942	0
-17.7588	9.02689	0
-0.90769	-20.4942	0
11.4089	16.3392	0
-5.59785	18.5035	0
-10.3781	-16.5064	0
-14.8471	14.0916	0
-1.65911	20.1223	0
7.8254	-17.498	0
-3.921	-19.3959	0
19.5045	2.2578	0
14.2815	-14.7568	0
8.50517	17.3384	0
18.7419	-9.3571	0
-17.8603	9.66976	0
3.49485	-20.6061	0
20.7568	-1.83102	0
20.4789	-1.91423	0
-15.8667	-11.0077	0
18.3065	6.98961	0
-16.6826	9.95799	0
-19.6768	-3.04213	0
17.6924	7.16199	0
13.3191	-16.0006	0
-20.4766	0.50108	0
18.8059	-2.81232	0
-3.21137	19.4719	0
18.6263	5.6438	0
5.9401	19.8721	0
2.24018	-20.2976	0
-15.7599	-13.6509	0
19.6524	-4.98928	0
-1.42784	-20.5343	0
19.1194	-0.355891	0
-3.84162	-20.453	0
-4.92109	-19.1859	0
18.6437	-8.99799	0
14.8873	-14.3644	0
4.53786	20.3042	0
-19.8739	3.27788	0
14.2187	12.664	0
13.3301	-16.0581	0
18.6954	9.51426	0
16.1093	10.6251	0
-16.793	10.0018	0
7.66823	-17.4234	0
-19.7347	-1.27622	0
-18.6052	-9.15698	0
-13.5977	-13.8232	0
9.69484	-17.1881	0
-17.9015	-6.55286	0
-6.65923	19.0132	0
8.30823	-18.8674	0
-15.6164	12.0948	0
-19.3922	-2.35028	0
-15.1127	11.5444	0
-19.075	0.594965	0
8.00808	19.1342	0
-1.63499	19.7893	0
-4.87147	19.7885	0
-20.69	-0.972502	0
-12.3627	-14.8988	0
18.4521	-7.77399	0
-16.9396	11.2724	0
-0.0244925	20.453	0
2.07245	20.4258	0
7.79725	-17.9073	0
-4.93809	-19.0812	0
2.8491	18.7934	0
-18.7149	-5.04323	0
8.07258	18.1376	0
15.4105	-13.4211	0
16.842	-9.92862	0
-9.17845	-18.6762	0
19.511	-2.56668	0
-18.1812	8.3802	0
-8.97571	16.7491	0
7.78151	-18.0215	0
-18.6065	7.21192	0
10.0553	-16.7754	0
-20.0325	2.90478	0
-13.382	-15.2878	0
19.0331	-4.24329	0
-9.26848	18.0287	0
-15.6786	-13.0486	0
11.8622	-16.3135	0
-17.2502	7.9673	0
0.939359	-20.6898	0
-2.93602	19.0601	0
15.9918	-13.3852	0
15.9079	-11.7289	0
-10.3372	-17.2618	0
15.7213	-12.242	0
16.1537	-12.8059	0
18.4752	-5.43264	0
14.6931	14.1215	0
-19.6364	5.87771	0
-0.302307	20.9087	0
-19.114	-1.38785	0
15.8016	-12.2287	0
-20.3565	0.108274	0
-18.5523	6.31905	0
-18.2199	-7.87915	0
-10.1241	17.3651	0
-17.3039	7.89339	0
12.6941	-14.5736	0
15.2259	13.1931	0
-8.31911	19.2272	0
-13.5284	13.4024	0
-6.53	17.9232	0
-10.4211	16.4551	0
-17.5591	-8.40326	0
-3.39391	19.9249	0
-18.6931	-6.32442	0
-19.9219	3.00737	0
18.8844	-7.19621	0
2.49325	-18.8382	0
9.6609	17.4246	0
-16.5177	-12.3036	0
-20.1571	1.3606	0
16.1881	-13.2928	0
-16.5235	12.9057	0
-19.7956	-2.22213	0
-2.76991	-19.9278	0
3.23614	-20.6213	0
-16.3849	9.96779	0
19.7982	6.13504	0
-1.50459	20.4111	0
-16.9623	11.4468	0
8.63544	-18.4629	0
19.4312	-0.245781	0
-19.4951	-7.05455	0
-19.8254	4.10526	0
-16.0429	-11.8264	0
-0.994617	-20.1048	0
10.3015	16.0818	0
-16.5083	-10.476	0
-5.38569	18.4034	0
-18.9551	8.97349	0
-18.3495	-7.46616	0
19.3709	2.16208	0
-10.3279	17.605	0
-0.385797	-19.3749	0
-6.28424	-18.2364	0
7.81041	19.3263	0
15.6159	-12.5276	0
-2.30526	-20.1613	0
-16.689	11.5185	0
-17.1574	-12.0282	0
-15.4405	12.0642	0
11.5488	17.2882	0
-15.4709	11.5908	0
-18.8339	-6.09369	0
-20.4108	-0.0773838	0
1.80671	20.0132	0
-19.3425	-2.95047	0
-17.2004	9.88723	0
11.3908	17.1227	0
17.8774	-7.41444	0
12.6559	-16.672	0
16.8932	-11.8521	0
-19.6008	-6.66018	0
-1.43991	20.0689	0
17.5494	8.37165	0
12.3185	-16.0413	0
16.8382	-12.1156	0
-11.6423	-15.821	0
-19.631	6.71799	0
-18.2918	-5.14778	0
2.38519	-20.3799	0
-13.1933	14.4772	0
-19.8265	-6.56744	0
-3.10168	20.0633	0
11.7548	-14.9653	0
-19.9477	3.8454	0
-9.73626	18.0732	0
-0.810937	19.517	0
17.9404	-6.50289	0
14.8507	-12.4465	0
-16.8512	10.0219	0
-19.1048	7.67048	0
-19.0201	0.236014	0
19.2232	-2.09085	0
7.69559	19.2397	0
1.35818	-20.4431	0
-17.666	-9.87798	0
12.4423	-14.4626	0
-13.5748	-15.3597	0
-20.6628	2.60788	0
3.20059	-19.6428	0
2.08327	19.777	0
-3.67924	-19.0067	0
-2.51794	19.4757	0
8.96436	18.2422	0
17.7264	8.65905	0
-12.0136	15.2209	0
18.274	7.17476	0
20.0036	4.4525	0
17.1623	10.1764	0
18.1208	-8.93883	0
-5.70495	18.4635	0
12.3453	-16.5113	0
-17.1676	8.56513	0
19.7738	-1.5626	0
-19.8112	1.18823	0
12.3263	14.8754	0
-5.04859	19.3318	0
-10.1171	17.7022	0
-14.1651	15.0738	0
19.6465	-0.943447	0
-12.9455	15.2285	0
16.7062	10.5993	0
18.7098	-4.26791	0
-17.48	9.06367	0
12.8372	15.4006	0
11.6303	15.3935	0
20.2586	0.642724	0
-17.7541	8.47533	0
18.8676	-5.7606	0
-7.16944	18.6321	0
6.57492	18.4448	0
17.8756	9.06088	0
16.1161	12.7859	0
-15.5419	-12.6735	0
20.3938	0.70657	0
-6.04447	-18.9861	0
20.4431	1.3609	0
12.7823	-15.7361	0
18.7681	-7.20515	0
-0.718048	19.0338	0
1.43601	-19.687	0
6.41126	19.9468	0
3.95757	20.3536	0
-18.5735	6.61441	0
-6.14157	-20.0728	0
5.92269	18.1819	0
-16.7472	10.2761	0
-9.95141	16.6332	0
15.8111	12.037	0
9.8132	17.2006	0
17.4781	9.68007	0
13.3533	15.7084	0
13.5995	-13.523	0
17.2067	-11.6675	0
-4.90768	19.1033	0
-17.9194	10.2786	0
9.07137	-17.7827	0
2.79756	-19.9542	0
-6.79677	17.9794	0
-5.29645	-19.74	0
-19.8744	-2.44448	0
3.08343	19.8418	0
-19.2064	-3.09367	0
-18.8842	8.07873	0
-9.4988	-18.5171	0
-2.47882	19.4926	0
-10.4048	-15.9322	0
-19.1375	-8.0655	0
4.74138	18.7335	0
1.28728	-19.2749	0
15.7631	-12.6746	0
11.5865	-16.3579	0
-8.94179	-17.2797	0
-19.7206	4.66696	0
15.2052	11.4049	0
-14.2506	-13.161	0
-6.51704	18.454	0
-9.71126	-17.903	0
18.8951	-7.28822	0
2.93611	20.2728	0
-19.2951	-5.99538	0
-18.1691	-9.82613	0
1.16528	20.5438	0
19.788	4.09133	0
-1.02238	-20.5001	0
-9.0124	17.4121	0
-13.9502	-13.2861	0
-19.0417	-4.05121	0
-5.89878	-18.0909	0
14.5453	14.6465	0
20.2936	-4.32807	0
20.4867	1.27184	0
18.37	-6.47607	0
-19.9372	-0.521727	0
-17.1524	9.03081	0
0.357763	19.5724	0
-0.616938	-20.7676	0
-20.5898	-1.01392	0
-5.81137	-18.3943	0
20.2472	4.03589	0
12.278	15.0472	0
-13.2618	15.7487	0
-6.52614	-18.2965	0
-17.3238	8.4613	0
-13.6241	14.4101	0
2.63976	20.3427	0
-3.83182	-20.1673	0
-20.1988	1.58355	0
10.9778	-16.6256	0
-12.2466	16.938	0
0.268326	19.7182	0
19.6349	-1.54828	0
11.7274	-15.699	0
13.4494	16.0228	0
-10.1165	-16.7631	0
0.761804	-20.7491	0
-18.5691	-5.5396	0
16.1515	10.4789	0
-19.9904	-0.651642	0
16.8867	10.4743	0
-1.11512	-9.0919	1
6.5297	7.61341	1
4.37335	8.79622	1
-8.19977	4.67499	1
9.7305	-0.416713	1
-10.0374	1.81921	1
9.42382	0.402674	1
-6.12713	8.09026	1
5.42615	-8.05176	1
-0.811127	-9.47662	1
4.51873	8.51942	1
-6.94757	6.89797	1
8.52131	-5.36074	1
7.43617	7.21545	1
-10.3232	-1.58356	1
-5.52483	8.22171	1
1.19466	-9.37878	1
7.85531	-4.87306	1
4.02573	9.18899	1
-9.38927	1.52891	1
2.2834	8.71342	1
-9.23446	5.96454	1
6.26796	-8.84993	1
-6.70893	-8.02494	1
7.62577	7.60056	1
1.93539	10.1518	1
6.61602	-6.14789	1
-2.0193	10.3816	1
-2.36929	9.20558	1
-8.6364	5.57514	1
9.9534	-1.74927	1
2.93523	9.41847	1
9.56262	-1.17532	1
-8.51643	6.59108	1
1.28863	10.8845	1
9.44717	4.62416	1
0.294955	-10.6839	1
-6.48515	-7.57024	1
-3.47861	-8.65212	1
4.62215	-7.79466	1
4.8556	-7.92741	1
-1.17251	-9.99922	1
3.29318	9.87737	1
-8.49295	-4.98825	1
10.662	-0.954491	1
6.30291	-7.58594	1
-3.38413	-8.64624	1
2.83562	9.41498	1
-2.03097	8.82363	1
7.60398	-5.53202	1
9.98391	-0.210419	1
-10.5019	0.445677	1
-9.59605	-0.696695	1
1.61262	-10.5606	1
1.41761	-9.85178	1
1.87095	10.6004	1
6.95071	6.6103	1
8.25375	-4.50125	1
-0.227466	9.18189	1
8.03574	-7.09423	1
6.88944	8.04105	1
-4.56356	9.18522	1
9.22949	0.18417	1
6.16069	8.77926	1
6.09495	-7.9023	1
-10.621	-0.851555	1
5.89977	8.38276	1
8.34687	-4.39052	1
5.41969	7.82353	1
-1.09496	10.7955	1
8.139	7.28381	1
-8.09468	5.91924	1
1.28078	-10.0442	1
4.00649	8.11867	1
-9.37774	-2.7452	1
9.43906	0.388993	1
1.22508	10.3324	1
-10.0892	1.68263	1
4.00409	-9.57612	1
-8.41276	-4.0511	1
3.90962	-8.49714	1
-0.550527	10.3923	1
0.0392136	9.15311	1
4.942	7.67958	1
9.80905	0.496052	1
9.24452	-2.55691	1
-6.59466	6.65008	1
-1.27403	9.87338	1
6.10351	-8.95634	1
4.51	-9.14293	1
2.59859	10.3749	1
-6.52747	7.26959	1
3.86598	10.2749	1
9.11354	-6.03053	1
-10.1959	-3.90113	1
-7.03556	-7.7344	1
-6.30997	6.43664	1
-10.3871	3.4814	1
7.44326	5.1038	1
-6.88488	6.3559	1
2.62623	9.21098	1
4.11443	-9.20067	1
-8.77314	3.7987	1
-0.182176	-10.914	1
-5.59202	-9.14193	1
8.78347	5.22411	1
2.36172	9.73061	1
-9.44467	-2.29839	1
-2.60874	-8.79349	1
-3.06136	9.75137	1
-9.05631	4.76031	1
2.56174	9.45424	1
8.8001	-5.24879	1
3.75619	9.99468	1
4.94779	8.25708	1
-10.8844	1.23028	1
-10.5713	-1.47393	1
-3.28453	9.6878	1
-7.08833	8.33577	1
9.38583	-0.116772	1
4.08261	8.73451	1
-10.3167	-2.99808	1
8.86694	3.94008	1
0.106338	9.60848	1
-0.708752	-10.4565	1
7.99227	5.35704	1
9.39559	-5.29002	1
4.96452	9.45657	1
-0.520816	-10.702	1
-7.36491	-5.84258	1
0.869322	10.0686	1
-7.87117	5.37891	1
9.99152	3.77321	1
2.06789	9.93082	1
-8.10769	4.54365	1
-7.70713	-6.80729	1
-6.81891	-8.26767	1
2.83799	9.2188	1
8.15391	-6.93209	1
-9.59346	0.181096	1
-7.24024	7.62545	1
-8.79017	2.42275	1
-1.16527	10.3442	1
-10.0671	-4.01736	1
-4.63261	-9.71438	1
-8.31487	4.26594	1
-7.44824	5.177	1
7.83018	-5.68618	1
-1.48306	-9.57813	1
6.25773	8.85401	1
-6.67613	-7.12308	1
10.0801	1.15595	1
3.75851	-8.65458	1
-9.95603	1.33242	1
-9.92636	3.19883	1
-8.6143	5.49905	1
0.336652	10.29	1
-9.37709	-0.0223889	1
8.58408	-4.89053	1
4.16659	-9.08386	1
-6.84287	6.96118	1
-9.14564	4.34438	1
0.620962	10.1704	1
9.20676	5.37652	1
9.31661	-1.61819	1
-10.2434	-1.17625	1
0.872125	9.19233	1
7.97851	6.84756	1
7.40137	-6.46907	1
7.75083	-6.71433	1
6.84608	-6.48519	1
-2.17744	9.70992	1
-3.60578	-8.53646	1
8.77735	4.6089	1
7.93893	4.35382	1
-8.02258	-4.88933	1
-10.2046	2.55192	1
-4.19531	-9.57143	1
-5.71582	-9.26629	1
-9.77747	1.76565	1
-0.264905	-9.35967	1
-8.32802	-5.98926	1
-10.7742	0.584797	1
-5.75225	8.81829	1
5.5266	-9.41708	1
-8.68642	-6.49346	1
2.60032	-9.04058	1
-9.78566	3.19973	1
-0.679205	-9.72581	1
7.64507	-6.10675	1
-8.79311	6.02753	1
-6.89142	-7.235	1
6.82888	-7.6253	1
1.16325	-10.5604	1
9.92369	-2.4527	1
-7.83268	5.42467	1
6.03388	6.76881	1
-3.20623	9.58289	1
-4.29429	9.47123	1
-10.3265	1.16352	1
-9.41334	1.05739	1
8.6996	-5.904	1
-10.1259	-0.319056	1
-1.32939	10.4357	1
3.00621	10.4447	1
-9.08802	-0.523821	1
-9.73066	1.66505	1
1.02146	-9.69348	1
9.59454	1.95966	1
8.18094	4.49204	1
6.77505	7.57381	1
-10.7594	0.592204	1
0.0653708	-9.16928	1
8.6411	6.39817	1
9.21266	-4.13471	1
5.57972	-7.84469	1
-4.58303	8.80738	1
-9.18263	-1.14591	1
1.46028	10.6641	1
8.96722	5.74904	1
-3.08849	8.91683	1
-6.15655	-7.53147	1
5.02078	-7.62868	1
-9.13786	-1.55178	1
-3.65175	-9.44841	1
-8.67189	3.67658	1
-1.37051	-10.6871	1
0.538507	-10.0749	1
-5.05855	-8.55697	1
-10.3056	2.03106	1
5.34062	8.61299	1
7.3998	7.23822	1
-10.5143	-2.31259	1
9.77769	-0.526538	1
-9.68899	4.12417	1
-9.23042	-0.363575	1
-6.67736	-8.4008	1
-9.04301	3.08713	1
-10.2794	-3.3581	1
7.7305	-7.74417	1
-7.44584	-6.65923	1
-9.31786	-1.95809	1
-7.22395	6.68229	1
5.5873	-7.91727	1
8.94911	-3.33104	1
-10.8462	-1.06794	1
8.52547	6.72027	1
6.11264	-7.4786	1
6.81864	-6.1253	1
-8.62501	6.69044	1
9.10614	5.35531	1
7.18176	6.68334	1
7.80441	-6.70929	1
-10.2957	-3.20024	1
1.08202	10.8717	1
-7.8094	4.86879	1
-9.25904	2.05827	1
-10.3315	-2.12262	1
9.74449	3.82513	1
5.67043	-7.38706	1
-3.12176	-10.2866	1
-8.8999	2.70148	1
-0.589839	10.1534	1
0.385054	10.7934	1
1.79989	9.68162	1
9.87019	0.0549024	1
-10.6202	-1.70284	1
9.14853	4.96823	1
8.74954	2.68747	1
8.56374	-4.12515	1
1.93864	-9.21151	1
-0.969526	-9.16271	1
9.58527	-2.66791	1
-8.77785	-3.42365	1
9.46681	-4.14458	1
-3.73843	9.97364	1
-6.95676	6.65205	1
-0.890613	10.5939	1
3.76104	9.57009	1
4.82695	-8.2891	1
-5.47544	-8.63158	1
8.90792	6.08919	1
9.99692	1.80587	1
5.52537	8.93679	1
7.23151	-5.89196	1
10.5622	-2.01684	1
10.6045	1.79966	1
-9.55504	-0.75836	1
-6.50125	-6.32027	1
8.19308	-4.28069	1
5.31275	9.04927	1
5.52374	7.3835	1
-9.96725	1.0015	1
-8.19441	-6.55862	1
1.11278	-9.50994	1
4.46168	9.53887	1
-5.75029	7.74361	1
-7.53151	-7.84932	1
-5.01667	9.17249	1
-1.24306	9.75831	1
-0.213281	9.76213	1
-7.44235	7.04581	1
4.90975	-9.089	1
3.32025	-9.22981	1
-8.90523	1.61955	1
5.40908	9.10152	1
-3.63897	9.39835	1
-9.25621	3.34641	1
-3.834	-9.30762	1
9.91782	-0.758046	1
-5.11856	8.40572	1
5.35171	7.63166	1
-5.11765	-8.49769	1
8.0748	-6.43303	1
2.95713	-9.6044	1
8.66676	-3.23908	1
3.4682	-9.83273	1
4.85311	9.8051	1
-7.07401	6.21311	1
8.0658	6.83504	1
6.04812	7.47078	1
9.86634	1.73101	1
9.056	2.50373	1
2.47694	10.2826	1
-1.32011	-9.94716	1
-9.68374	-2.14246	1
-5.65147	7.09519	1
8.06237	4.71764	1
8.11792	5.3807	1
9.02315	5.57892	1
9.03054	-4.51755	1
4.71145	-9.72944	1
1.43938	9.94094	1
-5.2266	7.86702	1
-10.1254	-1.91665	1
10.1668	1.19272	1
9.64646	4.71387	1
8.72888	-5.18014	1
-9.00386	1.27345	1
6.58482	-7.16587	1
-1.01847	-10.1637	1
-8.30254	-5.90427	1
3.86065	10.0451	1
-0.304537	-9.72084	1
-0.645147	9.68697	1
6.73133	-6.59324	1
10.7334	2.10131	1
8.59215	-5.7276	1
-1.76451	9.33334	1
-9.24232	-3.98901	1
-1.01786	9.54227	1
2.14517	10.6553	1
-3.61637	8.71828	1
1.68949	-10.4851	1
-5.46518	9.25827	1
-9.85213	4.77823	1
-10.1354	3.32874	1
7.81163	-7.43724	1
10.7087	2.37943	1
0.642642	-9.89022	1
-7.75131	-6.3392	1
8.25451	4.74854	1
-8.31021	7.14298	1
6.81201	6.98256	1
8.04146	-7.20844	1
9.61837	5.15869	1
0.656545	10.3403	1
-5.20474	-8.47744	1
6.60293	7.15855	1
5.02068	8.77854	1
-5.71295	-7.26696	1
-2.55502	-10.2165	1
7.10259	6.3967	1
-6.67492	-8.37948	1
9.90069	-2.31152	1
-9.85423	-2.67565	1
5.5325	-8.40221	1
0.980372	-9.85029	1
-5.17097	-7.83499	1
4.98625	9.01522	1
-5.47286	-8.82928	1
-6.69258	8.54922	1
-8.1059	-4.70676	1
-1.44387	10.7872	1
2.58907	-9.25826	1
-7.33215	7.28246	1
-5.64128	-8.21935	1
-3.75765	-9.92682	1
-1.5514	-9.40283	1
-8.8058	-4.24116	1
7.93757	6.64091	1
9.25814	-5.23262	1
5.96271	8.57992	1
6.92128	7.19644	1
7.04433	-7.98179	1
10.7511	1.21489	1
0.71251	-10.1895	1
-8.8849	4.1905	1
-7.50792	5.50773	1
-3.79445	9.50877	1
7.43664	-5.24984	1
-8.9356	-2.39109	1
8.18263	-6.65649	1
6.77656	-8.32333	1
10.1492	2.89195	1
-8.49773	-6.40278	1
-1.83778	-9.22034	1
-1.80456	9.1173	1
-9.83017	-1.07737	1
2.8431	-10.0256	1
-5.30418	9.35775	1
7.49913	7.58627	1
-1.72186	-9.33518	1
5.15056	-8.68065	1
6.73562	-7.1421	1
7.81568	6.67426	1
-4.28939	9.96147	1
-3.4561	-9.64308	1
-1.94405	-10.8189	1
-4.35666	8.56579	1
-4.33873	-8.1031	1
-8.5769	-4.96936	1
8.48174	4.40307	1
9.19748	-0.683526	1
9.12838	-3.10791	1
-10.474	2.85524	1
9.23538	2.36855	1
-5.34036	-8.80972	1
10.3721	-0.720545	1
3.91197	-10.0474	1
7.37607	-5.84058	1
7.08965	-5.79544	1
7.11736	8.18646	1
-0.305045	-9.37695	1
5.1411	9.34375	1
-8.93978	-4.93718	1
3.77463	-9.6458	1
-6.73548	7.27209	1
-2.72084	9.75145	1
-6.93818	6.97326	1
9.23734	0.756929	1
5.84203	-8.83003	1
-8.87582	-3.18353	1
-10.3249	-0.886811	1
8.10943	5.77332	1
-7.62314	-7.79793	1
6.44741	7.71327	1
2.25647	10.6171	1
5.69705	-8.46524	1
-5.86414	-7.27148	1
9.71617	-0.876924	1
6.69267	-8.03696	1
-9.27281	-5.26182	1
8.15138	-6.34884	1
9.69373	2.11881	1
-8.595	5.04573	1
-10.403	-0.155771	1
-1.85544	10.0785	1
0.69734	10.0722	1
9.11467	-2.25568	1
10.272	3.63391	1
-2.91885	10.3111	1
10.3115	-1.37287	1
-6.06432	-7.84877	1
-10.6065	1.55374	1
-5.75852	-9.22516	1
-0.673991	-10.7825	1
-5.42094	-9.28335	1
9.07955	0.387599	1
-9.64814	-0.482496	1
-8.98026	-2.06203	1
-8.0397	4.32486	1
3.51662	-9.85855	1
-9.33553	-4.21094	1
9.00709	2.53515	1
9.13756	-1.7362	1
2.20989	10.1599	1
-2.10182	9.83095	1
2.20822	-9.89162	1
6.91654	-6.25424	1
-10.0463	-2.66758	1
8.50809	-5.74929	1
-8.35517	6.35997	1
-2.82152	-10.5504	1
10.0644	-0.490036	1
5.66241	7.47213	1
1.29899	10.8491	1
7.65212	-7.08848	1
0.331427	-10.003	1
-9.83037	4.8033	1
-9.88625	-2.48028	1
8.16045	-6.04472	1
-9.7637	0.661507	1
-5.88378	-8.03138	1
9.71985	2.34963	1
10.2786	1.95267	1
-6.06406	-8.26373	1
-5.68568	-8.61086	1
3.99056	-9.37169	1
3.70235	9.50131	1
9.49995	4.65847	1
3.31359	9.82923	1
2.94433	-9.73543	1
3.72687	-8.51273	1
5.27186	7.44674	1
-9.99893	4.38551	1
-8.67097	-6.71187	1
3.58845	-10.0486	1
-0.528929	-9.79342	1
-8.04713	4.3029	1
-4.27122	8.31421	1
-5.70049	8.18288	1
9.6578	0.396286	1
-9.01269	0.0826282	1
-5.5354	-9.42191	1
9.57554	0.092577	1
9.23099	5.22396	1
8.57285	4.03799	1
-9.59734	-4.63811	1
5.49482	9.38966	1
-1.08203	9.4939	1
8.66269	-5.53655	1
-8.27143	7.11062	1
-10.3139	3.21006	1
3.50967	-9.94123	1
4.80042	8.34149	1
-6.03139	7.44625	1
-8.08969	4.66916	1
8.40148	4.84645	1
7.7155	-4.71691	1
-3.8635	8.99993	1
2.65325	10.2599	1
-7.20037	-6.56804	1
10.0293	4.29812	1
-5.35026	-8.1041	1
5.28071	9.48323	1
10.6098	1.1549	1
4.33374	9.51651	1
4.18641	9.05734	1
-8.07064	5.016	1
7.17284	-7.24808	1
7.28796	7.81618	1
0.636276	-9.76391	1
3.26242	9.18313	1
7.70295	7.67578	1
3.0582	-9.10229	1
-3.05278	-9.63778	1
0.273603	-10.1707	1
-10.1757	-1.20071	1
9.2698	-5.57897	1
2.83918	9.40235	1
2.97968	-9.30268	1
-1.95633	-9.58132	1
-8.39785	-3.85135	1
-8.49386	-6.20455	1
-7.06786	-7.48946	1
-7.48762	5.00868	1
5.22448	-9.51201	1
-10.4979	-2.89472	1
-6.21183	8.53524	1
-6.88953	5.93393	1
-2.52191	9.23178	1
-4.12047	-8.79471	1
-6.57057	7.81253	1
-10.4068	3.12753	1
-7.4644	-5.96881	1
2.57898	10.4375	1
-6.9848	-7.95804	1
9.34589	-3.42006	1
-10.8242	-0.474801	1
-8.93491	-5.73661	1
-7.71066	-6.78589	1
1.85247	9.41655	1
-0.175975	10.6657	1
0.159417	-10.8994	1
-7.66292	4.95631	1
1.08989	-9.38881	1
-0.0627889	-9.67394	1
-9.24679	2.41822	1
6.4531	-7.13503	1
10.0849	-1.83688	1
-3.01786	-10.0328	1
1.83489	-10.2005	1
-5.5757	7.26776	1
-9.77513	3.88807	1
3.18108	10.4212	1
-8.34052	3.77412	1
10.1388	2.60158	1
-9.93272	-0.576235	1
9.0071	2.9385	1
-7.8893	-6.74229	1
6.87946	-7.18199	1
-8.11813	4.59468	1
9.15158	2.49338	1
-0.352538	-10.9504	1
10.2622	-1.24838	1
1.96932	-10.5886	1
-9.87263	0.738871	1
5.28001	9.32034	1
1.56173	-9.51094	1
