0.707527	0.488134	1
-0.205276	0.183579	1
0.481074	0.702358	1
-0.636679	0.237052	1
-0.343356	0.893786	1
0.908815	0.00470945	1
-0.733501	-0.596463	1
-0.645875	0.315148	1
-0.885492	0.0944084	1
-0.210908	0.788441	1
0.902506	-0.354645	1
-0.561463	0.787942	1
0.499968	0.777106	1
0.0485937	0.0575456	1
0.968387	-0.188467	1
-0.529679	-0.836103	1
-0.424699	-0.674878	1
-0.525603	0.199575	1
-0.231676	-0.860635	1
0.694466	0.507277	1
0.797252	-0.473257	1
-0.768487	0.627933	1
-0.155862	0.983454	1
0.6438	0.489527	1
-0.102233	-0.852572	1
0.958101	-0.256614	1
0.716446	0.577553	1
-0.987784	0.123373	1
-0.860322	0.460514	1
0.964897	-0.25537	1
0.516562	-0.763621	1
0.537704	-0.124726	1
-0.525488	0.543891	1
0.468997	-0.706738	1
0.434737	0.806868	1
-0.28486	-0.706067	1
-0.213033	-0.928846	1
-0.75378	0.635968	1
-0.57912	0.718887	1
0.500506	-0.121517	1
0.760526	0.295056	1
-0.29272	-0.581361	1
0.747088	-0.207886	1
0.783531	0.422564	1
0.372295	0.263563	1
-0.671277	0.673554	1
0.897187	0.36047	1
0.404468	-0.220275	1
-0.160583	-0.824088	1
-0.467986	-0.657672	1
-0.887943	-0.356611	1
0.700003	-0.323551	1
0.238092	0.966716	1
0.45912	-0.186193	1
-0.155319	0.405597	1
-0.715325	-0.477901	1
0.161331	0.734654	1
-0.218849	0.955633	1
0.501453	0.864105	1
-0.599023	0.782716	1
-0.865576	0.0910957	1
-0.244258	-0.912488	1
0.272951	-0.200929	1
0.630324	-0.311851	1
0.174739	0.281136	1
-0.639265	-0.628608	1
0.862943	0.47569	1
-0.301235	-0.937191	1
0.0367487	-0.390733	1
-0.00739363	-0.945468	1
-0.204926	-0.421884	1
0.908796	-0.0812359	1
-0.32605	0.274942	1
0.896074	-0.320523	1
-0.764355	0.64224	1
-0.276906	0.913536	1
0.119477	0.326034	1
-0.920439	0.0408954	1
-0.0696503	-0.906658	1
-0.415438	0.491491	1
-0.912697	0.346905	1
0.737841	0.265526	1
-0.298247	-0.871115	1
-0.965805	0.159475	1
0.482127	0.440387	1
-0.473735	-0.556954	1
0.632469	-0.503983	1
0.405174	0.705181	1
-0.388545	0.916086	1
0.885181	0.163093	1
0.487166	-0.243165	1
0.104207	0.811132	1
0.455865	0.200878	1
-0.97834	-0.202701	1
-0.327193	0.939957	1
0.546941	0.774371	1
0.221076	-0.763025	1
-0.559359	0.287516	1
-0.872625	0.482089	1
0.252937	-0.593723	1
-0.646891	-0.229358	1
0.0104571	-0.957943	1
-0.197844	-0.943442	1
-0.680591	-0.647344	1
0.770085	0.616457	1
-0.249901	-0.70155	1
-0.744591	-0.539732	1
0.0228846	0.710431	1
-0.748466	-0.650123	1
0.266149	-0.732966	1
0.106689	-0.943533	1
0.797851	0.361596	1
-0.208142	-0.942101	1
0.790209	-0.31362	1
0.665646	-0.716833	1
-0.32956	0.346615	1
0.0719497	0.613767	1
-0.960954	0.0515589	1
-0.465185	0.782075	1
-0.0457987	-0.501187	1
-0.468832	-0.846898	1
0.925796	0.25646	1
-0.996541	0.0277057	1
0.293126	-0.897758	1
0.0709208	-0.106451	1
0.990725	-0.0513641	1
0.926368	0.19576	1
0.946804	0.146361	1
-0.211569	0.782895	1
-0.803896	0.549121	1
0.13499	-0.968285	1
-0.282276	0.958535	1
-0.752984	0.548742	1
0.384008	-0.725456	1
0.660945	-0.511047	1
-0.703432	-0.698796	1
0.618084	0.137282	1
-0.40269	0.292105	1
0.559874	0.810614	1
-0.357597	0.721157	1
-0.530784	-0.843323	1
0.932995	-0.127735	1
0.428208	0.893948	1
-0.983541	-0.114469	1
0.932243	0.361009	1
-0.50742	0.335102	1
-0.766617	-0.623302	1
-0.629538	0.706768	1
0.824756	0.0388235	1
-0.458945	0.87744	1
0.979654	-0.163586	1
0.339169	-0.691823	1
-0.924223	-0.182432	1
0.0327381	0.0560066	1
0.908743	-0.0343566	1
0.540001	-0.789652	1
-0.968839	-0.22289	1
0.235396	0.838866	1
0.601443	-0.711327	1
0.491635	-0.86858	1
0.311148	-0.899184	1
-0.886745	0.372435	1
-0.904527	0.238545	1
-0.690921	0.221228	1
0.956474	0.078056	1
-0.194832	0.917031	1
0.859211	0.511562	1
0.616137	-0.760445	1
-0.617321	-0.471874	1
-0.69678	-0.558267	1
-0.83541	0.312518	1
0.824018	0.0075732	1
-0.160834	-0.958588	1
-0.090268	-0.599682	1
-0.0544376	-0.12591	1
-0.76779	0.0981373	1
-0.973381	-0.216378	1
-0.336504	-0.0631081	1
0.319116	-0.854844	1
0.223437	-0.891766	1
0.988631	-0.0796061	1
-0.292238	0.946009	1
-0.901279	-0.199785	1
0.463404	0.606449	1
0.857092	0.158768	1
0.239956	0.38889	1
-0.361734	-0.859697	1
-0.296563	-0.707292	1
-0.99203	-0.119114	1
0.559423	-0.658571	1
0.997418	0.0612862	1
-0.560934	-0.061738	1
0.382351	0.137556	1
0.627787	-0.490999	1
-0.478113	0.458666	1
-0.811131	-0.330804	1
0.500246	-0.686316	1
0.711937	0.67299	1
0.054923	0.997301	1
-0.287333	0.939783	1
-6.7535	1.55477	0
-4.16159	-1.22533	0
-7.79646	-2.23687	0
-7.3373	-4.90951	0
-0.787029	2.54753	0
-7.4625	3.1123	0
5.70743	3.06597	0
5.0437	-0.172287	0
-6.47404	1.78614	0
6.12277	3.14855	0
-4.44088	-0.522341	0
4.8318	2.34776	0
-2.17404	-8.67036	0
3.97191	5.15028	0
7.7663	2.56492	0
4.81862	4.33949	0
1.39531	-6.75709	0
-3.29774	3.15939	0
6.90306	4.83714	0
-1.55969	7.92577	0
8.94677	0.91696	0
2.36817	5.73865	0
-3.49275	-6.28073	0
2.674	7.77655	0
1.12171	6.08928	0
1.0838	6.4325	0
-0.0291091	8.96528	0
-1.57089	3.74237	0
-2.58087	-4.75616	0
-5.72306	-5.12735	0
4.58248	-7.63699	0
-0.522316	-8.75514	0
6.96488	-5.63555	0
8.1755	-2.87214	0
3.31232	-3.6254	0
1.49483	6.22339	0
-5.07163	4.88337	0
5.30685	-1.63574	0
-0.468865	-8.96846	0
8.37052	-2.5364	0
3.07877	-7.60774	0
-5.16484	6.67288	0
6.27883	3.75552	0
7.16752	2.5607	0
0.787003	-8.80527	0
-0.14031	-8.38504	0
-2.85173	7.55694	0
-1.80463	-1.02076	0
0.463118	7.90926	0
-5.2203	7.3281	0
8.2353	2.87659	0
2.80985	6.62142	0
8.82495	1.75749	0
-8.8704	-0.0496216	0
-7.53372	1.7861	0
-6.39771	-1.38911	0
-4.51594	-7.2285	0
0.793327	5.24121	0
-5.08374	-3.4655	0
1.57118	2.9928	0
-0.0229847	7.98378	0
8.23674	-1.22531	0
-2.35359	-7.00578	0
-1.29396	-2.83745	0
0.380443	-8.82808	0
7.28982	2.88993	0
6.92654	4.65747	0
-4.79067	7.30275	0
2.44466	8.33924	0
-4.30494	-7.87153	0
4.91582	4.30065	0
6.66828	0.0798394	0
-1.48248	-7.45092	0
2.82636	-1.0427	0
-6.58914	-4.37554	0
-5.9569	6.74428	0
3.63301	-7.44512	0
4.05084	-4.58448	0
-8.68112	2.37236	0
4.5104	-7.44727	0
-6.85937	5.82326	0
5.47506	0.761735	0
-6.68863	0.580509	0
7.34146	-5.09123	0
4.44184	1.23	0
1.46907	0.101921	0
0.0457005	0.594948	0
5.24393	6.33791	0
-7.4238	5.08382	0
5.08942	-7.37737	0
7.22097	2.86754	0
-5.86012	6.53877	0
-0.917999	-7.55818	0
1.8102	7.4192	0
3.82075	7.58176	0
2.18334	7.56904	0
8.97877	-0.163745	0
3.02537	-7.14404	0
6.14675	-6.46832	0
-1.65713	3.75141	0
7.14298	2.51689	0
3.22919	-4.02758	0
6.22161	-1.60819	0
4.5187	-0.620449	0
-4.90027	2.51156	0
-3.57292	-0.162253	0
3.33469	1.01219	0
1.12968	-7.6919	0
7.68128	1.78263	0
-3.04911	-7.44673	0
-5.30391	-6.02151	0
-1.95579	4.26641	0
-6.88056	2.59409	0
4.83129	1.8931	0
1.85579	-8.34413	0
5.45498	-6.57176	0
-3.68414	-6.30751	0
-5.19729	5.25665	0
7.9163	1.01493	0
-8.12341	-2.63226	0
-8.81858	-1.28045	0
2.8035	0.589852	0
0.0371876	7.97969	0
-6.26021	5.94644	0
7.84721	3.77031	0
3.56827	7.40824	0
0.395923	-1.68747	0
-0.562082	5.36291	0
-7.63691	2.82562	0
5.30059	-0.0810649	0
-8.99595	0.0955623	0
-0.210921	-0.857435	0
-3.68183	-3.16857	0
-6.64969	-5.5514	0
-8.24693	1.28877	0
-8.71139	-1.68318	0
5.09469	-2.31263	0
5.58785	-4.24642	0
7.32098	0.837019	0
4.65449	3.12803	0
5.64026	-4.9147	0
-2.21746	8.20291	0
-6.07382	5.68891	0
0.778187	8.86775	0
2.48137	-3.9806	0
6.89437	5.25141	0
5.45355	1.6546	0
-8.07469	3.27257	0
-2.23965	-6.2025	0
-0.641596	6.9437	0
0.253137	-7.20589	0
-4.73784	7.52182	0
-8.75725	-0.768593	0
4.97123	-7.0894	0
-7.18531	-5.23135	0
3.92624	-7.74489	0
1.13443	-6.69709	0
7.84344	4.21285	0
-6.22542	-6.19795	0
4.9111	-2.09234	0
7.57218	2.36577	0
-4.9715	-0.368721	0
-6.68509	2.85349	0
4.98227	-4.29009	0
-3.11714	-2.96251	0
-3.52931	-6.29198	0
0.04005	-5.85867	0
2.1912	3.94268	0
5.48453	1.54549	0
1.2485	6.29659	0
-7.4166	-3.52398	0
1.68154	-8.80664	0
-7.78513	3.08947	0
-2.53053	-2.41359	0
-2.24821	-4.29775	0
1.11192	-6.69011	0
3.31602	5.56132	0
-2.0642	-8.34544	0
2.88555	8.46332	0
1.36385	-1.58857	0
1.73647	-0.897393	0
-5.13376	-2.42995	0
-4.29507	3.28402	0
-0.145662	1.9163	0
-2.66866	-2.17224	0
-4.53437	-2.51343	0
-0.548038	-3.83277	0
-8.81983	-0.59365	0
-5.36186	-7.1156	0
5.27302	1.36968	0
3.16568	8.36293	0
6.21453	-3.09658	0
-8.96421	-0.33773	0
-1.99473	7.44935	0
-4.84696	5.19212	0
0.96609	2.29239	0
0.278719	-7.60117	0
-0.0594876	2.9606	0
-4.67414	-7.41913	0
0.430903	-3.1577	0
0.292354	8.94558	0
-3.60407	-4.18145	0
4.72324	-5.87002	0
-4.6506	-6.71845	0
8.85872	-1.53226	0
3.46344	-0.391952	0
3.40302	7.45547	0
5.3036	1.61667	0
-0.901868	-3.17985	0
7.64819	-1.31145	0
0.829497	-4.50073	0
-7.31475	0.193897	0
2.83371	-7.90113	0
5.22837	-7.30205	0
-3.39736	8.13213	0
-4.69705	7.5997	0
-1.24961	5.07507	0
-1.50769	6.56806	0
4.95182	-6.83509	0
0.08089	3.55319	0
-6.37782	-2.41134	0
-3.20519	-2.39546	0
-8.82712	-0.345285	0
-5.00608	-4.05233	0
-7.97356	-3.41599	0
6.75786	-3.18498	0
2.17916	-2.46901	0
1.46025	8.87724	0
-2.09718	1.7093	0
-6.93598	-3.56642	0
-7.05889	5.17861	0
2.33652	6.43809	0
-2.11974	-4.43259	0
6.13309	4.04469	0
-0.629297	-8.96752	0
-3.92361	6.87661	0
-1.14342	-4.0142	0
-5.98246	6.63084	0
5.59754	0.957794	0
6.77302	-1.81557	0
0.0473985	2.86756	0
-5.76374	-6.62177	0
7.93733	0.975681	0
-0.453986	-4.21406	0
-4.28939	2.62075	0
8.20407	-1.00074	0
-6.65642	-4.07712	0
8.8245	-0.683892	0
-3.68833	7.92051	0
-2.04884	1.14282	0
6.55179	-6.05177	0
-8.02316	2.8929	0
1.10333	-3.81929	0
4.57703	-5.06325	0
6.26952	3.94482	0
-3.01718	4.81435	0
-8.64507	2.48439	0
-6.05701	-5.15037	0
0.929135	-8.88057	0
-7.09377	5.53691	0
-5.4191	-3.32268	0
-2.12237	-4.39381	0
5.37031	-2.73327	0
0.659757	-5.10019	0
-3.21656	5.84851	0
-7.11529	3.71516	0
3.14556	3.0394	0
1.81188	6.26239	0
6.09268	-6.60629	0
4.59269	-3.88606	0
-6.36088	3.03752	0
-7.18262	2.88074	0
-7.08157	3.54427	0
-5.27168	4.52406	0
-6.96899	-2.80876	0
8.06814	-3.06065	0
-4.50475	0.954822	0
-4.93198	4.56556	0
-2.19176	3.18056	0
-3.08301	-3.48247	0
-2.18947	-5.87734	0
-7.6559	-4.64384	0
-2.89217	7.85466	0
-5.39682	-5.01128	0
-0.319089	6.73779	0
-8.23584	-0.703813	0
7.94991	4.21809	0
2.63736	4.79089	0
8.33909	-2.94188	0
-7.3515	-0.272133	0
-8.40121	3.01242	0
-7.4585	-1.17527	0
5.91093	-5.78887	0
7.98611	3.40914	0
-6.54556	4.52206	0
-6.87332	4.41055	0
-3.13489	-0.552223	0
3.07963	-3.20193	0
8.61715	2.35077	0
2.45893	-8.45278	0
-8.26164	1.7181	0
6.10747	1.69705	0
1.12202	7.76725	0
4.51017	4.7595	0
-3.5066	0.026467	0
7.20781	-1.62719	0
0.235834	8.19612	0
8.26136	-3.56964	0
6.83692	-5.59513	0
2.83382	7.27245	0
-7.45799	1.29151	0
2.24797	8.24572	0
7.79748	3.55731	0
6.59553	-6.05951	0
-3.81923	4.43261	0
3.63434	7.21524	0
-2.48871	8.11125	0
6.40296	-5.15007	0
5.547	7.029	0
-2.20459	8.0006	0
7.0007	-2.67251	0
-1.14919	-8.38399	0
2.62313	5.44823	0
-0.176433	-8.9896	0
-8.7892	1.85351	0
2.58622	3.73926	0
6.0545	6.35741	0
-2.75466	8.48154	0
0.477964	-6.54224	0
-8.34054	3.26895	0
-4.58088	-6.78071	0
-3.98766	-4.08497	0
2.22075	8.142	0
-8.22268	1.45911	0
-4.21914	6.9879	0
-7.28148	-1.99163	0
3.57818	-7.96851	0
-2.55517	4.9971	0
-5.56538	7.0596	0
2.56445	8.6135	0
-3.19511	0.752009	0
4.16479	4.9842	0
-6.03709	6.36403	0
-2.11124	2.38202	0
5.70795	-2.57556	0
7.32212	-2.97852	0
-2.90301	-4.35259	0
7.21374	4.85924	0
0.695192	7.71398	0
-6.18128	-1.14683	0
5.78898	-4.11607	0
-5.95645	6.7191	0
-3.07627	-7.14141	0
1.90579	-2.53312	0
2.61152	0.843173	0
6.84853	3.46414	0
0.104735	3.22038	0
6.69783	0.529289	0
4.01022	0.937536	0
1.65418	-5.61403	0
5.2348	-6.73988	0
8.18255	3.6492	0
-0.34101	2.49518	0
-2.97261	-6.78494	0
-2.93939	-7.71199	0
-6.49839	6.21955	0
8.1468	-1.65253	0
3.88439	2.06716	0
-7.25646	2.50666	0
-6.74352	5.33828	0
0.782703	1.00143	0
-4.69201	-2.40019	0
-4.99287	6.47459	0
-5.6102	1.63857	0
0.196976	1.03313	0
-2.99216	8.41793	0
-1.44003	-8.65112	0
7.91529	1.9213	0
-5.45348	4.73298	0
4.96732	-4.19419	0
8.31961	3.38572	0
-2.77883	-8.13331	0
-3.72177	-1.85196	0
-0.954336	-8.94868	0
-6.90487	-4.78249	0
-2.51892	4.61557	0
-5.57964	-3.29672	0
-2.30117	-6.94317	0
-4.86181	-7.56281	0
6.46335	-6.12224	0
-8.16825	-2.26788	0
-2.44718	7.08891	0
-3.51168	-1.03868	0
5.5465	-2.15551	0
3.29613	6.86195	0
-6.81682	5.71091	0
-2.54763	-1.9669	0
8.84548	-1.63678	0
-7.74844	1.92307	0
1.40356	-4.35841	0
2.20616	5.32739	0
-1.68489	6.77115	0
8.50213	2.94789	0
-8.99018	-0.140104	0
-4.31704	6.92098	0
-0.0439085	-8.06645	0
5.43494	-6.40935	0
-8.4069	1.61195	0
3.7485	-7.58626	0
-0.512238	7.1055	0
-7.88507	2.8753	0
0.611155	8.87585	0
4.31814	6.56075	0
-5.75301	-6.07158	0
-1.86322	7.2474	0
-4.86024	-7.2989	0
8.28802	2.24243	0
-6.54628	3.7736	0
-4.19091	0.105939	0
0.238343	-7.52414	0
-5.08172	-5.18756	0
-2.78291	8.14543	0
-5.05912	-5.9023	0
-0.474917	-8.44015	0
2.43968	0.615005	0
7.77564	3.27937	0
-2.10243	-5.50994	0
7.03875	5.3963	0
0.713088	-7.91158	0
8.32046	-2.75457	0
-5.62066	0.766697	0
8.92289	0.863512	0
8.66418	2.33684	0
5.95459	0.567215	0
1.55976	4.60928	0
2.05381	2.97819	0
5.79861	3.99927	0
-2.17018	6.6003	0
-6.73085	1.91663	0
-2.56127	-6.22283	0
6.65186	3.83407	0
-3.58815	-5.65592	0
-3.71864	-5.84597	0
5.50484	6.07163	0
-0.322759	2.52005	0
5.55219	-6.74743	0
5.6427	-6.42139	0
0.579661	-0.0471265	0
3.28309	-4.11404	0
4.91002	7.48571	0
-7.03988	-5.18686	0
-8.17692	-3.19642	0
-2.49823	6.32944	0
-4.27704	3.29106	0
7.04115	-5.11453	0
3.37336	8.27473	0
1.75578	8.04764	0
7.27955	-5.25595	0
-5.89771	-6.69626	0
3.00491	-8.47524	0
-1.59077	-7.31736	0
-4.04	0.969559	0
-2.55454	8.58306	0
-8.32986	-3.21187	0
5.81962	6.19944	0
6.61898	4.94966	0
-6.61269	3.03756	0
-3.47207	-5.59059	0
0.588599	-5.0789	0
-7.58864	-3.5657	0
-0.761788	2.85814	0
5.4709	-4.21341	0
-7.99794	3.83124	0
8.92373	-1.10569	0
8.5892	-2.62345	0
-4.17987	-5.71977	0
4.0481	1.74133	0
1.00529	0.960063	0
-7.96966	3.4035	0
-8.25452	-3.35334	0
-2.10329	8.2853	0
5.48066	3.8217	0
-4.91042	4.82685	0
5.99344	5.16511	0
-7.59351	-3.31957	0
-1.06228	4.42983	0
-7.30467	4.33268	0
6.2924	6.41139	0
-2.05528	-4.91076	0
-7.8836	3.13895	0
-2.03129	8.74405	0
-1.17244	7.27446	0
1.60515	-8.67848	0
-3.49473	-7.82335	0
-2.40381	-4.49964	0
-3.44689	-1.65904	0
-3.87339	5.25991	0
-6.14669	0.512205	0
-4.75206	-4.91021	0
3.15545	-6.12722	0
1.24051	4.39157	0
-3.07445	5.2823	0
-1.11948	-1.31004	0
4.42091	5.28228	0
3.08232	-5.41663	0
6.81663	-3.12981	0
3.67552	-2.41009	0
8.66594	-2.40052	0
5.35856	-6.53315	0
-4.06196	6.35981	0
6.95073	1.87381	0
5.09189	4.24171	0
6.35605	-4.13554	0
-0.745781	8.95654	0
6.36913	2.16532	0
5.13823	7.3322	0
3.23391	-1.22341	0
-7.03562	-5.01202	0
-4.2494	-3.27976	0
2.62046	-4.85304	0
3.48815	-8.2956	0
-5.00399	-7.47443	0
-4.51546	7.76388	0
-7.27498	5.29587	0
0.495416	1.54328	0
5.99912	1.90349	0
-6.263	1.37871	0
4.3342	-7.35518	0
-4.9725	6.19638	0
-1.50076	-6.4519	0
5.73577	-0.457936	0
-5.12776	1.63534	0
-7.61381	0.118274	0
8.29576	3.48742	0
-8.9423	-0.771073	0
-2.05979	7.38934	0
3.60207	-7.79931	0
4.90378	7.4165	0
5.45277	-6.68164	0
-6.76345	-4.34419	0
7.9739	-4.15727	0
-8.9746	-0.424658	0
-4.42142	-4.54244	0
-4.60216	-7.71147	0
-2.90272	-1.77242	0
5.38045	-7.21448	0
-8.09826	3.83828	0
-4.4049	7.09467	0
6.39535	1.49452	0
-8.24918	-3.58636	0
0.466139	-5.51177	0
-3.54054	-3.10735	0
0.635258	-8.64802	0
-6.7718	-0.460895	0
-1.88192	-8.00492	0
-6.29197	-3.47405	0
5.57749	5.82335	0
7.78548	4.26925	0
-3.34813	-3.65751	0
3.36223	3.72067	0
-8.42081	3.17054	0
5.21428	6.41244	0
-8.50365	-2.80084	0
-1.83946	-7.32223	0
7.79016	-2.97937	0
-8.70389	1.50609	0
-5.08499	1.38785	0
5.36233	2.14431	0
-5.23807	4.8363	0
8.83118	-0.938873	0
-5.8563	5.79347	0
8.48433	-1.99831	0
2.89523	4.16493	0
2.40413	-8.67295	0
3.25405	5.68728	0
-8.93757	-0.0524271	0
-8.76844	2.02276	0
-0.84913	8.37369	0
4.60856	-7.41	0
-0.11208	5.67927	0
6.98385	2.18789	0
-4.8373	5.93441	0
0.306011	8.76154	0
-8.78502	1.59219	0
7.72652	-2.25507	0
-4.74657	6.44864	0
5.70164	-6.96357	0
3.00087	-8.42538	0
8.14562	-3.26027	0
-0.196019	-8.59387	0
7.39346	-5.08029	0
-7.1564	5.45741	0
2.24324	8.23677	0
-7.95052	-3.09017	0
6.7962	4.65148	0
5.7621	-6.91358	0
7.89777	-4.16779	0
4.623	-2.97531	0
-2.50591	8.06343	0
6.70229	3.49144	0
-1.62538	2.24468	0
-2.44907	1.76602	0
1.88206	-7.98298	0
0.459615	8.92705	0
-3.46702	6.0648	0
6.80113	4.82018	0
5.87496	-6.13932	0
3.16605	-1.73578	0
8.93553	1.03452	0
7.055	4.59536	0
1.74846	-7.7367	0
-2.32792	4.96674	0
-5.19226	7.18829	0
-1.53338	-8.09588	0
-8.14608	-1.80917	0
-4.9954	-1.32144	0
8.75268	0.238588	0
0.00412042	2.07409	0
8.72513	1.32235	0
0.991553	-4.47115	0
-0.606206	6.8283	0
6.73715	0.411455	0
1.83941	-4.06435	0
6.36171	4.34152	0
8.9369	0.606559	0
7.78501	4.41994	0
-6.00529	4.55208	0
-6.47877	-5.62608	0
5.28161	-0.781374	0
-4.27142	4.37218	0
-5.8857	3.91017	0
3.30521	5.97092	0
-3.7731	8.16016	0
-8.12928	3.70874	0
3.63038	-5.38721	0
2.35752	-5.40027	0
3.33666	7.6239	0
2.11927	5.66448	0
-6.40383	-5.49277	0
2.81865	4.93192	0
-1.63479	8.83687	0
5.25374	-0.965462	0
-6.79129	-4.08424	0
7.07987	-4.33588	0
3.17901	-5.54168	0
2.58406	-1.49005	0
5.64451	-4.27856	0
2.44369	6.52444	0
-7.95397	-4.02981	0
5.24244	-6.66658	0
-0.3499	8.30531	0
0.790624	-7.73968	0
-0.0222554	-1.31548	0
-2.29093	-8.11811	0
4.642	-1.4601	0
-1.1393	-5.77052	0
2.28677	-0.339931	0
1.63895	-6.73458	0
7.58868	4.10703	0
-7.09314	-5.40823	0
-2.6443	7.826	0
4.80776	-7.31974	0
1.47339	2.2303	0
-7.93939	-0.862231	0
-6.36432	1.52983	0
4.20919	-7.84241	0
-6.36441	-3.73406	0
2.76665	3.55868	0
5.90005	2.37113	0
-7.72506	-2.94738	0
-8.45011	2.80053	0
-4.15148	-2.79369	0
3.60683	6.2033	0
0.760137	2.7738	0
-2.46883	8.62695	0
-6.40521	4.17244	0
-2.57898	8.29818	0
2.22172	-6.24603	0
3.04151	-7.50897	0
-1.43519	1.26628	0
8.31208	-2.56744	0
7.92238	-4.24941	0
7.52722	4.1646	0
-4.28821	6.43287	0
5.13733	4.66283	0
-4.07117	-4.88824	0
-1.64406	-3.53759	0
2.78833	-4.80764	0
-5.2851	-6.30408	0
-1.05061	5.8824	0
3.3059	7.65212	0
-5.31395	5.37893	0
-3.30878	-4.31556	0
4.66574	5.57625	0
4.17537	5.05442	0
8.15021	-3.40596	0
-8.77886	0.837583	0
3.55958	-2.63332	0
-0.910077	7.42387	0
-0.802396	-2.11901	0
4.45694	-6.94836	0
1.70971	6.66467	0
3.20901	8.39349	0
0.0655298	8.82512	0
6.99421	-3.45487	0
5.94274	-3.6716	0
-5.39855	5.01317	0
-8.53144	-2.47977	0
-8.73043	1.16028	0
8.86462	-0.941104	0
-5.7408	6.0939	0
2.0233	-0.686132	0
-6.61983	-6.06203	0
5.10639	7.24102	0
-2.62873	-4.49351	0
8.6161	-2.32635	0
3.94366	6.48678	0
0.377327	-5.29348	0
1.72531	-8.47802	0
5.7731	4.16104	0
-4.28624	7.78912	0
-0.0933675	-8.98734	0
-5.07692	7.41484	0
-5.07699	-7.21931	0
-7.58884	-4.49019	0
2.04273	2.50017	0
5.78469	3.44913	0
-6.66722	3.60201	0
8.62868	0.357152	0
6.76087	-1.55003	0
4.87008	7.3925	0
1.27956	-5.74913	0
6.09934	-6.0567	0
1.34469	-8.85761	0
-1.77704	2.24053	0
-3.75107	3.28148	0
-3.54063	-7.59785	0
7.92333	-0.00258862	0
-7.26401	-1.74167	0
-0.902968	6.83986	0
-8.51081	-2.3859	0
5.73319	-6.91013	0
6.23483	2.04788	0
-1.87189	-7.29392	0
-1.0966	3.18124	0
3.2179	0.285464	0
7.4707	5.01874	0
-5.88942	-2.91184	0
-4.99945	7.38304	0
3.28355	-1.42222	0
-8.48091	0.399785	0
-4.86119	7.49019	0
-8.02044	-1.44647	0
-4.35018	2.34789	0
-8.74546	-2.11635	0
3.34644	-4.57054	0
0.857621	-2.28562	0
5.64574	6.89118	0
-7.9123	-2.69287	0
3.93198	7.87353	0
2.78362	-2.28249	0
8.18913	-2.77348	0
-1.47345	8.58838	0
-5.89574	-5.00432	0
-8.92235	0.607665	0
-8.64469	-2.14534	0
-4.98318	-4.96986	0
-4.85627	0.980018	0
-4.35382	-6.62688	0
-4.95741	-5.06374	0
8.5415	-1.72766	0
-4.48862	7.79941	0
3.85691	-7.99577	0
-5.27483	-5.15235	0
0.349572	-8.45822	0
-3.5306	2.07526	0
1.2817	-4.76005	0
7.48692	4.99424	0
-8.67108	2.39616	0
-8.31904	0.393267	0
1.68468	-0.271741	0
-3.93256	-7.15267	0
2.55131	-6.22385	0
8.75877	0.864678	0
0.0195114	2.06563	0
-7.80042	4.48843	0
6.18063	-1.34135	0
8.24124	1.05698	0
-6.12187	-2.26539	0
-8.05145	-3.82359	0
-8.67949	-2.3803	0
-1.49771	-8.23526	0
8.37421	-0.0152962	0
-0.0909857	8.80284	0
-3.9504	-5.31726	0
-6.14527	0.111861	0
-8.89532	0.326085	0
8.17985	-3.34219	0
-2.03635	6.13735	0
2.59925	8.60528	0
2.3476	8.55366	0
0.892157	-6.01574	0
7.01037	3.35888	0
-2.84472	-6.17362	0
5.29635	2.89542	0
1.96721	-5.07297	0
-6.77422	2.89622	0
6.11934	-4.24753	0
-8.42568	0.067072	0
-7.48161	-2.29835	0
6.60723	4.81688	0
-1.19476	7.09483	0
-3.38787	-8.1371	0
-1.92746	-0.950275	0
-2.40131	3.11518	0
-1.50622	1.70824	0
-1.72301	3.68602	0
0.01362	-6.97959	0
-6.5303	-5.55634	0
0.649987	-1.80904	0
6.1575	-3.27436	0
-6.80122	-1.28299	0
-3.03953	-8.43733	0
-2.53787	5.90598	0
-2.75222	4.58089	0
-2.47871	0.191829	0
-6.79971	-3.16377	0
-4.98286	-5.3333	0
-8.78314	-1.47796	0
-2.19777	7.14441	0
-5.76074	2.63823	0
-2.78143	-4.2935	0
-5.75831	-6.60121	0
-0.920686	-6.89433	0
-7.39728	-4.80039	0
4.71683	-1.4817	0
3.23601	1.87548	0
6.26101	2.48072	0
-0.719102	8.84172	0
-2.08846	-7.79715	0
5.84477	-5.3285	0
0.0145849	8.95146	0
2.90288	-5.63201	0
2.53331	3.58187	0
8.28904	-1.66264	0
-7.30311	-4.28372	0
-5.78112	-4.16212	0
-4.33617	-6.70358	0
0.301352	1.11982	0
-2.98384	7.90729	0
4.60802	-1.53855	0
-8.93258	0.999279	0
4.53094	-7.05389	0
-6.21269	2.59371	0
6.06933	3.05468	0
8.08016	-1.11596	0
0.0977724	2.3578	0
-5.65845	6.93401	0
-4.17836	4.08103	0
-4.70586	2.9316	0
3.02152	1.33674	0
8.71681	0.357182	0
0.715723	-3.36752	0
0.728899	8.3197	0
5.62703	6.75792	0
-0.145143	5.72401	0
-7.98498	-3.99873	0
4.13789	6.93224	0
-6.77745	-1.2717	0
-5.12881	7.3569	0
8.90354	-0.293466	0
-7.04585	0.741256	0
-3.59817	3.52522	0
6.59002	-5.862	0
-1.63216	-6.22529	0
7.21734	1.34899	0
7.02814	3.25896	0
5.02551	7.29674	0
8.67438	2.16683	0
7.73905	-0.642508	0
3.24109	0.479518	0
-5.27184	-5.28946	0
1.1229	7.55429	0
-0.921654	-6.57077	0
-1.39059	8.07191	0
1.14281	8.87319	0
1.47109	-8.67865	0
-1.48693	-6.07883	0
5.73813	0.70808	0
1.30794	8.68572	0
4.6425	5.85763	0
6.09391	-0.169379	0
-2.85468	-4.99733	0
-1.46533	5.76313	0
0.529889	-5.20281	0
-5.3302	5.32146	0
-2.08822	-7.87786	0
-2.24447	6.33903	0
6.56655	5.98278	0
5.35859	7.10927	0
2.99912	1.63561	0
5.36086	5.59909	0
-3.06287	8.41666	0
-6.19291	6.24773	0
0.657597	-4.37481	0
-3.02522	-7.66705	0
-8.03621	-4.00357	0
-8.86574	-0.949316	0
-0.798736	5.20814	0
-0.595123	7.15029	0
0.219646	6.65945	0
-7.63101	-3.3606	0
8.99831	-0.170447	0
1.47452	-3.41046	0
-3.27979	0.396848	0
-5.60674	1.46974	0
-8.91574	0.457286	0
-1.41594	-2.68956	0
8.47905	1.52034	0
5.54618	6.02641	0
-1.54832	-5.24197	0
8.01684	-2.71061	0
-7.5414	-3.61114	0
4.3739	-3.76897	0
6.05069	-6.08066	0
7.15741	2.67419	0
5.04016	-3.67878	0
2.08088	-5.19035	0
3.23751	0.706784	0
8.87482	-1.28475	0
8.60861	2.22693	0
4.24867	5.41268	0
0.8004	1.06258	0
-6.87951	5.5065	0
-4.98124	7.39826	0
-0.248145	1.04746	0
-1.43849	-7.60434	0
-1.79173	3.46124	0
-8.54801	2.8094	0
-5.54475	6.98561	0
-4.17034	-3.73535	0
-5.38159	-5.70823	0
1.10033	-7.42678	0
4.56216	-6.97505	0
-7.62391	3.62435	0
0.0866036	-8.71572	0
5.15685	6.38444	0
-6.63325	6.0792	0
-6.26204	-6.13002	0
-1.7714	0.410648	0
4.81672	6.18397	0
5.18943	6.09151	0
-6.40711	-3.47035	0
2.8248	8.17093	0
1.92687	8.73394	0
6.94204	-5.07529	0
2.84508	1.00405	0
-5.23389	5.66454	0
5.11447	7.17076	0
-7.57799	4.16011	0
3.19379	6.3586	0
3.1354	5.77371	0
-8.47856	0.826519	0
-2.06658	-6.55071	0
-1.39176	8.88989	0
3.50127	5.34875	0
-4.50818	-4.36564	0
1.06326	-6.34161	0
-5.40368	-7.0755	0
7.78624	4.46145	0
-8.48587	2.90692	0
5.7921	5.02971	0
7.7567	1.15203	0
-0.339107	-1.49855	0
-2.91474	-0.367486	0
-8.33279	0.435655	0
-5.425	5.55065	0
-5.72433	-6.55381	0
7.00549	2.61845	0
-4.03074	-7.14384	0
-5.77912	-6.39039	0
-8.61487	2.59575	0
6.10674	-2.92894	0
-5.13679	-5.81105	0
-8.03945	3.93312	0
-7.80716	-3.87479	0
-0.0100353	-8.04829	0
-8.00303	3.76158	0
4.70507	4.85192	0
-7.21887	-4.32127	0
-6.61255	5.09188	0
7.03165	3.51842	0
-4.51225	-4.60361	0
-1.35988	-0.883395	0
7.77629	-3.4446	0
3.72808	4.50556	0
-5.60889	-5.61552	0
-0.479835	-3.29639	0
2.28026	7.37127	0
6.60515	-5.77751	0
-8.456	2.48103	0
-4.65755	-3.25556	0
8.20271	0.696408	0
5.0192	-7.16592	0
8.70606	-0.799498	0
-3.41754	-1.15543	0
-2.60027	8.44128	0
-4.78588	1.65201	0
-2.27675	-5.0564	0
-0.324638	-8.93209	0
-6.26856	5.96932	0
4.16053	7.85119	0
6.22048	-4.74998	0
-8.99489	0.181225	0
-5.37136	1.12771	0
-0.741566	5.11733	0
7.59232	1.98052	0
-4.85087	3.47646	0
7.73205	1.31396	0
-8.62176	-1.91395	0
-2.08589	5.43836	0
4.95891	7.00846	0
4.6851	-7.10747	0
-1.919	8.09119	0
-8.62693	2.16111	0
2.65026	3.64138	0
-2.68686	7.79403	0
7.61152	-4.43908	0
-1.66169	6.85285	0
-0.740075	5.67049	0
7.81493	-4.04137	0
6.92674	3.51465	0
-1.08422	-7.56007	0
0.63296	7.85444	0
8.30523	-3.46655	0
6.39925	-6.32294	0
-1.2618	-8.14369	0
-3.17269	8.41551	0
4.79941	-6.38288	0
6.70453	5.94523	0
-5.63668	-5.64353	0
7.36453	3.36066	0
-3.19066	-7.73521	0
0.200454	-8.49897	0
-7.46361	5.01666	0
-0.855644	8.48162	0
-0.342587	-8.88332	0
-3.6476	-7.98821	0
3.56941	-4.63067	0
-0.390311	-2.52334	0
7.94571	1.33964	0
3.38788	-2.75076	0
5.93619	3.43186	0
8.09856	-1.59929	0
3.49516	-4.33093	0
8.74339	-2.08074	0
-6.48474	5.88836	0
-2.7598	2.12536	0
-6.46326	-6.02865	0
-8.35903	-2.28541	0
0.2577	8.97327	0
4.00588	-6.03145	0
8.25536	-2.09761	0
3.63493	0.737518	0
3.46921	1.19851	0
0.186181	7.9146	0
-3.60006	-2.19166	0
4.8591	-6.0256	0
8.35844	2.61996	0
-0.64046	8.9769	0
8.56498	-1.68971	0
-1.48793	0.718824	0
6.84363	-0.39509	0
4.95186	7.06442	0
2.56783	-6.50399	0
6.85528	3.11684	0
-4.30904	5.00399	0
2.60965	8.23522	0
-5.02123	7.22304	0
8.07136	-2.76275	0
6.25321	5.72972	0
-1.74068	8.72561	0
8.61548	2.59479	0
7.16202	-5.44581	0
-0.133745	3.07478	0
-7.77888	2.56358	0
7.87898	-1.08175	0
4.27346	2.10008	0
6.64778	-5.24908	0
-6.94297	-2.76578	0
-2.44313	5.92834	0
-8.4245	-2.58553	0
-7.18207	-5.41816	0
8.82735	1.56877	0
2.36319	3.76696	0
4.65012	-5.46508	0
0.689591	4.64051	0
-8.45519	1.80192	0
1.99406	5.81816	0
-8.95028	0.774394	0
3.53928	-7.39199	0
-8.10462	3.44882	0
-0.623881	-1.32473	0
1.69265	8.79853	0
-0.0121578	8.84112	0
-6.874	-4.2956	0
1.48723	0.747937	0
-6.3427	-4.74359	0
4.87731	6.67545	0
-2.47016	8.65277	0
-8.13815	3.57382	0
8.43971	1.13792	0
4.59829	7.7352	0
1.85179	0.598035	0
-0.184275	-8.74739	0
2.38989	-1.16045	0
-7.04789	5.38101	0
2.04129	-6.58995	0
-1.67142	-8.62892	0
-8.28332	2.82157	0
6.5289	5.88856	0
2.82892	-5.79952	0
2.21126	4.53056	0
-7.75102	2.14774	0
-6.65159	5.92778	0
-2.23366	-2.25523	0
0.000477173	-4.44179	0
0.64584	-2.796	0
4.11648	1.24398	0
5.22547	3.20627	0
-4.14574	-5.6824	0
-2.56774	-3.58285	0
2.96867	-7.5268	0
0.134686	2.18158	0
0.168756	-3.89087	0
-1.05516	7.19684	0
0.356482	6.4237	0
7.78893	4.50638	0
7.04501	-0.85148	0
3.71306	-7.59387	0
2.27526	6.39662	0
-4.79911	5.43969	0
-7.86445	2.37773	0
-2.14848	-8.4136	0
3.55547	-1.8943	0
-2.27025	7.4277	0
7.56886	3.93774	0
-8.21006	-3.59564	0
7.76266	2.45997	0
7.61567	-3.17481	0
1.30877	6.33728	0
-5.98349	6.70304	0
-5.23778	2.20229	0
5.13509	3.87018	0
-4.38519	-2.50638	0
4.70503	-6.1878	0
3.5397	1.70054	0
-1.939	3.03699	0
1.99915	-4.11376	0
-8.34337	-2.48333	0
-5.60459	-3.83127	0
-5.33452	6.0222	0
4.54551	3.86939	0
5.69539	3.57443	0
-3.43732	-4.39159	0
7.01106	5.28164	0
-1.02346	7.31453	0
5.05052	0.0584044	0
0.796659	2.58769	0
-5.95922	-5.97348	0
7.373	-4.83915	0
-7.91864	-3.64809	0
-7.58371	-4.81694	0
-5.77666	-6.5205	0
-5.17686	7.26873	0
-3.19564	7.17968	0
7.9044	3.58634	0
-6.53509	3.47551	0
-0.11263	-2.40589	0
-8.99023	0.419277	0
3.79873	7.68436	0
-1.45088	-8.72685	0
5.44039	6.87594	0
-0.651049	6.9328	0
-8.82405	0.771461	0
-3.87363	-7.66817	0
1.59206	1.38114	0
-0.462718	-6.04989	0
-5.74053	6.88703	0
7.44413	4.46646	0
-1.48185	0.984874	0
-1.40438	-5.04249	0
-8.86493	1.12943	0
0.995313	-6.15606	0
-1.30623	-0.447602	0
-3.84249	7.76156	0
-7.34066	-2.61645	0
4.02646	7.89518	0
1.62312	-4.43786	0
-8.58807	1.15643	0
-5.49993	-7.11575	0
-0.944344	-7.28866	0
5.0665	0.0419552	0
-3.77312	-8.12413	0
-0.159602	-7.84235	0
-2.54611	8.51481	0
-3.46779	6.51916	0
-6.23501	-3.71186	0
4.18576	7.89429	0
6.47976	-5.5358	0
2.43427	4.18289	0
-1.36158	0.729211	0
5.01927	-4.94074	0
-7.2476	-5.17948	0
6.28365	3.40216	0
8.57074	-2.38495	0
-4.24801	-1.69873	0
-8.65858	-1.94765	0
-5.47252	1.9107	0
-5.62553	-6.99049	0
-0.344247	1.43046	0
7.59186	-4.42443	0
3.54065	7.417	0
1.30211	-1.62374	0
2.12694	7.05664	0
6.39011	-0.220327	0
4.6252	-5.36401	0
-0.0260442	-4.62339	0
-0.49573	6.67871	0
8.93909	-1.00626	0
-7.21644	-1.61562	0
7.20295	-0.571266	0
3.33013	8.07722	0
5.55957	2.85737	0
-5.57561	1.48745	0
-7.09224	-5.40938	0
5.92736	-5.2056	0
0.477529	5.82097	0
4.39558	7.80394	0
-0.693496	-3.43441	0
7.49472	0.232271	0
7.5873	0.0308984	0
2.59164	7.70745	0
2.28347	-8.53602	0
5.2507	-0.283066	0
3.02031	-8.10154	0
1.25728	-7.09071	0
7.89363	-1.74684	0
-3.81744	7.42069	0
2.57199	5.97076	0
2.14398	-7.44086	0
-8.75541	-2.03156	0
-3.90743	2.62618	0
2.67322	-8.2187	0
-5.30546	-7.26622	0
-4.41747	-2.89501	0
8.49618	-0.257916	0
-7.84336	-0.030232	0
-6.21504	1.74991	0
-2.7606	-4.60219	0
5.21859	6.76946	0
5.53383	-3.02688	0
-5.09148	-6.71119	0
-8.61079	-2.54907	0
-6.85038	-1.99913	0
1.68448	1.05564	0
2.19507	-0.678704	0
-7.87459	4.34324	0
6.19868	-5.892	0
-3.37184	-8.31036	0
-6.93555	-1.09246	0
-3.4724	-8.2153	0
-6.80784	-1.21544	0
-3.63236	3.96438	0
6.02832	-6.6607	0
6.15253	-6.55059	0
-2.86753	-2.17753	0
3.73109	-4.85928	0
-8.07441	-3.15278	0
6.14761	-6.43148	0
4.15899	-6.61429	0
3.71197	-6.37646	0
1.63162	-8.42036	0
2.921	7.40666	0
-4.19596	-6.70564	0
2.25369	8.47658	0
7.67138	3.61551	0
-5.35275	-4.50814	0
1.99461	3.60526	0
-7.60773	0.886623	0
6.05663	-0.913443	0
5.62196	-4.51919	0
1.69908	-8.79456	0
-2.2013	2.32214	0
0.909973	-6.33235	0
7.08226	-5.20639	0
-0.851163	0.0684113	0
7.61463	-4.00927	0
2.21886	-8.72015	0
1.23828	6.70521	0
-5.92044	-1.45672	0
-6.86732	-0.765642	0
0.739748	-8.96955	0
5.8587	6.67655	0
5.82716	6.83902	0
-7.62208	-3.17635	0
3.55016	-5.19598	0
-7.62432	-0.9897	0
-4.11848	-2.57305	0
-6.75934	-1.45175	0
7.10666	1.25313	0
6.07059	5.92242	0
2.01367	-8.61811	0
-7.52942	-1.47457	0
-6.6299	-1.42577	0
5.66197	2.35373	0
6.87898	5.08166	0
-8.62967	1.29335	0
-8.94703	0.4611	0
-6.86402	5.22283	0
-4.56011	0.324871	0
-6.1438	5.18383	0
6.9766	5.12359	0
8.06917	-3.7096	0
3.82924	-1.10242	0
-6.37114	6.29218	0
-6.49396	-4.63786	0
-4.97505	6.36404	0
-0.634735	5.93713	0
1.7331	8.29344	0
7.45345	4.7089	0
7.73037	-0.186087	0
2.45531	-0.0232114	0
-2.20703	8.25016	0
7.0681	-4.82267	0
6.9179	0.188447	0
-8.95783	-0.497514	0
-4.45038	-2.31035	0
-3.9807	-6.67925	0
-2.25444	1.34931	0
7.64114	-4.66679	0
5.04329	5.34713	0
5.14704	7.25052	0
-6.45783	5.26078	0
4.66591	-3.91151	0
1.37516	4.55788	0
-0.610561	-7.28546	0
5.96963	4.06158	0
8.23057	0.868482	0
-1.84719	-2.89029	0
-0.759263	8.9077	0
-1.40006	-2.16689	0
7.61958	-4.48953	0
-5.26054	-0.15368	0
0.13707	5.05793	0
6.16733	-3.11848	0
1.14866	0.914112	0
-0.304511	-6.58176	0
0.784655	3.06094	0
-0.228327	4.88792	0
-2.61018	-5.68583	0
-1.30543	-0.51642	0
8.47007	2.42859	0
-8.11231	2.30337	0
-6.81954	-1.62462	0
1.69921	-3.33719	0
-2.47642	-5.98778	0
7.37859	0.00895983	0
-6.20495	-5.9637	0
2.52748	6.95462	0
7.95862	-1.72528	0
3.91717	0.418419	0
6.11323	4.94699	0
-7.10161	5.1031	0
-3.22097	6.34862	0
-4.33019	2.28437	0
-0.653064	-8.67617	0
1.12761	-1.86841	0
0.779182	-0.512854	0
3.63142	6.22274	0
-1.96695	8.78239	0
-5.98627	5.5509	0
8.61744	2.21102	0
-6.97771	4.3677	0
6.42203	2.94414	0
-5.02639	7.02514	0
-6.49852	-6.12848	0
-2.30854	6.61433	0
-8.6634	-1.43327	0
2.89392	0.101697	0
-3.55624	8.08108	0
-3.43476	-4.3747	0
0.490347	-8.48478	0
0.587363	1.4674	0
-1.90975	-8.29673	0
-7.9906	-3.79786	0
7.8373	-3.96478	0
6.48642	3.33764	0
4.06161	-2.65431	0
-2.83947	-8.30683	0
8.16133	1.30604	0
6.3777	6.3146	0
-1.16689	-4.33472	0
1.92772	-1.57729	0
6.86045	4.43853	0
-2.58656	2.09242	0
-7.84153	0.434683	0
-6.97928	5.5969	0
-3.84048	1.53181	0
0.00822021	-4.11992	0
-1.20023	1.83969	0
-3.16027	0.0641287	0
7.47654	-4.51865	0
-0.00358	7.16309	0
6.14188	-4.88994	0
5.68585	2.92705	0
-6.56739	0.0161325	0
3.27561	-0.827935	0
5.57536	-0.679756	0
5.94719	0.781661	0
0.218472	8.2391	0
-4.09485	1.78779	0
0.60281	7.762	0
-6.74966	-3.36819	0
0.167032	7.82747	0
7.95409	-4.1875	0
2.82254	-5.9194	0
-8.40791	-2.00621	0
6.15085	6.51418	0
-1.76777	6.33896	0
8.48073	2.5268	0
-1.67864	-1.3427	0
0.680856	8.17378	0
8.46315	-2.473	0
-5.31104	4.78833	0
1.90305	0.599173	0
8.29783	3.47265	0
-8.23081	3.51653	0
-3.48449	1.89304	0
3.47235	2.58044	0
-0.500165	-5.5545	0
-7.31175	1.55588	0
8.48581	-1.65529	0
6.94609	-5.38078	0
-4.07917	-6.51026	0
2.42636	-5.37635	0
-1.20276	-8.06553	0
8.00375	-4.05974	0
-5.08579	0.334951	0
2.68282	7.06058	0
-4.42673	3.02095	0
-1.74816	2.86414	0
-7.6612	-1.06521	0
1.69031	-4.45328	0
3.48952	7.77432	0
-6.11067	0.968682	0
-0.645386	-1.09341	0
1.45839	-6.42216	0
7.17311	-5.41261	0
6.41541	-6.05673	0
-5.50935	-1.97696	0
0.0925546	4.91333	0
7.35516	4.98596	0
-5.33712	0.312894	0
2.49938	3.04005	0
-5.32431	-2.49519	0
-3.99254	-2.46067	0
-0.184638	-7.83656	0
-7.39574	1.54624	0
1.89212	-8.04314	0
5.4588	7.15197	0
-3.59538	-5.83205	0
6.06221	1.35805	0
7.0808	4.13668	0
3.84405	-2.93354	0
3.37163	3.43232	0
-2.44195	3.71299	0
-5.21474	6.0135	0
-2.82594	1.47389	0
-4.46664	-5.69454	0
4.98491	3.53726	0
8.61426	2.46646	0
4.76285	6.59657	0
-3.13709	6.75287	0
-8.64147	0.807748	0
-7.94323	-3.60069	0
2.00919	4.40087	0
-0.643824	-8.54528	0
6.24786	6.4554	0
-8.1859	-2.92351	0
7.73289	-4.53844	0
3.09745	-5.71838	0
8.41099	-1.737	0
6.27506	-6.36176	0
-5.83918	0.28246	0
-3.11693	-8.3599	0
7.66868	-0.572335	0
-8.2562	3.52218	0
-3.40601	7.83292	0
4.95973	-7.50915	0
-8.06457	-1.19813	0
7.86066	0.212438	0
-6.45382	1.26938	0
6.94244	-1.98841	0
8.71084	2.14241	0
8.77019	2.00022	0
-3.22805	-7.83367	0
6.75551	-1.44027	0
3.74939	-2.56124	0
-0.296504	-8.9071	0
3.62747	7.70536	0
-5.34327	-1.97408	0
3.76536	-3.27776	0
-8.30993	1.60808	0
-7.57658	-2.49511	0
-0.647167	4.0714	0
-8.40621	-1.12395	0
-3.85538	5.54703	0
3.18322	-5.17423	0
-5.76627	6.52434	0
-4.33365	2.67739	0
-6.44355	6.11172	0
4.67371	-7.44339	0
3.41621	-8.0134	0
5.65522	6.97715	0
-7.77743	2.59355	0
-7.672	-1.84228	0
8.7504	-1.01756	0
-0.690268	2.90641	0
1.46683	-0.750408	0
-6.55799	-4.03098	0
2.09582	-4.48368	0
-2.02855	-5.09518	0
-4.34832	4.11678	0
1.4115	7.32411	0
6.30228	3.59562	0
-4.67386	-5.88724	0
-1.1014	6.08116	0
2.6405	-4.19596	0
-5.59111	-7.02813	0
-0.961834	-8.40783	0
-2.64599	5.60718	0
-4.40584	3.61913	0
-6.4084	4.87506	0
-7.11896	-4.68491	0
0.872951	7.63649	0
-8.87888	-0.148496	0
-0.415423	-8.96338	0
8.34824	2.4847	0
-8.68545	-1.97772	0
-5.18764	-3.81125	0
4.19787	6.20442	0
0.2958	-3.45755	0
-7.1069	5.15752	0
-4.50152	5.82818	0
-7.59205	-4.75612	0
-3.42417	-3.7427	0
4.0325	7.20526	0
-1.98826	-4.49205	0
4.37185	7.75635	0
6.45746	-5.99666	0
2.80346	0.684781	0
-1.38748	-2.89004	0
-1.26198	-1.05778	0
3.60546	6.40876	0
0.334041	-2.08827	0
3.33437	-7.6348	0
-3.13399	-2.69269	0
-3.12016	2.57154	0
-1.35429	-7.2213	0
2.45701	-4.46419	0
-4.15782	4.68509	0
4.0191	3.18031	0
6.98802	4.84863	0
-2.43317	-2.12243	0
-8.0797	0.573563	0
7.3938	-4.96142	0
1.47446	8.05239	0
-5.89387	4.1776	0
3.11149	0.794205	0
5.24003	-7.02108	0
1.7913	8.45495	0
6.90167	-5.12534	0
-2.05656	-3.16918	0
-5.52689	-7.08585	0
-1.03452	8.81904	0
-4.68799	-4.17899	0
8.71018	1.76361	0
1.20069	-2.57228	0
-3.75251	7.98878	0
-2.93387	-8.2902	0
-2.84415	8.14909	0
8.71471	-0.840245	0
0.955682	-0.507594	0
-6.45483	6.00981	0
5.61907	-4.32553	0
-2.0782	-0.512103	0
-7.52608	4.89251	0
-5.12621	4.81467	0
6.72126	-5.85777	0
-4.91402	2.56038	0
-3.00337	6.72654	0
3.46785	-4.41148	0
6.40882	6.31842	0
6.27636	6.00486	0
-3.87292	-0.296608	0
0.598269	-8.97145	0
1.04583	5.17865	0
4.01831	7.2251	0
4.39227	-7.72918	0
3.11509	-8.3753	0
-2.8531	1.23552	0
-7.43508	-5.06591	0
-7.0718	5.37481	0
7.0762	-5.44567	0
-6.90839	-2.41702	0
5.23947	-4.40607	0
-2.35901	4.81703	0
-7.6278	-4.77432	0
7.33243	-2.53781	0
-5.77484	-5.9337	0
-3.66658	2.88015	0
-0.35836	7.07271	0
-6.6521	-5.62824	0
6.4827	-1.87443	0
4.68019	4.31841	0
7.99731	1.48926	0
2.79174	8.05498	0
-1.72797	-4.31285	0
7.45416	-4.22048	0
-1.87411	2.68928	0
-3.45535	-7.51486	0
8.93296	1.0748	0
3.88932	1.37005	0
-3.8961	3.04586	0
-4.85429	7.13439	0
-1.83701	8.70555	0
-5.44492	5.34078	0
2.44643	-2.2436	0
4.8753	7.3086	0
-0.368029	7.16649	0
-6.67828	-6.00887	0
-3.98376	7.46242	0
4.23599	6.74013	0
4.6221	6.31312	0
7.12467	-4.91726	0
-3.07871	4.19696	0
-7.47809	-1.68714	0
-8.50194	-2.92457	0
1.72526	-6.73443	0
-4.85679	2.97805	0
-8.37643	-0.295801	0
7.31051	-0.435643	0
-6.71067	-2.97497	0
-2.61538	-6.70907	0
3.79089	-2.70421	0
0.509138	-3.64126	0
-0.622842	-2.1368	0
7.88567	-4.26599	0
0.222742	1.68494	0
-8.09907	-3.90835	0
8.27533	0.926697	0
2.34774	6.32014	0
-6.05563	-6.65483	0
3.38999	5.68212	0
-4.65427	-5.02954	0
-4.57231	2.94876	0
-8.78124	1.75145	0
6.1684	-4.94867	0
-7.82948	-1.19253	0
-7.20978	1.47266	0
4.46184	-5.16956	0
-4.06257	-0.460638	0
-7.76691	-4.32313	0
1.76811	6.26819	0
7.91432	0.778517	0
6.22657	2.86172	0
-8.87806	0.246244	0
-4.81277	7.5896	0
-6.35632	2.51663	0
0.453723	-7.07317	0
-4.83292	6.14871	0
0.973664	-4.38593	0
-5.59169	-4.72439	0
4.26915	-1.58401	0
0.444603	8.00318	0
6.41612	2.66658	0
-2.31507	8.69304	0
-0.516614	-6.50294	0
0.0733732	7.41719	0
-0.551401	6.64273	0
5.21191	-7.32742	0
-5.62298	-6.66019	0
4.4304	-7.66228	0
7.63804	-4.75967	0
-8.89039	0.265159	0
-6.88584	-2.31768	0
6.9312	-4.88693	0
6.30849	1.39466	0
-3.35711	3.49833	0
0.422853	-0.036272	0
5.66601	6.86043	0
8.41068	1.34158	0
3.79966	7.9535	0
-7.08589	4.75628	0
-4.369	1.86299	0
-2.35751	-3.92762	0
2.164	-2.84837	0
-6.47412	-3.69473	0
2.90295	6.42165	0
5.20623	-1.61728	0
-4.20664	3.97362	0
-8.39002	-3.04277	0
-4.69128	-5.07444	0
-8.42175	2.31943	0
0.141802	-8.38902	0
6.10176	4.21165	0
0.349002	8.8315	0
5.04768	4.9714	0
1.52563	-8.84741	0
6.15527	-6.56497	0
6.8612	3.86182	0
3.31368	-3.38621	0
5.38775	5.15431	0
-7.13718	0.0764973	0
5.77292	-5.31231	0
1.33984	6.87716	0
0.570506	5.92069	0
-1.14644	3.21795	0
3.32926	7.11556	0
6.06429	4.39554	0
-2.5078	3.60632	0
-7.51558	-2.71416	0
1.52035	4.90473	0
7.07808	3.10554	0
-2.0993	-8.74982	0
1.0874	8.84055	0
0.893454	8.50865	0
-5.14457	5.73163	0
4.7135	-7.5184	0
-5.56351	-5.21048	0
-1.28714	-6.53664	0
4.87175	1.40907	0
2.39355	8.06542	0
-8.92044	-0.438023	0
-0.0587549	6.07879	0
1.03951	6.65771	0
3.92497	1.1547	0
-6.57092	-5.96575	0
1.45789	-8.5554	0
5.08585	7.39728	0
6.20177	6.47107	0
5.63296	1.8159	0
3.04859	-2.42526	0
0.801404	-5.87109	0
-4.89247	1.43869	0
5.0419	-3.11849	0
0.791531	0.397539	0
0.357047	5.56989	0
8.84005	1.34158	0
5.73748	-2.99854	0
-2.01987	0.969083	0
-4.65482	7.51753	0
-0.0644643	1.93153	0
-8.58029	-0.191177	0
6.5833	2.37003	0
-6.09674	-2.08654	0
8.41422	3.11518	0
-7.17448	5.37004	0
-3.52999	1.64413	0
-3.56096	7.75622	0
5.25794	-6.4809	0
-0.103723	-6.48412	0
1.73466	-8.79219	0
0.53882	-6.04228	0
-6.63728	4.29912	0
1.28535	-8.58538	0
0.111408	-8.48358	0
-1.06839	-6.43643	0
4.2096	4.12527	0
-8.57725	-1.41589	0
-7.2854	-4.53912	0
8.30281	-3.37244	0
8.40191	2.82163	0
1.76319	-0.441169	0
3.0811	-3.59744	0
-0.545318	6.04196	0
-8.46761	-0.901478	0
-3.43054	-7.5396	0
4.23783	-5.17986	0
1.44928	-1.2421	0
-0.0006426	-0.522893	0
-6.06894	5.9029	0
2.35483	8.0724	0
-3.76076	7.90899	0
6.84351	-5.22511	0
-5.23503	5.86065	0
-4.98908	-1.7634	0
1.35309	-6.99827	0
-2.48535	6.55869	0
