17.0667	3.86229	2
10.5554	-3.25366	2
12.1747	-1.15095	2
6.15046	-5.58955	2
12.2623	5.34729	2
11.0224	0.311118	2
5.39231	-2.23141	2
6.92666	3.9108	2
11.9174	-2.53366	2
6.39167	0.0552212	2
7.98751	-2.20216	2
13.8944	0.968969	2
11.0246	0.509964	2
10.4284	0.388605	2
9.90884	3.10395	2
6.32864	2.40377	2
10.5877	1.29929	2
9.44939	6.57253	2
8.96676	0.231127	2
4.84514	-7.41487	2
8.29078	3.5016	2
15.0162	3.68817	2
7.42748	-4.0424	2
8.61387	-1.11525	2
11.6759	3.98856	2
10.2963	1.09216	2
12.9262	-2.64108	2
10.9829	-0.386956	2
6.13663	-4.09675	2
10.2173	-1.4027	2
6.73371	-4.17147	2
15.6884	1.53813	2
5.65563	2.6706	2
7.58634	-9.60243	2
10.7765	-0.341645	2
10.0749	6.21795	2
9.24548	4.53584	2
8.64723	2.7806	2
6.17869	2.28472	2
5.09361	5.81568	2
13.877	0.448223	2
7.89786	-0.505415	2
9.31076	-0.282143	2
6.58385	-2.27486	2
7.88351	5.74424	2
4.95506	-3.09956	2
8.18316	5.27466	2
5.13202	0.848262	2
12.1664	-2.64516	2
17.8174	0.244677	2
11.375	-2.69432	2
13.3058	3.09234	2
9.08186	0.0502238	2
6.99975	1.94746	2
14.0296	-3.62621	2
6.48621	1.36096	2
10.9962	1.30485	2
11.0315	1.58804	2
11.1092	-4.13448	2
9.35224	-3.09148	2
8.94205	-4.40255	2
3.86156	0.298413	2
16.8073	1.36513	2
4.43591	-0.931893	2
7.66711	-0.414402	2
11.0536	-1.95815	2
11.359	2.50195	2
13.032	0.841333	2
12.4641	-0.0816433	2
12.8388	6.2279	2
9.39493	-3.25324	2
5.93528	1.70664	2
9.31835	1.08003	2
9.03561	0.405304	2
14.3239	4.29968	2
12.8604	6.4054	2
3.87544	-1.95483	2
9.03642	0.228583	2
11.7778	-3.06366	2
7.22244	-2.63503	2
10.166	1.18288	2
10.234	2.2064	2
12.9284	2.83431	2
9.61268	9.0753	2
10.8061	0.540271	2
9.40016	1.79769	2
12.4067	4.28402	2
9.31829	-2.9012	2
9.36604	1.99858	2
17.2825	-0.608543	2
9.39126	3.04301	2
12.3913	-0.882455	2
12.4833	-2.45435	2
12.2169	3.23699	2
10.4829	-0.0101085	2
7.67883	-2.02192	2
9.55404	-0.385719	2
10.0148	-1.05761	2
10.7091	2.19687	2
6.23416	0.0614288	2
-10.0891	1.18329	1
-13.4176	-1.87737	1
-12.5409	-3.64617	1
-12.9023	-6.32787	1
-4.76481	2.96453	1
-14.2801	-2.1569	1
-12.5706	2.96815	1
-14.2554	1.52663	1
-6.49404	2.71628	1
-10.8924	1.861	1
-12.418	3.34622	1
-8.24061	-4.5185	1
-8.6147	5.26843	1
-9.1798	1.36242	1
-8.39811	1.65944	1
-13.2098	6.42506	1
-5.07531	0.176575	1
-12.5461	0.0209278	1
-11.0496	1.10646	1
-7.81375	0.685699	1
-10.2775	-6.94687	1
-9.2801	0.570424	1
-7.89735	1.97945	1
-12.884	-3.30506	1
-5.94523	0.520131	1
-7.80825	1.25512	1
-11.8699	-2.29546	1
-5.2562	-1.58158	1
-5.01259	2.50735	1
-6.12756	-1.17607	1
-6.89987	4.47097	1
-10.1774	-0.665217	1
-12.7012	1.42083	1
-4.40525	-0.117384	1
-8.89771	-1.20074	1
-7.31912	-0.504475	1
-7.97529	-0.482085	1
-12.5979	1.40754	1
-8.81988	2.6577	1
-8.48308	-1.8502	1
-8.12965	-3.47942	1
-7.15459	-2.46824	1
-7.85911	0.393442	1
-4.49019	-4.12245	1
-8.13476	-1.87091	1
-8.92746	-0.28468	1
-6.90904	-0.577167	1
-12.5714	-1.00518	1
-8.79506	1.962	1
-4.29058	-4.12696	1
-16.2327	-0.0166105	1
-13.8169	-0.272863	1
-9.28159	-1.3066	1
-8.98642	2.22363	1
-7.30527	0.816138	1
-7.34584	-0.371004	1
-9.15066	2.49188	1
-12.0154	1.36795	1
-7.69166	-3.70965	1
-9.93138	-0.0398972	1
-8.12291	1.56419	1
-9.7997	0.794747	1
-8.73474	-3.98573	1
-3.46626	-1.78116	1
-7.03152	-7.39645	1
-17.2301	-3.29332	1
-13.6972	5.92491	1
-13.4656	0.663252	1
-9.1657	-2.71908	1
-10.5289	0.513722	1
-12.638	-4.7752	1
-16.672	-0.837932	1
-11.4726	3.08423	1
-10.6375	-4.36657	1
-10.4868	-1.82504	1
-11.7225	0.280481	1
-7.25938	-2.18805	1
-6.25419	2.58736	1
-12.415	-4.14055	1
-8.65187	-2.25598	1
-10.8187	-0.35838	1
-8.49128	-0.593661	1
-10.6025	-4.64504	1
-6.04882	-1.67166	1
-9.4838	6.14406	1
-10.1633	0.963361	1
-15.0852	-0.318342	1
-10.8948	4.44036	1
-6.8905	-6.01953	1
-4.59988	1.34765	1
-9.47361	3.27207	1
-11.2101	2.10759	1
-11.8371	-1.21196	1
-8.11879	-5.79683	1
-9.23066	-6.3992	1
-7.02005	-3.37985	1
-8.3497	-1.4132	1
-9.87245	-0.859258	1
-14.3468	-5.30042	1
-6.5199	-0.039083	1
6.0617	23.365	0
-25.4167	4.3243	0
-22.4709	12.6325	0
-21.9007	10.2424	0
-25.6753	-0.289505	0
17.9371	17.7938	0
-11.2864	-22.7279	0
-20.1625	-14.2401	0
19.264	-16.6834	0
25.5685	3.21154	0
16.3313	20.0369	0
-24.8772	6.67999	0
22.3405	-12.9839	0
-5.56007	23.4499	0
13.7756	-20.5542	0
21.046	-14.376	0
1.42615	25.7951	0
25.3981	-1.8688	0
19.3189	17.0118	0
13.9607	-21.0053	0
15.7286	-18.1727	0
-21.7447	-13.116	0
10.7307	-23.5469	0
25.0215	-4.24165	0
20.4711	-13.7222	0
23.084	-9.41474	0
25.4737	-1.84818	0
-23.5536	-7.24203	0
22.1841	9.4351	0
-24.3219	1.87479	0
-16.7556	19.1287	0
-25.0766	-3.34288	0
16.7475	-18.308	0
-21.6217	-12.8221	0
14.278	21.1053	0
-0.201119	25.5664	0
13.6317	20.7677	0
-11.6365	-21.2567	0
25.7642	-2.26297	0
24.2545	8.83916	0
22.7289	-10.3262	0
-15.6162	-19.9989	0
-1.33029	25.3555	0
16.557	-18.9637	0
-16.7422	-17.6812	0
20.8701	11.9416	0
14.6462	20.7319	0
18.5266	-16.1136	0
15.3997	18.761	0
-17.8716	-17.2236	0
19.5076	-17.1149	0
-19.3771	16.6101	0
22.8075	10.1816	0
4.93282	25.3949	0
12.1773	20.9067	0
-5.6398	25.0223	0
-23.9492	5.05757	0
-23.7858	5.11319	0
18.2211	16.2465	0
-22.6264	-9.82132	0
19.2346	-14.8489	0
-15.4954	-19.1003	0
-18.2068	-17.4938	0
4.01614	25.4176	0
-25.5272	-2.31539	0
21.6287	13.3135	0
-21.8875	-14.013	0
-11.8848	-22.2461	0
22.558	11.5037	0
13.1636	21.0065	0
-18.2839	17.9014	0
-24.9536	-6.40068	0
-24.2638	-1.30801	0
4.12516	24.4753	0
-21.1969	11.7537	0
-12.4819	-22.6531	0
5.07767	23.698	0
-6.38346	23.2218	0
-4.33959	25.0582	0
-20.2977	-14.9502	0
-18.4019	-16.6506	0
23.674	-3.94823	0
-4.59967	24.782	0
23.9467	5.09444	0
-12.7318	22.406	0
9.14872	24.1566	0
9.66956	-22.1425	0
24.9852	1.4262	0
18.4013	-17.5477	0
20.6767	12.7557	0
-7.86497	23.0832	0
13.0566	20.2561	0
25.4958	-0.754015	0
25.4098	2.24317	0
23.5526	-7.68169	0
22.9856	-9.72939	0
-14.5653	-19.6926	0
-7.77539	24.2256	0
-21.1398	13.8704	0
18.7956	15.3411	0
9.67296	-23.1332	0
-13.0298	20.617	0
-24.3546	-0.263075	0
-9.23275	23.1582	0
20.0265	16.2641	0
14.2771	-21.1418	0
-13.1256	-21.1733	0
14.3588	21.0512	0
-17.3925	-18.3252	0
23.6529	-7.47472	0
-19.5195	16.8063	0
15.2568	-20.6285	0
-22.0395	13.7055	0
21.0424	13.2324	0
9.39801	-22.2755	0
-5.79566	23.8112	0
-24.145	7.19324	0
-25.3633	2.20099	0
-19.2668	15.0109	0
23.869	-8.76101	0
7.22914	24.5179	0
-19.9914	14.9813	0
23.7881	-3.41927	0
-1.1693	24.162	0
-13.7626	20.2281	0
-22.3047	-10.8866	0
-10.6019	-21.8842	0
21.1326	12.6122	0
-24.101	-4.02911	0
-24.8899	-2.50204	0
-10.4371	22.6029	0
-15.6931	18.6275	0
11.4801	-21.7859	0
-20.2036	14.6095	0
-22.8702	7.62606	0
24.0183	6.59071	0
-16.8973	-18.7356	0
-18.8482	-16.565	0
22.9252	-9.24186	0
22.6078	-12.2369	0
19.1445	15.5222	0
-19.0522	16.212	0
-24.3764	3.46416	0
-18.0182	18.6922	0
22.159	-13.1746	0
23.4363	-8.77722	0
-15.1311	-20.8567	0
14.9536	-19.5734	0
23.3517	-10.2963	0
23.8117	5.80846	0
14.6741	19.3034	0
-23.4814	-8.68869	0
24.4608	-5.52572	0
25.0799	1.55637	0
18.3948	17.3358	0
23.8373	9.26148	0
15.8134	18.3642	0
11.3341	-22.68	0
-2.12135	24.3912	0
24.0765	2.45162	0
-19.4929	-14.4823	0
23.6282	-5.5105	0
5.44888	23.9622	0
-11.335	23.0178	0
-13.4208	21.9047	0
-23.1585	-10.5482	0
-11.9439	22.7584	0
-24.3944	-6.41586	0
2.31885	24.3851	0
-9.39251	23.4215	0
-21.5246	-12.8355	0
24.1822	-0.392416	0
-24.8405	6.00089	0
-22.3903	10.0264	0
13.2504	22.2394	0
-7.25447	24.3703	0
4.39891	25.3334	0
24.9653	-0.47181	0
-11.7635	21.974	0
25.5014	4.20915	0
-12.6845	-22.0478	0
20.6598	-14.1894	0
-13.5904	21.6779	0
24.3284	-6.7229	0
12.469	22.1489	0
-6.91762	23.6211	0
-3.22077	24.6787	0
18.749	15.5598	0
-24.1466	9.13507	0
23.4176	-7.41447	0
11.0965	-22.7062	0
-25.267	-0.447142	0
-7.25013	22.923	0
13.0023	20.5884	0
-19.5071	-15.2543	0
-25.7412	3.64161	0
18.5687	-16.6054	0
20.1531	15.1551	0
-21.6787	-13.0467	0
20.0382	-15.4704	0
25.8777	-2.26727	0
-10.1193	22.5892	0
-16.496	-17.6681	0
-25.5772	3.1606	0
-17.7452	18.1798	0
-21.4764	-14.4122	0
6.51848	24.0437	0
25.0212	-1.16295	0
-12.1326	21.6997	0
24.0793	-5.12061	0
-1.94422	24.6138	0
11.9281	21.0402	0
13.1923	-22.043	0
24.5965	5.86042	0
-25.4287	-0.787409	0
19.7897	-16.2604	0
-24.8712	5.20323	0
-10.8879	-22.3965	0
-17.4504	-17.8025	0
-19.9478	-13.4898	0
19.0825	17.3558	0
-13.0847	-20.2307	0
-20.2149	-14.4882	0
-18.7779	-15.6921	0
25.582	-3.02533	0
22.4518	-10.673	0
24.0404	-8.45859	0
0.60909	24.0928	0
-24.6811	-2.80492	0
2.48961	25.4071	0
6.17908	25.0113	0
-17.0881	-18.9888	0
-22.0347	-10.4761	0
19.2981	-15.1295	0
-23.611	7.03221	0
-24.0406	-1.58627	0
-13.7243	20.4496	0
-22.7155	10.882	0
-24.3001	-2.33444	0
22.0769	13.6418	0
25.0993	-1.4638	0
25.764	-1.52473	0
-13.2571	-22.2871	0
-20.8658	-12.0383	0
-22.3742	10.9138	0
-19.6003	-14.9204	0
-21.6469	14.1088	0
21.4009	-14.2906	0
-25.4936	2.77037	0
24.4931	5.34135	0
-24.3889	-1.4207	0
-24.7224	-3.33194	0
-15.5835	19.7376	0
24.5663	5.16244	0
-22.527	10.3319	0
7.26572	24.1835	0
19.0473	-17.4163	0
20.0166	14.3749	0
25.5644	3.21591	0
-19.2781	16.5481	0
-6.14463	24.7762	0
23.8889	4.68709	0
19.6517	-15.6456	0
22.9802	-11.5418	0
23.5246	10.8445	0
-15.3897	-20.173	0
25.1527	6.50847	0
-24.0	7.28827	0
-23.6763	5.50108	0
-18.7119	-16.7361	0
24.4301	3.1156	0
-23.0896	8.06451	0
23.0531	-7.74624	0
17.105	19.0118	0
17.6868	17.7634	0
15.3784	18.8528	0
-22.1887	-9.64718	0
-6.15092	24.5922	0
-16.623	19.9538	0
-23.7327	4.05094	0
-8.66177	23.2875	0
15.3172	19.696	0
-23.4371	6.89055	0
-22.3044	13.1853	0
-9.74529	-22.5471	0
-20.1646	-13.1884	0
-24.7457	-2.16106	0
19.3645	-17.2039	0
-8.50708	-22.782	0
-23.6304	-4.73979	0
20.5412	15.7343	0
2.32257	25.6838	0
21.8422	-13.7151	0
8.74109	23.709	0
19.282	14.8722	0
2.81765	25.6397	0
-15.9879	20.3116	0
-22.4841	-12.7353	0
-21.4558	-11.3721	0
25.0379	5.83599	0
0.454291	25.3972	0
-23.3605	11.3412	0
23.9267	-3.96025	0
11.5081	-21.8074	0
24.6823	-0.687258	0
-15.276	20.1854	0
-24.8737	-2.54524	0
-0.129892	25.0386	0
15.1374	-20.0313	0
-22.2576	9.53677	0
-16.5589	-19.6038	0
-24.6132	7.14124	0
-11.6468	-21.0359	0
9.52157	-23.5058	0
25.4389	4.16575	0
-19.829	-14.8127	0
20.883	12.4511	0
21.349	11.5666	0
-18.3996	17.2066	0
24.5487	-6.6064	0
14.3864	-20.3601	0
20.6157	15.5897	0
23.0749	-11.6149	0
20.6684	13.138	0
-21.9211	-11.2064	0
-11.9093	-22.069	0
-4.01438	25.3734	0
-22.2066	9.69317	0
25.311	1.03038	0
9.88399	-22.3684	0
14.2673	21.3981	0
17.7382	-17.8486	0
-23.9208	7.92498	0
23.0108	10.7582	0
-23.5624	8.90415	0
-25.4276	-0.243822	0
25.5814	-1.71639	0
-20.1708	-14.0106	0
-20.0255	-14.5034	0
14.1291	-20.5662	0
21.011	-13.4273	0
24.0888	3.03098	0
-15.651	-19.4433	0
5.69208	23.7887	0
-11.927	-22.2131	0
23.5117	8.45998	0
-13.3964	19.9644	0
-24.9468	-2.89518	0
-17.5574	18.9654	0
-12.8265	21.846	0
21.5549	-10.6358	0
-3.08605	25.0724	0
-21.5962	12.5761	0
24.4773	-0.483831	0
-4.856	24.0668	0
23.9088	2.12887	0
-9.92028	22.2662	0
24.7695	4.39637	0
9.31664	23.9266	0
18.8707	-15.6109	0
-24.4864	0.900321	0
22.3259	9.55111	0
3.09019	25.3937	0
12.3981	-20.6438	0
12.3236	-21.5772	0
7.67362	24.0061	0
-24.1266	6.45368	0
2.88862	24.5286	0
-9.34549	23.7868	0
-23.8142	10.0631	0
21.2504	12.1484	0
9.01174	-23.7268	0
-23.2525	9.12865	0
23.6302	7.19857	0
-17.8688	16.5773	0
-20.5751	-14.6441	0
-20.8325	14.3917	0
-19.6691	-14.0933	0
9.66852	-23.4404	0
15.7225	20.3188	0
-12.9476	20.6878	0
24.4041	-6.39271	0
-22.6748	7.97517	0
11.6155	22.5533	0
15.6968	-19.5109	0
-12.0214	-22.5742	0
9.60786	23.2026	0
15.4059	18.8733	0
-24.6943	4.19041	0
10.0608	-23.2302	0
6.93385	24.0724	0
-16.4733	-20.1149	0
-24.2034	1.74128	0
-22.6717	11.9191	0
-20.6274	-12.7325	0
-18.5219	15.9709	0
-19.4001	16.9066	0
-4.38271	24.4071	0
-15.4764	-19.8806	0
-21.086	-14.8494	0
-14.8815	-19.1265	0
-20.2723	-13.1719	0
-15.6507	-19.2372	0
-25.2237	2.17288	0
12.7848	-21.7399	0
-21.3155	-13.2801	0
-5.57551	24.1244	0
-20.6667	13.621	0
12.9608	-21.2034	0
-24.1315	-1.55364	0
4.70211	24.5533	0
24.6074	4.61148	0
14.7006	-19.638	0
20.6464	-13.668	0
21.3738	14.5343	0
18.6388	-16.4722	0
-9.83932	-23.8335	0
19.0248	16.8849	0
-22.4725	-10.4708	0
-16.8253	-17.3971	0
-11.7797	-21.3228	0
-25.7384	2.54827	0
-7.72607	24.7187	0
-22.9398	-7.13013	0
-14.8513	-19.8897	0
-21.8438	-13.9455	0
-10.504	-21.917	0
-22.2612	9.30681	0
19.6689	-15.3145	0
18.6871	15.1998	0
20.1207	-16.1372	0
-25.7036	1.44035	0
-10.7491	22.0837	0
20.1084	-15.1828	0
-23.6813	-6.51291	0
4.93094	25.3806	0
-24.3006	-7.17675	0
-18.9595	-15.389	0
-13.4025	-20.2065	0
-20.9573	12.3231	0
-16.1713	19.7964	0
-18.3802	18.3887	0
11.3798	-22.648	0
14.9819	-19.6259	0
1.86296	24.7886	0
16.1364	18.0152	0
18.0121	-17.7819	0
16.5667	-19.5467	0
5.4612	23.7891	0
-12.0174	22.5303	0
-24.3589	2.17804	0
-20.5219	-15.001	0
19.4721	15.8227	0
-8.2854	24.4034	0
10.8828	22.4774	0
1.40835	24.3466	0
-11.9629	-20.8958	0
-5.24136	24.3661	0
14.4846	20.9336	0
7.18901	23.2836	0
22.1354	-10.9262	0
-21.8698	-12.5471	0
-17.4374	-16.6309	0
-8.88198	24.091	0
-19.8851	14.9274	0
-13.1749	-21.6545	0
-24.0843	-1.51376	0
15.4621	18.8731	0
-11.0546	22.5618	0
2.72649	24.9578	0
17.8128	17.8003	0
23.879	-7.92549	0
19.0453	-17.3655	0
-16.6898	-17.4331	0
-25.9078	1.94046	0
-23.3751	9.17986	0
-20.0513	-14.2904	0
24.8214	1.05552	0
25.9037	0.457149	0
7.0762	23.7423	0
12.89	20.7466	0
-24.4366	8.11544	0
-20.5933	-13.3956	0
24.7711	-5.50249	0
-10.3731	23.3113	0
-0.399094	25.047	0
14.1414	19.8116	0
23.9106	7.04982	0
-12.2086	21.975	0
11.2182	22.206	0
-15.9056	-18.0374	0
23.3983	8.32223	0
-24.5069	-5.54453	0
11.4186	21.9153	0
-17.8409	18.1363	0
-9.20187	23.5139	0
18.519	-16.0428	0
22.8467	-12.3877	0
18.2957	-17.5638	0
-1.237	25.1745	0
23.2794	5.86151	0
14.4859	-19.7752	0
-24.309	5.6987	0
-23.7972	4.67908	0
7.27903	22.9084	0
-19.0146	15.1107	0
-23.7053	4.26018	0
15.9417	-19.4342	0
-20.7139	-13.6978	0
-2.56972	25.1977	0
20.5451	12.4222	0
25.0779	0.104456	0
6.54287	23.6959	0
-13.0974	-21.8499	0
-23.669	9.69575	0
-25.1181	-5.29651	0
21.38	12.0092	0
19.3859	-15.1083	0
15.6999	-18.6632	0
-24.7666	3.11223	0
10.0774	22.974	0
20.1149	16.2644	0
24.0618	2.7642	0
12.4204	-20.9475	0
-20.6074	-13.7408	0
-19.147	-17.2068	0
9.77498	-22.9874	0
-5.20043	25.4652	0
-24.4975	-0.609644	0
24.1672	5.74087	0
24.5433	2.08886	0
-24.9597	-6.42144	0
12.6327	21.5268	0
-13.1523	21.2253	0
-24.7519	-5.64407	0
20.2359	12.9932	0
23.5736	-8.50068	0
20.9071	-14.5576	0
-14.6189	-21.324	0
-3.04807	25.5941	0
-21.3617	14.3127	0
-21.7122	-11.6595	0
-24.043	1.01559	0
-25.886	0.413226	0
0.33722	24.5927	0
25.7197	-1.65946	0
-3.82176	24.7178	0
10.8859	-23.4936	0
-22.2496	-9.10104	0
22.6107	-10.2604	0
-14.7746	21.3602	0
-15.9658	18.2835	0
23.2002	9.9424	0
24.0869	4.56477	0
-3.17154	25.4998	0
22.093	-11.5103	0
-17.5769	16.7185	0
-23.8492	4.99376	0
21.67	-10.786	0
21.3773	11.6433	0
-21.5661	11.2833	0
-13.1786	20.5764	0
11.2119	-22.6624	0
-23.2368	-6.43627	0
-24.0443	-4.92598	0
-19.2598	14.4336	0
15.826	18.2916	0
24.3301	1.33757	0
-9.95688	22.1504	0
-18.9072	-14.9833	0
6.08451	23.4311	0
18.3941	15.9992	0
23.0343	-7.56047	0
-23.5046	-9.88331	0
-11.7176	22.8887	0
21.4906	14.0447	0
24.023	-1.89482	0
-20.1189	16.051	0
23.3989	-9.81757	0
10.7371	-22.3337	0
19.6946	-16.5395	0
1.90525	24.9373	0
24.6407	-7.40906	0
-13.567	-21.9329	0
20.8714	-14.6579	0
23.2801	6.02541	0
24.1771	5.66019	0
-24.2138	-7.60652	0
22.4968	-11.4815	0
2.73162	24.3284	0
23.2309	6.37991	0
9.6994	22.0909	0
15.1463	18.8629	0
-21.4315	-11.8309	0
-1.97462	24.7484	0
-15.6442	-19.0346	0
-10.7374	-23.163	0
-23.4342	-7.4517	0
18.0806	17.2189	0
-24.8082	3.97408	0
5.7043	24.006	0
-11.6064	21.1523	0
24.6074	-1.96196	0
-25.4729	-1.24043	0
-22.4976	-11.4266	0
23.2898	8.49211	0
18.4245	18.0809	0
-24.0943	-8.03933	0
25.4455	-4.19429	0
-7.48661	24.8572	0
0.408822	24.4165	0
8.31203	24.4729	0
-24.3825	-4.5391	0
16.2838	-18.1693	0
-15.0762	20.955	0
23.0489	7.29229	0
-23.2944	8.66747	0
-7.11521	24.7426	0
-25.0853	3.43237	0
24.0819	-4.74363	0
-18.3277	18.2775	0
-20.2264	-15.2693	0
-18.7223	16.1167	0
21.1916	-12.8717	0
22.6779	11.699	0
9.87191	22.7456	0
15.3935	19.6072	0
-19.3876	15.5853	0
9.64694	23.7793	0
12.3024	-21.7293	0
-21.6413	-11.399	0
-3.63809	23.9124	0
-13.4688	22.0295	0
-22.9925	-10.4186	0
-10.7545	22.2423	0
21.9284	-12.7591	0
-7.29897	24.7119	0
11.2699	-22.0659	0
20.7052	14.4861	0
-16.2666	20.0779	0
-18.8316	16.3226	0
10.1421	-23.3628	0
23.8192	-4.04035	0
5.09459	24.1342	0
-21.6643	-12.5243	0
14.0504	-21.6213	0
18.324	-18.3259	0
-6.57861	23.332	0
18.9163	-14.8159	0
-17.4234	18.5979	0
-24.0895	0.0223959	0
-20.1263	13.8119	0
2.49561	24.8313	0
-13.5675	-22.0828	0
-23.6365	-7.41316	0
21.3377	12.7531	0
-24.9551	0.503607	0
-20.608	14.5382	0
-20.8835	13.929	0
-24.1582	-7.61614	0
20.2783	-13.1581	0
-23.3443	9.08402	0
1.49602	23.9861	0
4.37731	25.4603	0
-22.399	11.2953	0
18.9914	15.9158	0
-2.45263	24.8205	0
-17.2696	-16.9156	0
16.4501	19.8597	0
24.8941	3.466	0
12.4795	22.0613	0
-10.3568	23.6995	0
-24.9561	2.55316	0
1.03995	25.8992	0
24.1246	-4.43406	0
23.1228	11.2328	0
24.0093	3.77636	0
-23.713	-5.81122	0
15.3375	20.8063	0
-23.0365	10.9346	0
21.4251	-12.8719	0
-0.490985	24.0058	0
15.6714	18.6559	0
-20.3651	-13.9799	0
24.2384	1.79664	0
8.76428	-22.6652	0
-9.14694	23.8926	0
-23.6011	-5.06413	0
-24.2167	-1.04972	0
-13.5013	22.1701	0
-24.0844	-9.53904	0
10.043	-23.0241	0
11.8761	21.4657	0
-9.96819	-22.761	0
-24.9169	1.71677	0
-20.6461	12.5627	0
25.3099	-3.08353	0
-20.324	13.8191	0
20.3444	13.6833	0
-24.1476	6.10797	0
-2.90745	25.1279	0
19.8145	-14.1509	0
24.4904	-7.53522	0
16.7309	-17.3748	0
15.7892	18.7889	0
24.2734	5.43648	0
-20.9415	12.2625	0
-6.60965	23.2532	0
-19.704	16.2358	0
-7.95062	23.256	0
21.2423	11.6204	0
20.376	12.9631	0
-17.1279	17.782	0
-12.8997	-22.2888	0
-23.6777	5.55975	0
-24.1491	6.98685	0
21.8646	-13.6885	0
-22.6727	-11.1674	0
10.36	22.6197	0
1.75425	24.804	0
24.9023	6.56813	0
-21.9322	12.1281	0
-24.9486	-6.16116	0
18.004	17.8788	0
-10.4182	22.3432	0
20.9359	14.4423	0
-22.9476	9.65746	0
-13.1379	20.6873	0
24.6685	-6.14001	0
10.3652	23.1735	0
13.6176	-21.3267	0
-7.99049	23.6082	0
16.6963	-18.1424	0
-7.05445	23.2392	0
25.9772	1.03964	0
-20.9503	13.5444	0
18.1808	-16.7342	0
21.7849	10.7453	0
-21.4721	12.9042	0
-25.9068	0.934864	0
25.5044	-0.867496	0
21.4813	-14.6133	0
13.6037	21.8682	0
24.8651	1.31294	0
-19.88	14.355	0
22.5046	-9.31417	0
-24.8903	3.31475	0
7.05966	23.4993	0
10.5279	-22.9848	0
23.9883	9.59801	0
-13.7148	-21.5824	0
0.697953	25.3608	0
21.4107	11.9298	0
19.0935	16.135	0
12.7392	22.1416	0
-16.9065	-17.5664	0
-21.5265	-14.2299	0
24.5403	-5.01524	0
-13.1795	20.0848	0
20.8577	15.0434	0
-17.9993	-15.9174	0
12.926	20.2313	0
-5.47504	24.9923	0
25.1895	-2.23348	0
-24.009	2.10436	0
-25.7033	-1.11308	0
24.1442	-4.22133	0
9.04334	22.4882	0
-25.801	-2.83159	0
14.3816	-21.3871	0
10.7055	-22.0091	0
-23.5829	10.4623	0
22.2647	13.2224	0
17.7882	18.589	0
14.4761	21.5114	0
-6.44152	23.5218	0
-24.0564	1.96391	0
22.0737	11.943	0
13.7721	20.8755	0
-18.7672	-16.1481	0
-5.10994	24.4393	0
-24.0037	2.91138	0
23.9089	9.55402	0
19.9824	-15.3059	0
0.231262	25.7595	0
5.02328	23.9536	0
25.1034	-4.54498	0
-24.0922	-6.25296	0
17.1526	-17.1046	0
20.0447	-13.406	0
8.67701	23.9471	0
0.109341	25.8679	0
-21.4205	13.3743	0
-13.9307	-20.1602	0
11.9648	-21.2895	0
21.2027	-14.7662	0
-25.3914	4.31611	0
11.7624	-21.812	0
15.0778	18.7246	0
18.4007	15.897	0
