9.77433	-5.34114	2
6.81634	2.14387	2
12.6887	2.8319	2
11.3833	1.36126	2
10.8213	-5.12819	2
10.4251	-4.06372	2
6.15879	1.69049	2
8.35422	1.52452	2
7.62496	-0.34379	2
11.3109	2.30062	2
11.6465	2.25582	2
10.5478	-6.8716	2
11.3483	4.05775	2
10.2469	-1.33535	2
13.4039	-1.95984	2
5.52744	0.302994	2
10.3059	-0.0345275	2
10.129	-0.593349	2
7.17046	4.17033	2
10.1666	-2.74922	2
14.6865	-2.39985	2
7.94464	-6.08585	2
7.35413	-4.85995	2
6.26401	4.58126	2
11.3981	-1.28486	2
8.32234	3.02136	2
5.00021	-3.37901	2
12.2133	-2.35653	2
11.6451	-0.948635	2
8.01342	0.473264	2
9.23467	-3.73612	2
7.10169	-6.57931	2
7.89127	1.79984	2
7.62502	-2.7152	2
1.06737	1.87122	2
13.0297	1.563	2
10.8908	3.48423	2
11.7705	3.10933	2
8.70685	-3.80758	2
13.5377	0.215365	2
13.8981	5.36088	2
4.98858	3.12802	2
4.41292	-0.807861	2
9.48158	-0.606684	2
12.2195	3.19699	2
10.4999	-1.1989	2
11.1417	2.32481	2
11.9233	-0.51384	2
8.6985	2.37966	2
16.765	-2.6311	2
11.6169	-3.42953	2
7.79626	0.161031	2
14.9848	1.88103	2
12.9689	4.28193	2
17.6006	0.07817	2
11.5262	-1.44073	2
11.301	-3.02159	2
9.37523	-0.341237	2
8.48516	6.12565	2
9.97613	-1.59458	2
11.4432	5.07053	2
14.2069	1.41608	2
8.27564	-0.837416	2
11.111	0.716557	2
9.16512	-5.45512	2
15.1703	-5.25834	2
7.39829	-3.51746	2
14.8833	-1.32789	2
7.40618	0.599667	2
14.6301	-2.16165	2
2.70309	-1.10243	2
11.2157	1.72011	2
13.1346	-0.556975	2
11.925	-1.78593	2
13.0912	-0.820545	2
10.5419	1.08495	2
9.65853	-6.16683	2
13.4828	4.34268	2
6.21271	1.10512	2
13.2081	-0.175388	2
10.8363	2.34154	2
3.36315	-1.65523	2
8.67255	-0.362844	2
9.16145	1.13901	2
7.21037	-0.665886	2
7.31634	4.1876	2
16.8898	-0.209771	2
9.95798	0.458658	2
11.658	4.20538	2
4.7302	3.2344	2
3.60071	-4.20741	2
13.4789	0.0604824	2
6.94846	-0.516826	2
6.4498	-1.1717	2
14.1856	1.54293	2
6.77045	-2.68928	2
8.73934	3.85603	2
3.45699	3.84328	2
10.99	-2.04623	2
9.31341	-1.56394	2
15.5305	3.23606	2
8.65747	-1.81212	2
10.8747	-2.12734	2
13.0108	-0.771052	2
10.8807	1.60764	2
6.29917	-3.70161	2
7.35388	-0.947861	2
4.83368	8.89463	2
10.785	1.47143	2
8.53999	3.10369	2
10.0282	0.529757	2
8.30176	-2.18763	2
10.209	2.31943	2
7.08562	3.42769	2
11.4347	1.47894	2
13.0041	-2.84175	2
11.9925	0.638285	2
14.2682	1.8557	2
4.29753	1.4733	2
9.18432	-1.03996	2
6.13688	-1.6909	2
11.1828	8.25443	2
12.6417	1.35609	2
8.65707	-0.452526	2
7.99537	0.0570728	2
13.6495	-0.252513	2
11.4002	-5.16317	2
8.51407	2.48282	2
11.2832	5.66751	2
13.3893	-5.74118	2
11.4949	1.33465	2
5.63047	-6.35896	2
5.65708	3.18389	2
10.579	0.899905	2
11.6295	1.60295	2
4.58876	-1.50079	2
4.74785	-0.201637	2
8.27287	-1.24854	2
15.1268	-0.483316	2
11.6119	0.1639	2
6.27264	2.06212	2
11.3908	2.24871	2
7.56785	0.240598	2
5.66332	1.19403	2
7.22548	-3.28166	2
10.9575	0.918222	2
14.962	3.13674	2
2.86298	-1.4497	2
10.4079	4.68996	2
12.8933	-3.25916	2
9.73301	4.11429	2
5.44997	0.108433	2
9.93362	2.71403	2
13.5233	2.86412	2
8.68949	7.06265	2
7.00398	1.49259	2
9.70801	-2.27237	2
9.30795	0.288022	2
7.44154	7.56184	2
12.924	-2.30792	2
12.0723	-3.48241	2
14.9794	0.267607	2
5.21372	-2.40788	2
9.22023	-1.75916	2
10.7722	-0.95528	2
12.8449	-5.14183	2
15.5822	3.63826	2
14.3075	4.64578	2
8.9107	-2.34396	2
14.4726	-1.55539	2
13.0142	-0.554898	2
10.9659	1.85607	2
6.70229	-2.47684	2
6.53343	-6.65464	2
7.55191	-4.53644	2
11.3094	-0.258256	2
8.36778	-1.66177	2
9.64355	-2.1038	2
16.4775	2.43088	2
11.5675	2.60385	2
11.7493	3.08866	2
11.6778	3.78063	2
11.8046	-3.37211	2
10.583	-1.18761	2
12.588	0.0688791	2
11.7495	-2.54101	2
12.8895	3.38436	2
10.5644	-3.16579	2
7.69895	-3.43337	2
8.56253	1.8303	2
10.5874	1.23052	2
7.66449	0.342146	2
5.37906	5.74222	2
11.0954	-0.42569	2
6.72421	-7.53595	2
7.15097	5.25445	2
9.95645	-3.47769	2
9.55922	-1.83849	2
15.3001	-4.24889	2
7.86293	3.68627	2
8.46068	1.67185	2
15.3134	2.86487	2
13.5126	0.260756	2
8.22445	-1.37579	2
8.94373	-2.4821	2
12.6475	3.42011	2
6.1268	-3.24819	2
8.75263	6.89766	2
5.86849	1.9439	2
10.07	-1.7389	2
9.50911	-3.3874	2
14.7399	0.457595	2
9.54295	1.47826	2
6.48546	1.52318	2
11.2669	-2.81291	2
7.59633	-0.976939	2
3.06635	-4.16226	2
13.2734	0.662903	2
8.42017	-9.3216	2
9.44987	1.72906	2
9.49538	-1.28469	2
9.60202	7.54227	2
10.2203	-1.67908	2
11.2767	-3.36458	2
9.21623	1.8207	2
12.7827	2.01792	2
7.69088	-2.46703	2
12.1357	-3.48884	2
8.60705	-4.38468	2
6.19027	-0.752939	2
9.97679	5.60196	2
11.297	-1.2936	2
7.93248	-6.05373	2
16.4277	6.52199	2
8.12521	0.801239	2
8.97244	-1.3279	2
7.01475	-2.20492	2
8.24181	-2.97652	2
14.5936	2.4598	2
10.2631	3.87911	2
10.1419	1.70991	2
11.3057	1.82293	2
8.57749	0.827292	2
8.94555	-2.08319	2
10.3141	3.08112	2
8.97277	0.334103	2
8.93142	2.54146	2
9.92809	0.795843	2
17.3901	-0.83628	2
8.89665	-4.47975	2
12.7031	5.77045	2
7.65641	0.880368	2
7.94295	-3.06589	2
4.59658	0.734569	2
10.6285	-3.67225	2
12.2231	2.66247	2
4.40378	-0.726259	2
11.6608	-2.52528	2
10.6205	0.750099	2
2.80452	0.409095	2
10.3306	2.90793	2
11.0531	-0.817325	2
10.9038	1.32355	2
11.6992	-0.28233	2
11.3362	-0.858202	2
7.72392	2.52178	2
10.2843	0.84513	2
10.98	3.94226	2
10.7371	-2.03294	2
10.2539	0.143977	2
14.2134	1.50106	2
9.88442	-4.60886	2
5.50931	-1.96075	2
14.4449	-0.84499	2
7.66904	0.193673	2
8.98305	-5.64611	2
7.45835	1.41909	2
7.30258	-2.98681	2
10.4168	-1.11316	2
6.03753	-2.27837	2
7.42312	2.74198	2
11.221	3.1085	2
5.90871	-2.62397	2
7.37547	0.134621	2
11.9143	-1.76432	2
16.4973	1.21954	2
6.63796	3.92486	2
7.46396	-4.9411	2
7.29453	1.20286	2
9.85725	-8.06329	2
12.1644	-5.13396	2
10.7879	-4.74418	2
10.4322	-3.11422	2
10.7858	-5.43376	2
11.9227	-2.83173	2
10.9536	-1.13713	2
12.9379	2.23685	2
10.0586	1.38369	2
11.7472	2.33929	2
11.8441	-1.47316	2
16.126	-1.90976	2
13.3127	2.66653	2
10.7851	-1.28274	2
10.1477	0.231517	2
6.40672	3.85388	2
13.0319	0.0218479	2
9.93067	-0.100197	2
8.89543	4.56235	2
7.26919	-0.396743	2
12.9353	2.45314	2
7.97123	-7.29561	2
9.83439	3.77367	2
5.53175	0.204661	2
10.1798	1.97829	2
11.3943	0.299823	2
11.3619	-4.4857	2
10.7115	1.14814	2
13.3379	-0.827867	2
9.40837	0.627287	2
12.6985	1.57609	2
2.25462	-3.2216	2
13.3352	2.42552	2
8.51554	-2.14502	2
10.3241	-0.630277	2
11.2534	-6.87542	2
2.61193	-0.763125	2
8.53709	-2.36543	2
11.1475	3.03464	2
12.5611	3.42828	2
10.4294	-1.36872	2
15.3204	-5.59185	2
6.10742	1.44081	2
14.1268	-1.65941	2
8.99494	0.326484	2
14.441	2.16983	2
12.7569	3.0059	2
12.3474	0.0642117	2
7.43359	4.07912	2
9.31919	1.87559	2
10.723	4.10466	2
11.8397	0.434312	2
6.8909	2.91647	2
8.48098	-2.82925	2
9.69059	-2.9848	2
9.52098	1.05412	2
7.30781	1.25942	2
13.8109	-6.55945	2
9.92744	0.606516	2
14.8845	1.13956	2
10.874	-6.95777	2
7.8476	-1.02713	2
10.4172	1.19193	2
7.74706	-2.2984	2
6.74358	-1.58245	2
10.1669	0.27451	2
10.9695	-1.4648	2
9.21181	-3.27063	2
6.46092	2.90427	2
11.6313	0.14673	2
9.90281	-3.76973	2
11.3004	3.11898	2
11.4261	2.81983	2
11.0911	-2.39683	2
11.3571	1.38259	2
13.7557	0.156248	2
12.9479	-3.30933	2
12.1398	3.2671	2
9.30765	2.9564	2
8.28551	1.2069	2
10.0203	0.926222	2
6.37696	3.40885	2
6.33266	0.352328	2
12.3185	1.29466	2
7.86175	-2.78127	2
14.1399	4.58017	2
8.65721	-0.0233043	2
11.4788	-0.430365	2
11.3241	1.62743	2
6.33916	-0.632498	2
6.58621	1.90915	2
9.69438	2.73811	2
4.94125	1.12619	2
11.7065	1.04822	2
8.55064	4.99575	2
11.0973	-0.211027	2
4.77408	-4.40612	2
9.95764	-2.91334	2
6.99228	1.97779	2
10.5293	-4.59176	2
9.06598	1.89351	2
9.2002	-4.93642	2
11.1906	4.29173	2
11.2477	-3.98193	2
7.55264	3.36914	2
9.7713	0.414725	2
9.95004	-2.97988	2
9.63241	-2.8479	2
9.9703	0.755276	2
9.16131	0.881319	2
13.0797	1.5433	2
13.7487	-2.73078	2
12.2219	-1.93017	2
9.00135	-0.402904	2
11.9301	-0.415681	2
11.6972	-2.20338	2
14.4576	3.82109	2
10.7958	4.27384	2
7.96051	-1.40704	2
6.4537	-0.360321	2
7.38191	-0.37379	2
13.3612	4.4183	2
12.645	1.73357	2
8.96049	0.798161	2
9.13042	-9.36005	2
8.27125	-0.372585	2
11.4603	-1.781	2
9.94402	3.3784	2
8.23818	0.5057	2
9.77734	-0.540068	2
6.96892	-2.26304	2
7.11033	3.36751	2
9.6782	0.945568	2
7.53893	3.69089	2
10.5614	0.0926831	2
8.69622	-3.11529	2
13.228	0.36283	2
9.92997	3.17404	2
5.38822	1.17253	2
7.87643	-1.38712	2
10.5771	3.87841	2
11.1172	2.3321	2
13.0049	0.505558	2
8.32128	-0.625889	2
9.66202	2.45621	2
16.7285	-3.63519	2
5.05419	6.46046	2
11.1001	1.39783	2
6.82265	-2.62067	2
7.64442	5.3581	2
10.915	1.96088	2
13.7841	-5.28132	2
12.1258	-3.15191	2
7.15796	-1.87053	2
12.6869	6.09918	2
14.3594	1.22386	2
13.1378	5.21312	2
7.92138	-0.487758	2
10.8246	-2.21907	2
10.9688	-7.92667	2
5.52405	1.61795	2
15.2132	3.28304	2
3.58878	-1.97439	2
13.9315	-0.859027	2
12.4213	2.40218	2
10.0753	2.86311	2
9.54644	4.24289	2
15.5076	-2.53507	2
10.4235	-3.02255	2
7.11885	0.473843	2
13.166	0.258644	2
10.8221	3.72554	2
8.43385	0.544675	2
3.54653	-1.32686	2
8.98866	-2.04985	2
11.002	0.941328	2
8.39378	0.961493	2
7.48642	-1.16671	2
7.72389	2.83028	2
13.0711	3.62948	2
5.09351	-4.33168	2
9.84425	-1.54578	2
8.74608	1.96578	2
9.84046	-2.84931	2
7.91457	2.24771	2
7.57043	-1.55038	2
12.3802	5.86166	2
3.95081	-1.70292	2
6.83657	-1.31426	2
10.359	3.08831	2
9.23357	3.79944	2
8.91914	-4.62858	2
13.1144	2.82166	2
7.88256	-0.198979	2
9.09968	-3.92247	2
9.47959	0.597027	2
17.2457	-3.31808	2
12.0023	1.93545	2
4.24379	-3.88704	2
13.7373	-1.50536	2
9.6773	4.0352	2
10.9578	-2.13144	2
8.14869	-2.70023	2
6.29706	-0.427027	2
14.0067	2.93899	2
15.4466	-0.102376	2
13.0545	-4.9526	2
7.22424	0.70236	2
11.6248	-2.25012	2
10.6397	2.55676	2
10.3294	3.02871	2
-9.99939	-1.57041	1
-11.6956	8.84247	1
-8.76683	6.69162	1
-12.9195	-1.32362	1
-13.8645	1.54716	1
-6.21062	1.14991	1
-14.633	1.2785	1
-12.362	3.35353	1
-1.74769	4.11389	1
-6.87838	-0.351645	1
-9.10751	-1.93019	1
-10.7376	-3.38596	1
-10.0155	-1.69442	1
-11.6872	-1.02436	1
-11.8727	-7.93484	1
-11.8024	3.83067	1
-13.3113	0.668871	1
-9.11474	-1.66237	1
-10.0954	3.27563	1
-14.0231	1.41486	1
-14.6863	-0.812387	1
-9.01354	-4.6298	1
-7.95754	-0.967874	1
-9.93909	-3.7313	1
-5.54578	0.0593706	1
-14.1302	-2.76575	1
-16.1469	0.70509	1
-4.01468	4.19826	1
-12.6238	3.19983	1
-8.34022	0.819287	1
-10.1674	5.05076	1
-6.92363	2.90434	1
-8.63818	3.20199	1
-14.1247	-5.0864	1
-8.6491	-1.35339	1
-14.8047	3.09221	1
-6.88596	-3.44134	1
-10.107	2.75391	1
-4.48387	2.3501	1
-7.97979	-2.82653	1
-13.3635	4.69573	1
-15.4963	1.92392	1
-12.6699	0.780503	1
-9.06902	1.55104	1
-7.36133	2.53874	1
-11.2096	4.89997	1
-14.3104	3.44296	1
-10.3632	-0.623081	1
-12.3982	-1.91929	1
-9.26604	7.60604	1
-8.0836	2.36113	1
-12.8037	-4.80344	1
-12.9794	0.055864	1
-13.7071	0.0896042	1
-15.4382	0.193561	1
-4.04073	1.43921	1
-12.0097	0.0334021	1
-10.2683	4.42441	1
-13.641	-1.57053	1
-10.5197	-1.4862	1
-7.80494	0.932237	1
-8.86033	-4.03965	1
-15.5629	6.80699	1
-11.9034	4.07037	1
-11.9725	-1.13414	1
-15.494	-1.42701	1
-11.799	1.26285	1
-7.95951	3.33058	1
-9.08622	1.57479	1
-10.142	3.86437	1
-14.1919	3.09431	1
-11.7258	2.31695	1
-10.2882	2.82805	1
-7.99969	2.57481	1
-8.66866	2.66138	1
-8.70375	-5.0631	1
-11.5227	-1.87664	1
-9.56945	3.09526	1
-9.4082	3.1561	1
-9.25948	-2.62772	1
-15.4855	1.4748	1
-12.2499	-1.2573	1
-12.244	-0.914273	1
-7.2531	4.11142	1
-13.6635	2.19775	1
-9.64104	1.92671	1
-11.4298	4.22497	1
-8.6252	-2.26106	1
-8.52786	-2.70562	1
-14.9757	-1.35717	1
-11.9978	0.256827	1
-9.27179	-1.00986	1
-11.039	-3.71695	1
-14.5066	-3.15007	1
-6.54357	2.86586	1
-11.2639	-1.22518	1
-8.39737	-5.19138	1
-11.1781	-4.63987	1
-8.79011	-0.427786	1
-8.26874	-4.85707	1
-5.58748	0.00356251	1
-8.64476	-0.124703	1
-11.0612	-1.5726	1
-8.8443	0.520176	1
-14.1452	-1.87826	1
-8.93264	-2.36312	1
-12.1963	-1.79312	1
-6.74493	2.497	1
-12.9134	-0.116008	1
-4.93252	1.48586	1
-7.80555	-6.29769	1
-8.95389	5.16521	1
-8.87931	2.04688	1
-7.19386	2.49533	1
-12.4075	2.52495	1
-11.7798	2.2862	1
-5.78845	3.15746	1
-7.89371	-4.25992	1
-10.4143	0.742937	1
-9.31795	-2.10206	1
-13.942	7.1774	1
-11.1147	-1.35373	1
-13.6335	-1.43228	1
-9.27578	3.53022	1
-11.7525	2.45041	1
-7.49162	0.868823	1
-9.88316	1.91503	1
-12.562	-3.52133	1
-5.48849	-8.86121	1
-11.031	0.0708858	1
-6.63205	-3.71098	1
-5.85696	3.46849	1
-14.1108	-2.26408	1
-8.02409	3.91252	1
-10.6277	-0.618837	1
-15.4194	1.56271	1
-11.385	0.462907	1
-13.733	-2.8902	1
-9.46899	-0.456882	1
-8.6948	7.64493	1
-3.70085	4.52595	1
-15.6254	-0.82088	1
-11.6427	7.75909	1
-7.59038	-0.707875	1
-3.06389	0.998093	1
-8.04599	2.77408	1
-12.5011	0.415893	1
-14.2838	-4.42577	1
-13.3307	-4.34588	1
-7.69492	-5.99037	1
-11.8283	1.38151	1
-8.46033	3.51979	1
-12.3484	1.57455	1
-13.296	0.395564	1
-10.6485	-1.45974	1
-11.8547	-3.35763	1
-13.0771	2.18643	1
-8.44086	-0.606668	1
-11.0162	0.778308	1
-9.02512	3.79336	1
-11.8948	6.00047	1
-14.3537	-2.13736	1
-11.2386	2.02016	1
-6.3217	2.12914	1
-5.95166	2.91418	1
-6.62037	-1.72036	1
-4.58527	-2.57288	1
-14.2718	0.684372	1
-14.1758	1.64211	1
-9.07401	-3.93266	1
-9.43921	-0.385356	1
-11.4073	1.62234	1
-12.1636	0.415893	1
-12.9955	-1.03246	1
-11.6262	-0.546489	1
-9.40336	0.706289	1
-9.65878	1.18923	1
-9.78931	3.8448	1
-14.1528	4.72697	1
-13.4746	-1.83238	1
-11.6381	3.24567	1
-13.0262	-3.19925	1
-4.38533	-0.940248	1
-6.91745	1.36779	1
-6.10932	0.0139902	1
-7.17786	2.39235	1
-10.8084	-2.18058	1
-15.651	1.54575	1
-11.1743	-2.43642	1
-17.0824	-2.64366	1
-9.63152	2.3573	1
-13.6001	1.18304	1
-11.7151	5.07863	1
-7.97569	-3.1091	1
-10.9962	6.09349	1
-10.6107	7.99126	1
-6.6486	-1.78171	1
-8.9227	-1.26892	1
-13.1299	-0.851915	1
-9.78751	-3.69135	1
-13.0226	3.52091	1
-14.9438	-0.053871	1
-10.6163	-2.25756	1
-10.6252	9.04003	1
-9.29214	-0.803132	1
-13.3025	6.06053	1
-13.3238	0.516099	1
-9.02428	-5.98657	1
-12.6182	2.48659	1
-14.3298	2.10788	1
-8.88236	-5.82019	1
-6.33638	0.554436	1
-5.09253	-0.943461	1
-13.0953	-3.1636	1
-10.855	-1.63742	1
-9.59669	-1.9364	1
-9.2122	2.93253	1
-11.2074	-2.26018	1
-12.1558	2.46769	1
-8.292	4.80648	1
-17.1749	-4.24254	1
-12.5405	-3.72525	1
-9.11009	3.48484	1
-5.94884	-1.64757	1
-9.70781	0.844407	1
-11.9541	-2.74594	1
-8.84213	1.15157	1
-13.7898	-1.13373	1
-11.2491	1.96307	1
-8.644	1.77367	1
-9.42426	-5.89417	1
-13.1565	-5.24562	1
-7.26854	4.2258	1
-11.1128	2.15575	1
-9.6347	0.557319	1
-9.83391	-1.10104	1
-8.31667	-0.436595	1
-10.9165	-1.56715	1
-6.76731	1.31588	1
-11.5963	4.04119	1
-8.42145	-2.51392	1
-12.9478	-4.33081	1
-10.6972	-0.320987	1
-12.2274	2.45634	1
-4.68868	1.15773	1
-11.6918	1.76884	1
-9.74862	-1.02725	1
-16.4816	-3.33566	1
-7.31086	2.71672	1
-11.4434	-4.06322	1
-14.7388	-2.1542	1
-5.49829	-2.07848	1
-8.45253	4.00577	1
-11.3446	-2.19194	1
-6.2292	-1.83187	1
-8.70478	1.48257	1
-13.4015	5.41708	1
-11.6203	1.1055	1
-13.8134	-1.34317	1
-8.18578	2.66867	1
-13.1041	-0.643604	1
-9.68962	-3.63827	1
-12.5206	1.87144	1
-11.0418	-7.29282	1
-7.09429	4.34916	1
-11.8819	-2.63432	1
-16.7779	4.00298	1
-9.99794	-2.29572	1
-12.7525	0.172123	1
-7.68531	-1.47053	1
-10.0851	-0.253673	1
-9.68126	0.440684	1
-8.20594	0.770528	1
-9.55926	-2.03253	1
-13.1501	-5.70335	1
-11.4719	-5.03124	1
-11.9217	-3.71918	1
-12.627	-4.77123	1
-12.6235	2.32589	1
-8.52932	-2.9894	1
-11.6431	3.65205	1
-7.33361	0.312797	1
-11.1799	3.70292	1
-7.83852	2.25883	1
-7.60758	-0.6271	1
-6.7068	-1.98776	1
-8.98779	-0.464552	1
-10.1616	-3.71335	1
-16.4808	-0.726486	1
-11.5849	-0.111978	1
-10.8418	-2.64143	1
-4.29142	3.08082	1
-11.7125	6.18903	1
-12.4836	0.627844	1
-7.85295	-1.30496	1
-11.5874	0.718289	1
-10.7296	2.53816	1
-10.2333	-0.809346	1
-8.00783	-1.95602	1
-10.1476	2.83162	1
-10.9222	-2.06195	1
-4.8799	0.744689	1
-13.0226	0.317733	1
-4.1605	-4.96846	1
-4.78606	4.45741	1
-9.02038	1.45997	1
-11.3248	-2.36933	1
-5.45989	-0.44735	1
-8.25257	0.041076	1
-12.2014	-1.14194	1
-8.71789	-2.72551	1
-12.7763	1.77344	1
-5.0069	-0.24255	1
-11.6037	0.977101	1
-10.2628	-2.68888	1
-8.46479	6.25853	1
-7.4017	-0.855057	1
-12.7559	-1.00394	1
-10.3024	0.520933	1
-12.0833	1.99654	1
-15.5618	-3.3731	1
-4.96065	2.41861	1
-9.15578	-1.54931	1
-7.56985	1.71559	1
-14.2967	-4.97504	1
-14.04	-2.14241	1
-8.16771	-1.33667	1
-10.6558	-0.773618	1
-14.1531	-0.28437	1
-12.4209	-1.36277	1
-13.3617	-3.25716	1
-16.4075	-0.999302	1
-6.9905	-0.660746	1
-3.70839	-1.44994	1
-16.7837	3.94777	1
-14.0681	-2.93562	1
-5.68244	-4.84064	1
-10.1012	-0.116452	1
-8.27976	-4.93579	1
-12.1651	-0.224343	1
-10.6889	-2.65733	1
-9.73974	2.03526	1
-11.1661	1.778	1
-6.20796	-1.58236	1
-2.81256	-1.02829	1
-9.70625	4.61188	1
-8.10891	0.77478	1
-10.9155	-4.01238	1
-10.9157	0.93573	1
-10.1531	2.0777	1
-6.35692	6.37021	1
-5.767	3.93627	1
-11.7508	-1.26196	1
-9.40148	-1.4695	1
-12.2013	3.4491	1
-2.74138	-2.30033	1
-10.8649	-5.74325	1
-10.1539	0.986288	1
-12.6211	0.859326	1
-6.71031	-2.39952	1
-13.5068	-3.11626	1
-11.8234	-2.80572	1
-7.96103	-0.773282	1
-8.60924	-5.58006	1
-9.99684	-3.88817	1
-9.18691	-2.45158	1
-10.5471	1.03192	1
-8.6371	2.7179	1
-10.5557	-0.962634	1
-15.0297	-0.0515645	1
-14.4867	3.77619	1
-9.46936	2.36906	1
-1.21746	-0.320908	1
-4.46941	6.48621	1
-4.29071	6.30441	1
-9.93334	3.38169	1
-7.16104	-2.89434	1
-8.25398	0.258225	1
-8.77906	1.21234	1
-10.4836	-0.12697	1
-11.1116	2.54901	1
-6.00867	-2.59299	1
-8.03081	-3.14587	1
-4.94166	3.68754	1
-11.9647	2.88374	1
-11.8361	-1.35088	1
-9.39967	2.32553	1
-9.21266	0.944304	1
-8.82686	5.23379	1
-8.5061	0.333869	1
-14.1006	-0.725337	1
-8.98323	2.20883	1
-8.3026	-4.29995	1
-5.30798	0.962329	1
-10.8858	-2.08077	1
-1.82644	1.46311	1
-6.97515	1.93606	1
-14.9144	3.44969	1
-10.4742	-4.3242	1
-5.60097	-2.60295	1
-7.68526	-4.14397	1
-11.2857	2.04829	1
-12.2271	1.44081	1
-9.11375	0.570082	1
-3.1168	-0.0627553	1
-6.37753	0.5257	1
-6.58907	0.885556	1
-10.572	-4.42445	1
-10.162	0.209315	1
-8.23826	-1.4377	1
-6.86882	1.14943	1
-6.01378	-0.417766	1
-9.62534	-3.56064	1
-11.8107	2.55565	1
-10.5847	-1.94934	1
-6.76611	-0.324425	1
-12.6801	-2.82764	1
-6.31527	-2.43489	1
-6.48726	-6.90366	1
-2.93719	-2.51361	1
-10.9557	3.77145	1
-12.0066	-1.73515	1
-12.9931	-1.32443	1
-11.7965	-3.31774	1
-9.27917	-2.7589	1
-10.1879	2.11846	1
-8.88589	0.595222	1
-8.66591	-5.3025	1
-13.8393	3.32908	1
-10.2747	-0.464235	1
-11.8879	0.717783	1
-12.2146	-5.96702	1
-12.7854	1.50573	1
-12.8682	4.23735	1
-7.12801	-5.08059	1
-11.4184	-3.41268	1
-13.3128	-0.318903	1
-12.9433	1.16596	1
-13.0045	0.41313	1
-8.3592	2.87672	1
-13.4194	1.84115	1
-9.75687	-2.67451	1
-8.24467	0.473244	1
-15.5197	-1.03687	1
-10.5465	2.08977	1
-5.4899	3.35853	1
-11.3663	0.88334	1
-13.4892	-0.989623	1
-11.4666	-3.25829	1
-2.80468	-0.360256	1
-10.2001	-2.08929	1
-15.8812	-1.70849	1
-9.09638	-0.475689	1
-7.80504	1.88799	1
-8.42726	3.90866	1
-16.229	-1.66276	1
-6.1528	-0.299254	1
-7.57853	3.00921	1
-12.6664	-1.43259	1
-14.8579	2.25884	1
-9.9775	0.507142	1
-10.2482	0.208777	1
-7.03801	1.8089	1
-7.11979	-2.54836	1
-14.0968	-4.54836	1
-4.69108	1.05885	1
-14.6332	3.4801	1
-10.7517	-2.20982	1
-7.46421	-2.5133	1
-14.3585	3.22634	1
-18.257	-4.34282	1
-6.34236	0.601151	1
-8.25689	-0.365412	1
-14.7256	4.10272	1
-7.6179	-1.73892	1
-5.75294	8.35362	1
-15.3905	-1.3063	1
-10.3809	-3.21561	1
-3.78431	3.71557	1
-14.7851	0.996959	1
-9.70427	-3.62024	1
-7.15807	-1.88013	1
-4.8816	-2.98432	1
-9.32262	-2.41955	1
-7.2862	1.39889	1
-10.0183	6.63504	1
-12.6617	-1.61064	1
-9.886	-2.67601	1
-12.798	-1.59511	1
-10.6056	1.12435	1
-7.5637	0.047599	1
-11.1684	-2.02373	1
-10.6705	2.72116	1
-7.38228	-0.467643	1
-10.0879	4.52032	1
-10.8255	0.280032	1
-8.0814	0.523645	1
-8.68563	-3.84004	1
-11.0838	-2.54807	1
-8.06578	-2.43776	1
-13.6322	-21.7396	0
23.9554	5.41134	0
21.1589	13.2491	0
24.8916	5.43537	0
22.4989	-10.8617	0
24.4931	3.30684	0
22.6135	11.0133	0
-24.0415	9.05789	0
9.01196	-22.5734	0
10.5949	21.743	0
24.0373	6.9772	0
-12.7227	20.3521	0
24.3126	-5.56921	0
2.23549	24.9363	0
13.453	21.393	0
-24.0742	6.71793	0
-11.091	-21.7965	0
16.2226	-20.2482	0
9.87668	23.7195	0
-24.4187	2.00648	0
13.1349	-21.2619	0
-20.9389	-13.8225	0
-16.3375	19.8947	0
-23.5448	-9.34575	0
-19.7917	13.9737	0
-4.19409	24.7147	0
20.0336	16.1683	0
-24.7915	5.71734	0
-13.5587	-22.0003	0
9.77137	23.611	0
9.17577	23.2834	0
-24.6458	0.772015	0
19.6169	-15.3972	0
17.9567	16.6508	0
-3.7326	23.8309	0
-5.03479	24.4709	0
-11.5145	21.5219	0
17.0896	-18.5889	0
-24.0226	5.27527	0
-0.381067	25.4622	0
12.1401	-21.7872	0
22.6628	-8.24405	0
8.73348	-23.424	0
-21.5335	-12.4508	0
25.6955	-0.620303	0
12.6997	22.5553	0
9.9719	22.7486	0
22.8311	11.7908	0
-22.369	12.4031	0
9.68076	23.1512	0
-13.1744	21.2131	0
24.4452	1.333	0
-19.9718	14.8361	0
-23.1703	-7.31121	0
22.9911	-8.88057	0
21.1128	12.0173	0
-23.1863	-7.42513	0
12.9597	-20.5334	0
-22.2516	-13.3461	0
-23.9601	-8.49612	0
-12.1361	21.2312	0
-21.6426	13.3561	0
21.7664	-10.6751	0
-17.4918	-17.6143	0
-9.14965	24.1192	0
-20.0078	-14.5512	0
24.6308	6.53705	0
23.3902	-7.79684	0
-19.7925	15.4891	0
23.7983	-5.00143	0
22.9239	11.4801	0
-17.5081	16.8509	0
-25.5211	3.41533	0
-12.0611	-22.7897	0
-22.8458	-7.7691	0
-15.5315	18.3184	0
-12.1005	20.9833	0
13.511	-20.5744	0
20.3359	-14.7031	0
-22.5548	-8.70973	0
-9.25535	23.1974	0
-13.4623	21.7154	0
-23.0492	9.94723	0
-10.1958	-23.6365	0
-4.56103	24.3164	0
12.3804	22.2664	0
-24.6699	5.42743	0
-24.2377	-2.45957	0
14.0556	-19.7455	0
25.6545	-2.12785	0
6.33994	24.1554	0
-19.7487	-14.4566	0
-14.595	-20.3442	0
-24.2056	-3.8606	0
-15.0332	20.3301	0
13.4176	21.9548	0
-14.6566	-19.5682	0
-24.7654	-1.05909	0
12.4492	-21.7397	0
16.9987	17.3567	0
-24.1355	8.76508	0
-15.3256	19.5536	0
-23.4954	-6.72281	0
-21.7426	-13.7273	0
22.8769	11.4644	0
23.2091	10.5586	0
24.5225	-3.39647	0
16.0117	19.6714	0
24.7657	6.27082	0
-10.3196	-22.5775	0
-4.424	24.63	0
-13.5571	-20.5713	0
5.50961	23.5746	0
-6.11939	24.1031	0
-22.6992	9.11388	0
-21.0625	-11.8881	0
24.8866	-6.60807	0
11.8978	-20.8721	0
7.14876	24.2134	0
-23.4911	5.61844	0
23.374	6.3488	0
-24.0268	5.22525	0
17.7364	-18.805	0
-23.4954	7.49681	0
25.2361	0.826539	0
-24.0293	-3.30865	0
-16.5147	17.5073	0
-25.8255	-2.56153	0
-17.7591	17.1599	0
12.7711	-21.925	0
-18.8716	-16.8653	0
0.740477	25.2858	0
23.4488	-10.051	0
23.9246	-4.45706	0
-20.906	-12.4653	0
12.9704	22.2849	0
24.5706	-1.43038	0
8.24179	23.7249	0
4.14826	25.096	0
23.3397	5.81692	0
-25.0603	5.65854	0
14.1634	-21.0341	0
-24.1626	-3.6	0
-25.1447	0.201876	0
18.8761	16.8113	0
-10.1298	-23.4269	0
-14.8088	20.452	0
-21.7981	-11.1426	0
-19.4438	-14.4688	0
-20.6778	-12.4572	0
8.2666	24.2091	0
5.26414	24.4259	0
-24.6753	-4.47166	0
-25.8766	1.43702	0
25.7022	2.58629	0
-9.79465	22.2157	0
-13.548	-21.2974	0
5.80799	25.3273	0
8.93263	23.7344	0
19.7655	15.5251	0
21.1924	-13.2712	0
17.1869	-18.3824	0
-15.2457	20.2761	0
1.58201	25.467	0
-18.541	17.0061	0
-25.7728	-1.42242	0
25.809	-2.84565	0
8.49472	24.2863	0
-13.9382	21.1659	0
11.8482	-21.6675	0
-23.4074	-6.97171	0
-23.3701	-7.0418	0
3.78211	25.6819	0
-23.4683	-5.65499	0
-15.5032	-19.3452	0
-1.72624	24.4192	0
24.231	7.13526	0
-17.9488	18.4012	0
23.5687	-8.01056	0
-19.1568	-17.469	0
-23.3565	-5.74513	0
19.9118	14.2486	0
-23.5563	-8.06944	0
-24.2495	7.42827	0
-17.4938	16.5933	0
-9.15707	-23.7083	0
-13.7676	-21.1347	0
7.22267	23.752	0
-18.082	18.5098	0
7.99195	24.3011	0
-24.4312	4.17231	0
22.8747	11.9939	0
22.5562	11.2439	0
-25.0205	0.722709	0
21.9205	12.5248	0
19.7374	16.817	0
18.4768	-17.9352	0
-16.9559	18.75	0
-21.5858	14.4545	0
4.52659	23.9825	0
24.1561	4.49866	0
-20.296	-16.2195	0
-5.75037	24.2635	0
-17.3826	-17.2974	0
10.8938	-22.6381	0
22.9779	8.98549	0
-23.7126	4.9539	0
-25.9799	-0.00634933	0
-3.17398	23.8211	0
-21.6945	-14.2497	0
16.5245	18.3065	0
-25.051	-4.02091	0
-24.2206	-8.59108	0
-24.2694	4.2007	0
5.25542	25.2524	0
11.9441	21.0957	0
25.2348	-1.52929	0
16.5234	-18.809	0
-20.9338	12.2625	0
24.6445	-0.681542	0
-14.7561	21.3111	0
15.6213	18.4502	0
-23.9719	4.79173	0
11.4981	-21.7051	0
-24.6922	5.64373	0
13.7804	-20.3663	0
-3.46224	25.1247	0
-16.0153	18.1953	0
-11.9207	22.0444	0
-18.6803	15.5026	0
-17.8552	16.9024	0
1.95558	24.3084	0
-22.5668	10.0017	0
24.5734	-0.0127686	0
-23.5945	5.06721	0
-14.2618	19.3421	0
8.91241	22.5955	0
-24.1709	7.60145	0
-23.6916	9.70789	0
-20.1861	14.7514	0
-21.1059	-11.4716	0
-1.22212	24.0521	0
16.2678	-19.5917	0
-21.6422	10.6622	0
-15.3017	-18.5707	0
10.1718	22.4179	0
15.2873	19.9652	0
19.5408	14.7163	0
23.7262	-8.78746	0
-14.572	-20.6184	0
-17.4446	19.2445	0
-21.6969	-13.593	0
9.9973	22.4365	0
10.3544	-22.403	0
9.1684	-22.8197	0
16.7203	-18.5455	0
5.64881	24.4432	0
25.2045	-1.55213	0
-9.7625	-22.4456	0
-14.2499	20.5078	0
11.9229	21.4538	0
-24.5513	-4.40588	0
12.4639	22.4791	0
16.892	-18.6718	0
-4.66163	25.4964	0
24.6294	4.43517	0
21.5075	14.2089	0
25.0721	1.9376	0
-11.0555	21.3902	0
5.59374	23.3784	0
-25.7697	-0.944746	0
-14.1724	21.2832	0
4.68371	25.1728	0
16.8286	-18.0145	0
23.4307	9.02672	0
-14.3698	-21.234	0
13.365	21.5418	0
-23.3953	-8.92354	0
-12.7787	22.5457	0
12.59	21.4366	0
24.1644	-9.22822	0
24.1711	-7.84515	0
13.9818	19.8717	0
-24.1259	-8.31742	0
-13.1736	-21.1369	0
16.7959	19.2604	0
-25.2702	0.636134	0
-25.5811	1.87273	0
24.0819	-5.97625	0
-18.5849	-18.1212	0
-10.3118	-21.8748	0
22.2267	11.2457	0
16.8106	18.7044	0
-13.4181	-20.7336	0
22.2481	10.9129	0
-19.7222	16.7454	0
24.4321	-3.42982	0
-14.8261	19.137	0
17.5205	-18.7638	0
24.9493	-1.37335	0
-6.93062	22.9855	0
-10.3748	-21.794	0
23.383	-8.00214	0
-10.045	23.9015	0
7.24955	23.231	0
-23.9815	-7.46729	0
24.7466	5.79541	0
24.3378	6.45938	0
-21.2877	12.8698	0
-22.2223	9.88682	0
8.93107	-22.3155	0
-21.4179	12.7845	0
-24.1489	0.880539	0
-9.00908	22.5515	0
-10.6671	-21.5671	0
-6.9161	23.8483	0
-8.18607	23.0148	0
24.9009	2.17152	0
-23.6235	-4.30132	0
-2.35321	24.0323	0
-23.6685	-4.89106	0
-23.5586	8.08387	0
-21.2131	14.539	0
22.8927	11.3765	0
-12.1918	-22.4305	0
21.8945	12.0721	0
7.11649	22.9893	0
6.5913	24.1997	0
-16.2327	19.7641	0
12.2334	22.6558	0
-1.38111	25.5446	0
19.4712	15.1804	0
-24.2471	-2.26659	0
13.7462	19.8171	0
-13.359	-21.2436	0
-22.7384	11.8965	0
-23.8618	-10.3145	0
-6.76337	24.8176	0
6.1457	23.6779	0
-21.7434	12.0944	0
24.6809	8.05035	0
-3.12679	25.1383	0
14.0206	-20.2169	0
18.5001	17.3251	0
-25.009	-6.71229	0
-9.75425	22.6303	0
-12.7554	22.0995	0
-23.9967	-9.40884	0
-23.3912	-6.67915	0
-20.8894	-15.3638	0
6.39618	24.6295	0
23.9426	-6.27022	0
-24.0999	8.04604	0
-18.85	14.9973	0
23.2892	-6.12319	0
12.0465	21.1484	0
8.52231	23.0578	0
21.5206	-11.3055	0
-24.3587	-1.5482	0
-21.3904	14.7496	0
-8.54102	-23.0979	0
-18.0526	16.5823	0
24.6616	-2.20688	0
18.4989	16.8074	0
18.8476	16.8108	0
-13.4382	20.0779	0
-23.1439	-9.23056	0
20.38	-13.7245	0
3.75838	25.1678	0
22.0773	10.0344	0
10.8511	-21.8794	0
9.17794	23.4832	0
-16.1594	18.0574	0
10.9377	-22.2462	0
24.3954	-0.869008	0
-18.426	-17.6782	0
-20.2863	16.124	0
17.7331	16.2478	0
-13.3557	22.1442	0
-10.6174	-22.7036	0
-6.96348	23.1439	0
-10.6757	-22.0918	0
17.7894	18.9178	0
-25.2192	-0.239012	0
18.5581	-16.9649	0
-23.2021	9.51171	0
23.152	-9.42552	0
-0.82315	25.0037	0
15.3814	-19.2718	0
-15.4814	-19.3517	0
10.0654	-22.5506	0
17.6361	18.4418	0
-22.0956	-12.049	0
-24.8248	1.68024	0
-2.04294	24.8888	0
-13.4464	21.4428	0
-15.3174	19.9864	0
-12.805	21.2971	0
24.2929	-7.0899	0
-24.231	-4.33834	0
-13.4526	20.808	0
-23.5809	6.89436	0
-9.31937	-23.2543	0
-13.8357	-20.7397	0
20.7003	12.4136	0
-18.5789	-17.3421	0
-8.26115	23.3572	0
-25.135	-0.862351	0
-24.0849	9.30137	0
-16.412	18.3288	0
-22.0594	11.4941	0
-12.6347	-21.2464	0
-21.1595	12.3741	0
-16.2452	-20.1194	0
-21.1061	-13.3624	0
24.778	-5.13154	0
15.6699	18.7962	0
-17.0784	17.481	0
13.0334	21.4518	0
-25.4467	-0.11844	0
5.16229	24.0337	0
-22.5114	-9.19435	0
23.3801	8.84134	0
-24.6424	0.973522	0
-24.1733	3.71995	0
7.76183	24.5017	0
5.28674	24.1512	0
-23.1725	-10.1692	0
-24.4075	2.35765	0
-24.4535	-4.39038	0
-13.9961	21.8712	0
-16.467	18.934	0
-22.9523	-9.61132	0
-11.8642	-21.1018	0
19.3	16.1915	0
24.1947	-7.58893	0
-2.03111	24.614	0
9.04855	23.1496	0
19.7459	-16.885	0
-4.78231	24.394	0
19.3662	-15.6649	0
-24.2772	-5.89808	0
-23.3255	-7.28377	0
-24.3181	-3.3154	0
25.0584	-0.174621	0
-11.423	22.8498	0
24.7297	6.90306	0
-8.94186	-24.343	0
2.8842	24.245	0
17.4296	18.6141	0
-20.9891	12.7121	0
22.3804	-10.2457	0
8.56531	24.1162	0
-23.9697	-7.17011	0
20.0312	-14.8263	0
14.2796	-21.133	0
24.7286	-2.01646	0
21.3054	11.881	0
24.1124	3.92435	0
-6.15659	23.5241	0
23.8463	7.93579	0
-20.2208	-14.398	0
18.8627	-16.4177	0
25.4627	2.34156	0
-12.5906	-22.1241	0
-24.4613	-2.40417	0
-22.9354	-9.33512	0
21.4588	12.847	0
20.0356	-15.4061	0
10.7948	23.6353	0
19.0524	15.7477	0
23.3663	-8.75642	0
-14.7387	19.8438	0
-24.2528	0.715968	0
-11.2549	-22.2006	0
-21.3159	-13.9883	0
25.7803	0.117827	0
18.8779	16.1146	0
-6.35783	23.1441	0
-14.4721	-20.4736	0
19.3427	-14.4823	0
25.3182	-3.42544	0
23.7368	9.77179	0
-2.90711	25.3713	0
24.7422	5.23513	0
-24.1687	5.89196	0
-20.2575	-14.8715	0
23.6161	7.13309	0
17.4342	18.3464	0
15.7739	18.6066	0
-19.3318	-15.7272	0
-19.6405	-15.7244	0
7.39024	23.1811	0
9.44157	22.2924	0
17.7417	-18.0154	0
-8.86014	-23.4826	0
-13.5884	21.4135	0
13.3588	-21.4671	0
6.19578	25.107	0
-7.28964	22.8888	0
-21.4763	-11.0493	0
-9.98961	22.0444	0
-4.92398	25.2024	0
24.2974	-7.08994	0
-25.2117	-1.9768	0
22.9106	-11.9758	0
24.9753	0.121885	0
-16.0999	20.0522	0
-24.2278	-2.99785	0
23.3867	-8.57558	0
24.0328	0.625176	0
-24.5153	-8.41062	0
-1.43407	25.6567	0
5.18136	24.0104	0
9.69379	22.3715	0
13.8778	-20.1847	0
-23.8337	4.33382	0
23.9055	2.59783	0
-22.4622	8.75142	0
2.48425	25.1278	0
-23.8332	5.21508	0
-25.6117	0.215033	0
-24.4388	0.526005	0
-23.1341	9.10567	0
-16.6216	18.2752	0
-13.345	20.1942	0
8.57486	22.5781	0
-16.8397	17.6247	0
9.34716	-23.5209	0
-23.0189	-10.0306	0
-10.0816	22.3291	0
-17.6078	16.9113	0
20.2016	13.7397	0
24.1577	2.0154	0
-20.819	13.0168	0
22.4459	13.0087	0
-5.91211	25.2299	0
-0.817902	24.3451	0
-24.7507	-5.32029	0
-2.46088	24.4436	0
-10.5675	23.3698	0
25.219	-2.25264	0
-9.72367	-22.9403	0
20.8136	-14.6909	0
9.49134	23.0644	0
-17.8075	-18.2019	0
-10.2803	22.5266	0
-11.6574	21.5609	0
-11.1833	-23.1378	0
-14.9038	-19.4628	0
-17.1828	17.3533	0
-21.2551	-14.022	0
7.4078	24.2383	0
21.5666	11.8619	0
-6.05987	25.1143	0
16.1312	-18.4185	0
-13.0114	-21.609	0
-15.198	-20.9239	0
-23.0174	-6.80891	0
3.60137	24.8012	0
6.82457	23.8356	0
-25.7729	3.13904	0
-17.2217	18.7361	0
-24.5915	-0.700544	0
-22.9977	11.8354	0
23.5571	6.86102	0
22.1292	-9.83496	0
14.9503	19.822	0
-25.3561	-2.9988	0
25.7612	-0.319794	0
16.0578	-18.484	0
10.3043	-23.6367	0
-23.4943	-7.87185	0
-21.7937	-13.6687	0
4.31147	25.4526	0
-15.9017	19.807	0
7.24447	23.4418	0
-25.2828	-0.934231	0
23.2937	7.57342	0
5.13689	25.2276	0
-24.0268	1.58416	0
-22.6723	9.11146	0
-18.7161	-17.6249	0
23.9949	5.75359	0
-15.0658	20.8579	0
-22.8499	-7.51268	0
22.6037	12.3502	0
-20.2344	-15.8228	0
23.4675	9.78602	0
0.527931	24.3542	0
11.4196	22.0272	0
-21.7789	11.1676	0
-18.8621	-15.4083	0
-7.39911	22.9897	0
11.7484	21.5745	0
-24.26	-7.66585	0
23.5622	10.438	0
24.1354	3.2047	0
-24.9462	-2.08461	0
24.3212	3.6015	0
-11.1126	22.8063	0
-14.9685	-21.0926	0
23.7213	-4.56298	0
-23.3715	-11.2541	0
23.6356	-6.62073	0
20.5479	-15.2339	0
-21.1621	12.7478	0
-10.9942	21.6571	0
-25.2366	-4.04505	0
-22.9346	-11.1675	0
17.9013	-17.2393	0
22.3965	13.0768	0
24.3825	6.45592	0
-12.2045	-22.5358	0
24.6936	-3.70079	0
24.671	5.00908	0
25.9667	-0.937902	0
24.629	-6.69788	0
9.82654	-23.6776	0
2.78883	24.7797	0
-5.51334	25.0916	0
-25.3179	2.04787	0
-25.2265	-1.28594	0
19.2831	15.1177	0
22.4688	-12.0705	0
-22.1361	-10.9507	0
-21.355	11.49	0
24.6168	-5.65735	0
13.5928	-20.8888	0
17.7189	16.7342	0
17.4252	18.4821	0
13.1607	21.4636	0
12.0519	22.7507	0
-25.1934	2.88631	0
25.2532	1.14485	0
0.814556	25.2707	0
24.2469	8.14896	0
24.0179	2.11866	0
10.3142	-23.6122	0
11.8273	-21.7685	0
20.4405	13.2422	0
-11.3771	-22.5721	0
16.2181	-17.7259	0
20.413	13.4603	0
9.50754	-22.1391	0
13.7862	21.3684	0
21.5158	13.2967	0
-6.27255	24.6803	0
-24.1144	-3.30391	0
-17.1855	18.7582	0
18.6771	15.3572	0
18.4966	16.6751	0
-19.9779	13.8893	0
-19.1206	16.6346	0
25.2817	-1.15458	0
-24.8432	4.1762	0
-18.7808	17.2633	0
15.561	-19.1938	0
-22.163	-11.42	0
-20.3598	15.8049	0
-16.1531	-19.9265	0
-23.6665	-7.56207	0
22.5919	-10.2346	0
10.1278	22.0844	0
-18.2797	17.3066	0
16.3428	-17.9265	0
24.0448	-1.61127	0
-4.21755	25.5969	0
-9.44936	23.3365	0
-4.06942	24.7069	0
19.5508	-16.7245	0
19.239	17.3518	0
15.5242	19.3146	0
6.61306	23.8859	0
-24.9977	6.95334	0
-23.984	5.07443	0
0.72724	24.4688	0
13.3968	21.0206	0
4.75941	25.3078	0
5.36491	24.1055	0
25.3447	-5.78377	0
-21.429	-12.8104	0
7.05396	23.8263	0
19.26	-15.3524	0
-23.3812	9.54406	0
22.0888	-11.9231	0
-16.8512	17.2437	0
22.0005	-10.6216	0
-8.96016	-24.1589	0
17.3961	17.4569	0
18.8078	-17.5991	0
-24.3538	-6.49136	0
13.266	20.1469	0
23.7824	8.89628	0
-18.0212	-16.0155	0
17.4294	-18.7417	0
24.5717	8.03945	0
-16.1083	19.9516	0
-10.9133	22.5955	0
-17.6805	-17.2475	0
-17.7144	17.6608	0
24.396	6.80562	0
-21.703	-10.3641	0
10.9356	23.0211	0
17.8256	18.3301	0
-24.1759	9.39541	0
12.5791	-22.1791	0
-23.955	4.42066	0
23.2006	-11.3228	0
4.98963	24.3349	0
-0.0677215	24.4249	0
14.807	19.354	0
-15.6476	-19.3834	0
8.30574	22.8086	0
-13.2104	-21.2105	0
22.0192	-10.0944	0
-23.7221	7.03529	0
12.5713	22.6129	0
21.8841	-10.5951	0
25.0228	-2.1802	0
14.36	-20.3571	0
-1.70754	24.9818	0
-19.0508	-15.5614	0
-23.2014	10.191	0
11.9066	21.8232	0
-24.0789	-2.0551	0
23.8746	6.1501	0
-24.5722	-8.39581	0
19.8212	14.3966	0
22.158	-10.4981	0
19.9689	14.4946	0
-18.4636	-16.1812	0
-25.2728	5.66365	0
-2.64881	24.3985	0
22.8847	9.37038	0
-18.539	-17.1662	0
23.6563	-4.60051	0
-17.8629	-18.6528	0
25.0464	-5.57638	0
-25.305	-2.61441	0
-24.8174	-0.732779	0
-25.4719	1.68946	0
-11.6462	21.3352	0
-20.9348	13.4853	0
18.0715	16.1656	0
15.9088	-19.531	0
16.9524	-19.512	0
-21.8423	-12.863	0
24.8628	3.46512	0
-20.0104	-13.3662	0
-22.3913	10.3073	0
15.7793	-18.501	0
-23.5549	-8.19878	0
-23.6551	-10.7143	0
-17.414	-18.913	0
18.5191	-15.9571	0
6.41748	24.4074	0
22.2463	-13.2098	0
-24.5891	0.756116	0
-24.5526	-6.87102	0
18.2067	16.0818	0
3.09571	25.6396	0
4.59117	25.5686	0
14.7504	21.3827	0
-22.0326	-9.92859	0
-24.125	-3.45398	0
-23.3566	-6.43185	0
22.0655	13.1936	0
10.5995	-21.5834	0
10.9831	22.7297	0
21.0874	-13.4428	0
13.2297	-20.4952	0
-20.0265	-14.0608	0
19.1795	-15.5085	0
6.2552	25.0052	0
-16.9564	18.3426	0
10.6813	-22.7625	0
17.1281	-19.0674	0
17.5474	-17.3997	0
-21.6619	11.9975	0
-23.1363	-7.54119	0
-25.9498	0.720903	0
22.876	10.9835	0
-23.6898	-8.53151	0
-6.9845	24.5693	0
-24.0785	7.65534	0
22.5345	-10.6671	0
-24.1308	-8.96262	0
-17.0955	18.9115	0
23.6321	-10.2382	0
-20.3505	-12.9664	0
24.3676	-4.62624	0
15.8938	-19.1976	0
-21.9311	11.2477	0
-24.8633	7.43747	0
-18.3043	16.9177	0
17.0731	19.0445	0
-24.6931	7.04667	0
5.70835	23.6349	0
19.5643	-15.591	0
-17.3839	-18.5717	0
-25.5108	3.91934	0
-9.62158	24.1517	0
-25.5854	1.38067	0
-14.5751	-21.1662	0
-8.90141	-22.757	0
-17.2083	-18.3668	0
6.68464	23.9312	0
-4.56714	25.2727	0
-8.95312	-22.5299	0
-24.8273	-2.13132	0
1.85877	25.8922	0
-22.603	-12.4367	0
25.4936	-0.664048	0
-18.5828	-17.1511	0
-17.4767	18.0294	0
16.8056	17.9622	0
8.28965	23.1857	0
22.6099	10.7911	0
-12.981	-20.6974	0
1.71753	24.6103	0
-7.54542	24.7246	0
22.6648	9.76268	0
22.4833	8.57743	0
14.606	-20.5494	0
23.5376	-10.71	0
-18.6495	-16.9807	0
17.4987	-18.4707	0
16.69	17.7686	0
13.8636	-20.3348	0
-22.3615	8.89974	0
2.98609	24.7363	0
23.2103	-7.94353	0
11.5788	-21.3396	0
-25.0617	-5.2982	0
22.7555	-10.7772	0
-24.4178	8.53936	0
22.4904	11.5502	0
-22.9932	8.95697	0
15.5982	-20.502	0
-25.8569	-2.00709	0
-14.3292	-21.5615	0
13.2923	21.8181	0
-9.05556	22.407	0
24.1569	6.40937	0
24.5103	8.53871	0
-9.98504	24.003	0
-9.94812	23.2432	0
-15.7121	-20.5343	0
16.9259	17.5031	0
-25.3058	1.67797	0
8.69496	22.55	0
11.2179	21.8686	0
-15.9134	-20.3055	0
15.843	-19.4547	0
23.7978	-4.47516	0
20.775	15.2707	0
-18.3608	-17.4062	0
6.2026	24.9066	0
-17.724	17.8656	0
-23.2958	-9.62022	0
22.3972	10.186	0
-19.3085	-14.5513	0
-10.9652	-21.6618	0
-15.747	19.9127	0
-25.6589	2.74987	0
16.0844	20.2797	0
10.0686	23.3655	0
-23.9546	-7.67392	0
-8.66224	23.7615	0
25.3794	-2.87682	0
-19.9352	15.6419	0
15.3713	20.0116	0
15.6816	20.3128	0
10.7353	23.435	0
-17.6626	-16.564	0
24.6532	-0.0496439	0
-13.5378	-20.2372	0
-24.4705	6.85462	0
-12.3742	20.8533	0
12.0508	-21.2333	0
21.7257	-14.0155	0
-11.2162	23.3005	0
-22.825	-9.37214	0
25.1594	-0.238414	0
-23.7496	6.25868	0
-10.1651	23.0415	0
20.4633	13.9134	0
-9.92575	-22.3952	0
-8.55197	24.164	0
21.0463	-14.3983	0
20.2071	-15.8263	0
-11.8627	21.788	0
22.0588	11.9534	0
-2.16591	23.9899	0
22.3421	-13.2369	0
22.0923	-10.8832	0
-2.24518	25.0276	0
-19.5624	15.9843	0
14.7598	20.3115	0
-22.0805	-12.7653	0
-20.8843	14.1048	0
-24.3291	7.00603	0
-19.6992	16.7068	0
-19.8012	-15.9489	0
-18.1213	16.1856	0
18.9868	-17.5146	0
-16.8759	-17.317	0
14.3789	-19.421	0
-8.85571	-23.2386	0
14.2343	20.9549	0
9.10733	23.9705	0
24.5107	-2.52463	0
25.0936	1.41392	0
-22.1267	9.64849	0
23.6276	10.3708	0
-19.8703	-14.5279	0
-23.6533	-6.47143	0
-9.92535	23.547	0
25.2212	2.81856	0
-2.25933	25.4091	0
24.1682	-1.39329	0
23.4928	-7.45211	0
-24.4947	-2.55591	0
21.1054	-12.1159	0
9.44787	23.7664	0
-22.3362	-10.693	0
-24.7337	6.53629	0
9.34022	22.7157	0
10.0169	22.8223	0
-23.7014	-8.67157	0
-14.0291	-19.7592	0
23.4854	8.11221	0
-23.3885	7.8464	0
2.58902	25.0116	0
12.0394	22.1155	0
-21.0827	-12.9357	0
25.1646	4.34007	0
-24.5855	-2.60842	0
24.392	0.853505	0
22.9417	8.16164	0
-25.1411	5.45448	0
-0.721227	24.8604	0
-11.8706	-21.8685	0
18.4582	16.306	0
9.97912	23.3396	0
15.3335	18.4786	0
22.9756	-7.61267	0
-22.5411	-9.06381	0
-21.569	11.4142	0
-3.15573	24.7613	0
-3.7613	24.6678	0
23.4983	5.5267	0
24.5301	-6.81905	0
-21.8081	-10.0811	0
-23.4003	9.16596	0
24.7428	4.39484	0
-24.1259	1.70278	0
23.1723	9.62039	0
-12.9549	20.7242	0
-9.46435	23.7249	0
23.6394	9.52545	0
-22.8955	-10.1738	0
-12.4518	-21.4478	0
-7.82774	24.6904	0
24.2068	3.1223	0
25.8323	-2.22876	0
-24.7879	-5.44453	0
-15.3361	-20.2154	0
-24.3529	-4.32105	0
21.6619	-10.5514	0
5.84279	23.9636	0
-11.2704	21.3603	0
-24.8429	0.473856	0
17.6929	16.6983	0
-24.8532	-1.94119	0
-2.30518	24.1141	0
25.3743	-4.51637	0
-18.477	17.3392	0
23.213	9.23173	0
-16.6309	-18.7724	0
-20.4269	-15.1945	0
24.1978	-4.65069	0
-24.2189	7.30529	0
-24.1069	-2.88939	0
-19.7748	-14.0742	0
-25.5384	3.99132	0
-23.9334	3.06569	0
-23.4438	10.6694	0
-11.1723	22.3961	0
15.0702	19.0766	0
-16.5013	-18.7648	0
-22.2244	9.16024	0
16.7396	17.6427	0
-3.03295	24.8297	0
-15.2341	18.9086	0
-20.6377	-12.806	0
-23.6742	-10.1814	0
-14.2454	-21.1663	0
-15.1375	19.2693	0
-16.1705	19.0467	0
-19.2661	-14.9413	0
19.2195	16.8328	0
25.111	2.52517	0
-19.3689	-15.2875	0
11.4776	22.9743	0
-15.3237	-19.5038	0
11.1014	21.6499	0
21.4184	-12.1642	0
-20.1017	13.3629	0
-20.9007	-13.7823	0
-23.3773	5.71086	0
18.1573	16.0328	0
24.5429	3.89469	0
-23.5414	5.39446	0
4.63541	24.919	0
-4.71221	24.4909	0
-20.9457	-13.552	0
24.2837	-5.18038	0
12.324	21.2367	0
15.4063	18.5635	0
-24.348	8.07071	0
-23.6433	8.67111	0
-18.4253	-17.9253	0
-15.3702	19.2061	0
-24.4687	1.00671	0
-24.7024	-0.616926	0
-25.189	-3.85453	0
-24.7379	7.62982	0
-9.74396	23.485	0
22.0386	13.2456	0
19.1247	-16.0353	0
-16.6904	-18.6299	0
-24.1156	-6.94814	0
15.9885	-18.1457	0
-17.7297	16.5981	0
22.4659	10.7691	0
25.5638	-0.980107	0
22.1207	-10.9131	0
22.2204	10.2453	0
24.0548	-3.52916	0
20.3891	-12.7001	0
-15.5853	19.0017	0
-23.2508	-11.1309	0
21.8356	11.5427	0
19.0236	16.0598	0
-13.9773	20.8484	0
23.7777	6.32735	0
-3.09806	25.1668	0
23.8602	-6.13928	0
-19.3193	-15.6493	0
22.8658	-9.88853	0
22.9431	8.55976	0
12.2766	21.4361	0
9.97658	22.571	0
-2.16772	25.3784	0
-4.45364	23.9787	0
-25.0856	-3.66376	0
14.9138	20.2872	0
-15.1761	-21.0261	0
5.9458	24.962	0
-18.7845	15.1036	0
9.2329	-22.4287	0
-20.5207	14.5179	0
8.76334	23.307	0
-24.2023	-3.12641	0
21.4927	12.5	0
-22.7789	-10.6956	0
0.749777	24.9139	0
-24.5451	2.0856	0
-2.50849	24.8538	0
-19.9457	-15.7158	0
-23.2041	7.44911	0
-15.146	-20.1667	0
-17.716	-18.2403	0
23.6976	6.18489	0
19.8546	-15.8732	0
24.184	6.66937	0
-21.8506	11.5953	0
-3.12383	25.062	0
17.0124	19.301	0
25.5359	-1.57779	0
-17.7543	18.5519	0
-21.4386	-12.8381	0
16.2502	-19.0066	0
-19.5815	15.6183	0
17.1044	18.5896	0
-20.5868	15.6956	0
-13.7217	22.0595	0
23.5144	7.00746	0
17.9559	16.5702	0
-23.5862	-7.40864	0
-24.1901	4.08241	0
0.831788	24.055	0
-10.757	-22.3755	0
-21.5771	14.0366	0
14.2036	21.0667	0
-8.07918	24.1278	0
-17.3078	19.2849	0
13.3631	-21.6266	0
20.1938	-16.0704	0
-14.1573	20.2093	0
-23.7774	9.83706	0
-24.9904	4.87947	0
-25.1469	-5.72114	0
8.41898	23.5033	0
8.93262	22.5766	0
-15.0771	-20.6382	0
-19.6517	-16.3596	0
-23.873	6.43338	0
-23.6239	-9.17437	0
1.17566	24.9151	0
14.3812	-19.4634	0
-16.4179	18.0745	0
-23.982	8.44168	0
-21.7475	-12.3722	0
-17.9863	16.7126	0
25.6114	3.93446	0
-9.32233	-23.0623	0
12.4521	-21.6304	0
-23.8761	7.65809	0
-16.8453	-19.2542	0
24.3214	-1.75474	0
-22.8532	-8.45096	0
16.1135	19.8497	0
-8.03369	23.9712	0
17.0654	18.6913	0
-8.80709	22.6155	0
21.1056	13.007	0
-24.8724	3.49796	0
2.9652	25.2077	0
-18.5138	16.8339	0
-25.3623	4.51374	0
22.9819	-11.7843	0
-16.3976	-18.9288	0
21.957	10.1525	0
3.84834	24.703	0
1.72576	24.7333	0
25.1742	-5.31203	0
-25.4464	-3.7985	0
24.3087	4.79567	0
-15.5768	-18.8202	0
20.376	-13.4841	0
-20.753	-12.6865	0
-2.10764	25.5366	0
22.7806	-12.1326	0
-23.4818	-5.31176	0
-22.3502	-10.9741	0
22.7697	11.5876	0
10.5671	-23.3242	0
24.3849	7.4488	0
8.64378	23.1069	0
16.7841	17.4988	0
-9.01063	22.4489	0
-1.47262	25.6429	0
-15.4066	-19.2232	0
-24.0452	2.65054	0
-22.1162	-13.1482	0
-7.87983	23.6565	0
-7.58127	22.8161	0
15.2474	-18.6733	0
-24.4902	1.11263	0
1.73233	25.7421	0
-14.4435	19.4368	0
-3.53452	25.211	0
-23.8333	4.83969	0
15.1805	-20.4986	0
-21.4677	12.9131	0
-6.75785	24.9729	0
21.6218	13.967	0
18.1323	-16.1787	0
20.652	-12.7674	0
7.20685	23.5109	0
18.3468	16.7323	0
-16.8374	18.6904	0
21.121	-13.3371	0
-17.7456	16.957	0
-22.8715	-10.8254	0
22.4592	8.82355	0
-10.4206	-21.9997	0
14.2667	-21.5168	0
-25.009	1.38736	0
-20.4991	-13.9022	0
24.5138	-2.88882	0
21.9783	12.2485	0
22.8121	11.5278	0
19.2059	-17.0898	0
-19.7978	-15.2159	0
18.0113	15.9669	0
-24.5264	0.363015	0
25.1451	-6.48752	0
-0.478541	25.12	0
-12.7666	22.4486	0
16.6585	-18.9805	0
19.978	-15.823	0
-10.1019	-22.1019	0
-24.1053	8.99151	0
-19.66	14.071	0
-17.7793	-18.0966	0
-24.858	0.0177619	0
-22.6919	8.61613	0
21.2541	13.1282	0
20.6274	12.9535	0
-9.40875	-22.6694	0
22.0274	11.8625	0
-18.3322	16.5586	0
-22.1625	11.6124	0
-23.2581	-8.52383	0
20.9854	11.7172	0
21.3941	12.6885	0
19.3067	17.3339	0
17.3451	-17.1748	0
24.2384	-6.20215	0
24.0179	-6.51439	0
-14.6048	-20.4811	0
-23.9519	4.09606	0
9.02041	23.3062	0
25.6646	0.799983	0
-24.2181	0.776713	0
-12.2044	-21.5924	0
-22.4214	-10.2079	0
-6.89641	24.8603	0
19.9466	-13.7735	0
-16.0833	-18.1426	0
-24.0413	7.50762	0
-18.6671	16.0159	0
9.8222	22.9126	0
22.0955	-11.3388	0
20.2173	13.3304	0
-16.9076	19.019	0
-25.1749	-4.64531	0
-21.3766	14.314	0
9.60238	-23.0517	0
-3.51903	25.4637	0
23.1445	-6.59834	0
8.40166	24.347	0
11.0111	-23.2324	0
20.5898	-13.9396	0
22.8425	10.1762	0
-20.7221	12.5313	0
21.7986	13.4669	0
18.8024	-15.8133	0
6.90416	23.8917	0
-8.78005	-23.1002	0
24.4452	-7.47648	0
2.32909	25.2485	0
-13.6878	21.9747	0
16.8013	-19.1971	0
24.0376	-4.0974	0
15.1239	20.1777	0
-25.6075	2.84494	0
15.7981	18.6376	0
20.5879	-14.3419	0
-19.779	-14.8412	0
-25.0422	-4.19297	0
21.8834	11.5802	0
-22.9124	-7.42447	0
-21.5979	13.1624	0
0.382316	25.3949	0
20.8598	-13.7129	0
17.9181	-17.3229	0
-17.5497	17.0758	0
-22.2666	12.4468	0
-22.5588	-10.3739	0
10.5341	22.0888	0
9.03752	23.599	0
10.9658	-23.0461	0
-22.8754	7.9801	0
23.1869	7.39579	0
-11.1307	21.4682	0
-23.9574	3.56047	0
14.534	-20.3798	0
-25.5106	0.93252	0
25.3302	3.26042	0
25.9592	0.619287	0
-16.3739	17.8392	0
-23.2186	6.42659	0
12.239	21.1301	0
22.7842	-9.99737	0
25.5147	1.8192	0
3.08288	24.4407	0
18.8951	15.5249	0
20.3616	-13.6483	0
24.3309	8.4043	0
25.1039	-6.00955	0
21.8899	12.6675	0
-22.0696	-12.9151	0
-14.7682	-19.6979	0
24.0915	-7.89541	0
22.9165	-10.7204	0
13.5138	-20.7178	0
-14.7061	20.5803	0
4.24856	24.5928	0
14.6685	-19.5805	0
-15.8613	18.2921	0
20.2895	14.574	0
21.5248	-11.4141	0
23.457	7.42003	0
13.4282	-19.9055	0
-19.8786	14.4254	0
-15.3548	-19.8514	0
22.1019	-10.107	0
-22.7848	10.9069	0
-24.1428	6.89673	0
24.3477	-8.51602	0
-9.92987	22.8913	0
15.7431	18.3461	0
16.9749	19.2026	0
6.62301	24.0983	0
-25.0822	0.792545	0
-23.9014	-5.33089	0
-12.2452	-22.082	0
-21.233	-12.5396	0
-12.398	22.4265	0
-14.8143	-19.1468	0
-10.7742	23.2469	0
-22.6442	-11.1847	0
21.8204	-12.924	0
-20.3348	12.9789	0
15.2725	-18.8117	0
3.23597	25.7837	0
23.3013	-7.8349	0
7.12616	23.8329	0
24.4988	-8.37161	0
23.7959	6.22321	0
-4.4332	24.7769	0
15.4862	19.8696	0
16.7655	-19.4843	0
0.754964	24.5149	0
-25.7176	-0.00380429	0
-23.9103	-4.47453	0
-24.5892	3.43977	0
-19.9097	16.5574	0
-17.1499	17.1787	0
5.06189	24.2562	0
17.4231	-19.1528	0
-18.5104	17.1999	0
24.8358	-3.191	0
10.2496	-21.9364	0
-8.30423	24.1739	0
5.9854	25.2873	0
-25.006	1.25388	0
20.5926	-15.3468	0
21.1783	-12.6053	0
25.8249	2.10668	0
21.8377	-10.9029	0
23.7704	-4.43173	0
15.1789	-18.7574	0
-24.6536	-7.71222	0
9.59858	24.0383	0
-24.0758	9.14221	0
-14.4971	-19.945	0
24.4896	4.29719	0
1.12687	24.0523	0
3.71739	25.4964	0
-1.3152	25.756	0
-21.8922	13.8143	0
25.5439	-3.4868	0
-19.334	16.0155	0
-24.7227	-0.969798	0
20.1375	14.6915	0
-18.4405	15.3818	0
15.9519	-20.1141	0
-14.8871	20.3323	0
21.9913	-12.9205	0
21.899	12.7896	0
23.414	-9.10593	0
-3.0712	25.2439	0
-19.6956	-15.7773	0
-15.4887	-20.7494	0
-10.0683	-23.7012	0
-13.1993	-22.1274	0
23.8034	8.00226	0
17.0952	17.3817	0
-22.4262	9.1545	0
10.9112	21.6717	0
16.864	18.2448	0
-18.6115	17.2172	0
12.359	21.4251	0
-23.2334	10.1401	0
-21.7335	-12.883	0
-22.109	13.4051	0
-14.1654	-21.183	0
1.16856	25.8764	0
24.9816	-0.548639	0
-23.4339	-6.94583	0
22.8882	8.78695	0
-24.689	-0.899109	0
-19.7587	-15.452	0
-12.765	-22.2668	0
-2.71706	24.1808	0
-25.2073	-3.64874	0
25.2045	-5.0907	0
-11.3707	-22.7114	0
22.9489	-10.1088	0
24.6128	-5.57313	0
25.6048	-3.68547	0
-20.6225	15.2934	0
-22.2096	12.5843	0
-24.2515	-7.98977	0
10.2126	23.6005	0
15.7896	-19.1413	0
9.63373	23.667	0
21.1675	-11.8615	0
-9.26297	-22.8544	0
11.3904	-21.3744	0
-4.77541	24.2642	0
-21.2358	-13.2106	0
-24.2814	-1.25408	0
10.902	21.639	0
-2.17016	25.8396	0
-24.5841	-4.97781	0
24.4151	-5.31388	0
2.88044	24.708	0
-17.1241	19.3464	0
-22.0274	12.3714	0
-24.0975	-6.69715	0
-9.42547	-24.1082	0
-16.4069	17.8194	0
20.7186	-14.1427	0
14.904	-19.0927	0
-25.8275	-0.38203	0
18.2733	18.0803	0
19.1698	-17.0836	0
-11.4885	-22.2724	0
-5.44434	23.7284	0
17.9804	-15.9483	0
23.8101	6.38971	0
19.1471	15.3608	0
-17.0447	18.0733	0
-21.3892	-13.6276	0
5.30701	23.5387	0
-22.6316	-9.58646	0
24.8239	1.38283	0
20.651	15.4217	0
-17.3137	18.4109	0
25.1324	-1.39276	0
24.5266	8.41351	0
17.8736	-16.9921	0
-11.0874	21.9633	0
17.3647	-18.9672	0
-24.4442	-3.03139	0
-12.0654	21.4502	0
11.1552	-23.1307	0
-25.0504	-0.253834	0
-23.2873	7.70332	0
6.37844	24.1111	0
15.9134	18.1997	0
-20.9529	14.5938	0
13.513	-20.3403	0
17.7931	-16.2464	0
12.6392	20.6983	0
-2.77341	25.3732	0
17.6002	16.431	0
18.9323	-16.0112	0
16.8689	-17.9296	0
16.4503	-18.0806	0
-14.1502	20.3314	0
25.0774	2.73866	0
-21.8193	-10.5045	0
25.1392	-3.42654	0
9.88519	-22.2633	0
22.8207	11.3601	0
15.3333	20.3586	0
18.2508	-17.6085	0
24.2493	8.3365	0
2.58417	24.538	0
24.8066	0.381089	0
-24.7308	-6.28097	0
24.2163	-3.98238	0
-3.34929	25.2823	0
-13.2119	22.0786	0
14.1468	21.1564	0
24.4556	-3.61401	0
-13.6224	-20.7259	0
-24.2182	1.43108	0
-5.78144	24.5982	0
-19.6675	-15.1621	0
21.2344	13.5146	0
22.8835	-11.2352	0
14.9131	-20.5357	0
19.5899	-17.0538	0
24.2678	1.66975	0
-18.1879	-16.0915	0
19.5507	-16.149	0
24.9447	-6.73734	0
-9.31484	23.3262	0
22.9153	-7.44235	0
24.4903	7.12723	0
-22.0811	-11.4973	0
-13.8405	-21.6316	0
25.3937	-5.1668	0
24.6649	4.76197	0
-5.43024	24.4777	0
-3.5921	25.6904	0
12.0206	-21.0986	0
-25.6164	-1.54267	0
10.6554	-23.0215	0
-17.6722	17.2135	0
23.3933	-7.8715	0
15.7352	-18.5225	0
8.5189	24.0943	0
11.2125	-21.9825	0
-24.4213	4.41552	0
18.2599	-16.0093	0
17.4262	-19.2393	0
24.6391	-1.25451	0
-23.8073	-4.06277	0
-0.357901	24.9767	0
-11.0987	22.5996	0
-12.7111	21.9108	0
25.2575	1.96653	0
18.814	16.3409	0
-19.1597	-17.4738	0
-21.741	12.9886	0
-22.8737	-7.55759	0
-10.8321	23.3223	0
-16.9503	-18.2414	0
18.6181	-15.1933	0
-23.3885	-5.97196	0
-22.6135	-9.56946	0
16.373	18.8624	0
-4.07879	25.1215	0
24.6064	3.61537	0
15.2274	19.1485	0
-25.1103	0.823967	0
-16.9459	-18.646	0
15.3333	-20.7994	0
-20.5866	12.5013	0
-16.5583	-17.5574	0
-13.6355	20.8063	0
-9.26188	-23.5404	0
-22.9167	-10.0569	0
13.5978	-20.9323	0
-24.3094	3.61012	0
11.2817	-22.762	0
-0.092607	24.2876	0
22.6408	12.3214	0
-22.89	8.46004	0
22.0118	12.5535	0
24.2501	7.55058	0
8.5067	22.4747	0
-13.875	-19.9258	0
21.0265	-14.8236	0
0.824393	25.0571	0
-16.4161	-20.0213	0
25.4232	1.27758	0
16.0725	-18.4091	0
-25.8125	-1.68928	0
21.5284	-14.3359	0
-25.6835	-1.56903	0
-10.9837	-22.9033	0
-9.44683	23.2656	0
25.3428	-5.34142	0
-23.1419	6.37038	0
22.8934	9.54782	0
24.7185	-0.0993147	0
-24.8149	-7.60191	0
10.4366	-23.4595	0
0.690405	24.255	0
21.7399	10.3854	0
11.3291	-21.9917	0
-20.0844	15.9677	0
21.9475	-11.8646	0
-0.751725	25.6004	0
16.3586	-18.6689	0
-2.37325	24.2882	0
18.5057	15.9417	0
-23.9019	3.91527	0
23.8941	9.21365	0
-9.60417	-24.1545	0
-23.2814	9.25644	0
18.5084	18.0387	0
23.4011	6.14553	0
-18.7764	16.9076	0
-21.1335	-13.9719	0
-21.1303	14.3039	0
16.6707	18.4759	0
-12.0856	-23.002	0
25.7837	2.34889	0
24.3267	4.67378	0
-18.6305	-15.8177	0
-23.2182	-6.34581	0
-21.5873	11.0388	0
-9.83856	23.0598	0
-19.6776	15.5283	0
-21.2132	-13.1748	0
-23.7269	-9.56033	0
-23.0353	10.4904	0
-24.9532	-1.27252	0
19.1767	17.3016	0
-12.7411	21.3299	0
-25.9075	-1.52689	0
-23.6142	-5.84225	0
2.71721	25.3943	0
-2.17383	25.8659	0
24.5731	6.97138	0
-25.2873	4.87429	0
23.0548	11.2836	0
-22.2511	12.5881	0
24.6132	-4.9832	0
15.1986	-19.1193	0
21.0165	14.0508	0
-22.4198	-11.5551	0
-10.5274	23.4003	0
22.9635	-9.40532	0
-18.891	16.5452	0
23.7953	3.68912	0
24.2123	-3.6588	0
-20.4676	-15.1673	0
-11.1241	21.3448	0
0.227778	24.0425	0
13.3328	21.705	0
22.0141	-12.2148	0
23.9897	-1.55381	0
-11.2325	22.3473	0
10.8081	22.2468	0
24.5745	8.18995	0
11.3518	22.7239	0
-21.9823	-12.6407	0
-23.9329	7.59717	0
23.1032	7.49888	0
23.3736	-8.37861	0
-2.49055	24.6037	0
-22.8717	10.5224	0
22.3287	10.9635	0
22.5152	12.2339	0
-3.0554	25.2801	0
-0.949732	25.0832	0
21.185	11.6672	0
-9.67463	22.6168	0
24.304	6.79303	0
24.0355	3.07094	0
2.01511	25.455	0
4.05326	24.5883	0
-21.9789	11.0969	0
24.7084	-1.06855	0
13.245	-20.0768	0
13.5929	21.4168	0
25.5473	-3.59782	0
-16.8525	-19.1889	0
-25.66	-3.95551	0
17.9432	-17.579	0
-24.995	-1.11736	0
23.0773	11.2656	0
-17.9364	-16.3748	0
-24.2084	2.62995	0
9.03151	23.4829	0
-17.5601	-16.4177	0
24.314	8.28824	0
24.5652	-8.21626	0
-20.6557	14.2374	0
-10.0426	-21.8777	0
4.84073	25.0527	0
15.6268	19.021	0
4.23246	25.4793	0
-25.1541	-4.24404	0
-10.0917	-22.8391	0
11.1589	-23.41	0
-16.6617	-18.1428	0
-5.4823	24.8827	0
12.8745	-21.5342	0
24.9093	-0.22926	0
-14.7213	-19.1772	0
12.019	-20.7819	0
-21.6632	10.5055	0
16.3397	-18.23	0
-21.0959	-12.3897	0
-21.4354	-13.5	0
-25.4153	2.85506	0
-13.7446	-21.8132	0
20.6913	-15.6317	0
19.8024	-13.8275	0
-23.0836	7.42194	0
18.1466	-16.1659	0
-7.16071	22.9809	0
-24.6101	-2.02692	0
11.8876	22.212	0
22.3625	11.6926	0
20.4818	12.7197	0
12.2569	-21.6313	0
-20.4797	14.8819	0
-6.60439	23.7844	0
25.3571	1.92212	0
-9.07875	-23.3746	0
-1.86888	24.5958	0
3.45655	24.5675	0
13.9114	21.7637	0
21.4265	-12.3008	0
21.449	-11.5946	0
-22.2529	12.0112	0
-16.3359	-18.7592	0
21.1524	12.0579	0
14.9394	19.5524	0
21.2215	12.753	0
-23.6716	8.2168	0
11.7631	-21.684	0
22.9849	-7.16472	0
-23.2921	-7.39366	0
-4.75035	23.7066	0
-22.7459	-11.3141	0
-19.3395	17.1656	0
15.8182	-18.3179	0
-5.23604	23.6297	0
21.4296	13.8079	0
25.5446	2.15222	0
15.4084	-18.651	0
-18.4226	17.8829	0
25.8146	0.481326	0
23.4388	-7.33904	0
18.0424	16.7022	0
21.699	12.1884	0
3.8438	25.5253	0
-22.6292	11.568	0
-21.1084	14.2552	0
-25.0455	-3.13406	0
-24.597	-7.91357	0
25.138	-5.43858	0
9.88209	-21.9478	0
-13.7093	20.9423	0
-9.27058	22.1646	0
25.1528	2.68769	0
-20.4188	13.1418	0
-22.1924	-11.5761	0
-14.3042	19.9471	0
24.4185	-3.69261	0
19.8146	-14.6015	0
10.6472	-21.7216	0
16.0956	17.8632	0
-20.3852	15.7508	0
23.6844	8.51343	0
18.3421	17.3763	0
23.1619	10.9521	0
-2.5836	23.9973	0
0.498882	25.5207	0
16.2406	-18.7268	0
-16.0503	20.0108	0
24.5804	-1.93889	0
14.1602	-20.4941	0
9.99931	-22.4167	0
8.52359	23.2431	0
25.3025	5.45242	0
20.0579	13.541	0
-20.4926	-14.935	0
-21.2851	12.3215	0
21.9556	-10.2099	0
1.84297	25.4671	0
25.3888	0.409371	0
-23.1537	10.5564	0
-12.5615	21.2215	0
-24.2151	-9.1719	0
-22.6379	-11.8601	0
-24.8254	-2.4665	0
13.4022	-20.3963	0
-15.7075	19.4214	0
-16.8327	-17.1854	0
-12.9234	20.881	0
-10.911	22.2759	0
-14.7048	21.2513	0
20.7501	-13.7993	0
-24.0697	4.97209	0
-19.2579	-15.2498	0
-8.16882	24.4691	0
-11.8866	-21.0932	0
20.3387	13.845	0
25.8639	1.67449	0
19.4206	15.4163	0
-0.101037	24.2963	0
-19.2086	16.3818	0
-14.898	18.9769	0
13.6907	21.3497	0
-20.4561	-14.8861	0
-9.10887	23.8111	0
24.9771	-0.399878	0
23.9619	-6.929	0
-20.5504	-14.9783	0
17.314	17.4294	0
24.6107	-8.22759	0
0.564021	25.7229	0
7.27114	23.1956	0
15.915	-18.239	0
-13.1887	20.5959	0
-20.7617	-14.6732	0
21.6023	11.1934	0
-15.1238	-20.8392	0
22.5004	12.5861	0
-25.3234	0.2323	0
-5.20463	23.759	0
24.1389	-9.47025	0
24.1507	-1.23188	0
24.1798	-9.38422	0
11.2885	-22.6719	0
1.36084	24.2917	0
24.8303	-2.19877	0
15.6496	19.5209	0
22.4423	-12.2491	0
-11.6153	-21.5893	0
-13.8235	-19.6782	0
5.04674	24.4033	0
-10.6822	22.379	0
22.9287	-9.72055	0
-23.1631	9.28534	0
0.234506	24.3243	0
12.8665	-21.803	0
22.7563	-12.1045	0
-20.5997	-15.0967	0
9.59236	23.2315	0
-16.1727	20.2789	0
-21.2767	13.5798	0
10.2011	-22.1843	0
-13.0169	-20.6691	0
25.8889	2.14678	0
14.9918	-20.6792	0
-11.7947	22.4292	0
15.6925	-20.4781	0
8.8229	-23.9047	0
-21.7205	10.7485	0
20.5269	12.8537	0
12.1263	22.3321	0
-24.8059	-4.30855	0
-13.1318	22.0314	0
20.337	15.4199	0
-17.3365	18.834	0
-21.3657	-13.8137	0
-21.2636	-12.4034	0
-15.1903	-19.2976	0
-10.7463	-22.4917	0
24.4748	3.79484	0
9.04708	-24.2439	0
-9.7734	23.4514	0
1.07028	24.9985	0
23.8609	-10.2966	0
25.0817	-2.03828	0
-24.8102	-0.00792925	0
13.8331	20.15	0
24.6234	5.57196	0
23.7701	10.4522	0
18.553	-16.0895	0
-11.8511	22.8778	0
20.906	13.5654	0
-4.28482	25.285	0
17.287	18.219	0
19.3531	-15.0229	0
-24.793	-7.55695	0
-12.6446	-22.3576	0
-2.76857	24.1675	0
25.7783	0.528533	0
-17.2977	-18.9236	0
-13.1372	-21.2761	0
-22.6977	-11.0264	0
22.7096	8.47054	0
-1.95597	24.5753	0
-12.0048	-22.7453	0
18.4721	-15.5087	0
24.3588	7.73347	0
-14.8744	-19.35	0
-15.7903	-19.6455	0
13.7983	-20.7839	0
-22.9636	-8.08489	0
-8.90553	23.7567	0
1.03149	25.2166	0
0.600855	25.373	0
9.88042	-23.7354	0
12.352	-21.4712	0
8.53961	-22.932	0
-21.1686	11.959	0
22.3662	-9.43187	0
-12.1305	22.9026	0
-20.9575	-13.1804	0
-0.239543	25.1028	0
-10.496	-22.5346	0
1.40914	24.5361	0
-22.6445	10.9421	0
24.1983	-3.91934	0
22.6127	-10.8469	0
1.36241	25.6147	0
24.2658	-9.10166	0
-19.4206	15.7081	0
-17.1766	18.2774	0
15.182	19.2217	0
2.39152	23.9981	0
-24.5494	-0.239471	0
23.2601	7.259	0
20.8014	15.3682	0
-20.5503	-15.3208	0
1.74469	24.1769	0
22.7794	12.2252	0
-15.0597	21.0593	0
4.82599	25.2682	0
22.9591	-9.27494	0
-10.7186	-22.4276	0
22.3693	-10.4087	0
-24.642	5.7853	0
-14.1954	19.9391	0
-21.4467	-11.253	0
-17.0922	-19.0312	0
25.4839	-2.09057	0
18.0866	-16.4815	0
-6.81467	24.8689	0
-2.07662	24.7043	0
-9.71455	-22.7716	0
24.3251	0.365242	0
23.1427	7.32943	0
15.3715	20.2919	0
-22.5883	-9.93178	0
-24.7894	7.33578	0
-15.1833	-21.0196	0
9.55238	-23.2349	0
23.4874	-8.09056	0
4.54395	23.9604	0
9.86265	22.1911	0
24.9327	1.02964	0
-23.9709	9.20728	0
25.2229	-3.48692	0
-3.77116	24.4698	0
15.6183	20.6423	0
17.1143	-17.4487	0
7.87611	23.591	0
-4.56418	25.5249	0
-20.9805	14.9335	0
21.6526	-13.8227	0
-23.6372	4.25029	0
-24.574	-7.32039	0
-13.4983	20.8043	0
-24.5597	-3.48387	0
23.2806	6.16328	0
-14.4594	20.5265	0
8.09864	23.5874	0
-23.5585	-10.6156	0
-1.81578	25.8673	0
24.0292	3.21448	0
16.6579	-19.7764	0
15.694	-18.4863	0
-21.5589	-11.7928	0
-20.893	15.4484	0
3.55011	25.1427	0
22.3841	11.5661	0
17.3702	-18.7836	0
24.6086	-7.01408	0
12.863	-21.2039	0
-19.6491	-15.2077	0
3.46236	24.026	0
1.96277	23.9744	0
-1.85627	24.9095	0
-12.4855	-21.1793	0
-1.69613	24.9685	0
24.4964	-7.56014	0
9.6642	23.8113	0
18.3085	15.6682	0
-6.69731	23.1718	0
9.12271	-22.7575	0
18.9116	-17.2446	0
17.4599	-18.2341	0
17.5832	18.7328	0
12.2124	-20.8223	0
-19.1341	17.0276	0
20.7185	-12.7244	0
-19.6242	-16.6107	0
16.9912	17.2556	0
-11.2484	23.1158	0
17.4318	16.7567	0
-9.91614	22.6567	0
-24.3401	8.65261	0
21.8801	-13.2997	0
24.7358	1.69629	0
18.3608	16.0903	0
-22.3166	9.56668	0
-15.5783	20.1967	0
-23.5519	-9.62328	0
20.4363	14.2525	0
22.554	11.3455	0
12.9992	-22.1293	0
24.1517	3.12333	0
25.2012	-4.87625	0
10.1015	23.8892	0
-24.3071	-2.02612	0
18.6733	15.099	0
25.9799	-0.78092	0
17.7599	-16.6771	0
-22.8825	11.4153	0
14.9525	-20.2046	0
22.6825	-12.4486	0
20.6896	15.3589	0
-9.40383	23.8677	0
3.21336	25.5112	0
-20.8207	-12.7768	0
20.8118	14.3476	0
19.6272	-14.175	0
-24.1207	4.01434	0
1.37368	24.627	0
21.2669	-12.7607	0
21.2844	13.5924	0
13.8991	-21.0976	0
-23.5998	-5.36868	0
-24.4043	-0.881361	0
-8.77247	-22.4187	0
-25.2011	-4.40941	0
-23.6784	-7.69164	0
25.9049	-2.19091	0
-8.64659	-23.6811	0
19.6778	-16.5282	0
20.7517	-13.6304	0
23.1528	7.24732	0
25.4118	-4.96489	0
-15.679	-19.9747	0
19.2267	14.8621	0
-9.39513	-23.6242	0
25.8849	-2.40604	0
16.9122	-17.6012	0
18.6897	-15.6294	0
18.2165	18.3294	0
23.8916	-5.72261	0
24.0893	7.70936	0
-25.4577	1.90817	0
8.02705	24.6474	0
23.9045	-3.13699	0
24.4416	5.68314	0
4.23046	24.4939	0
-20.3428	-15.1452	0
20.9779	-14.2875	0
23.0898	-6.75689	0
25.365	-4.39865	0
23.9063	-8.47782	0
-7.93113	24.1149	0
-24.1646	-0.0941243	0
9.50705	22.441	0
23.9243	-4.31434	0
-8.94312	-24.1133	0
13.2897	-21.8242	0
-8.53527	24.0389	0
21.9639	-10.8639	0
-16.2684	-18.8686	0
24.5236	8.39833	0
-23.9965	-6.35185	0
-18.9413	-14.8141	0
-11.6851	22.5196	0
10.6846	22.1783	0
-25.7095	2.50257	0
-21.756	11.3634	0
14.0264	-20.9268	0
-16.4712	19.4391	0
25.2397	1.5151	0
-20.2978	13.5448	0
-14.3231	-20.5405	0
15.3845	20.6601	0
16.1076	19.3477	0
24.919	6.17878	0
10.6703	22.2571	0
-21.9251	-12.6916	0
11.5403	-22.9465	0
23.9403	-1.85663	0
-16.6457	-17.512	0
24.268	0.902112	0
8.79513	23.3772	0
-14.1664	-20.0362	0
12.7017	-20.4829	0
11.7772	-22.6885	0
13.333	-21.4707	0
-17.2556	-19.238	0
-20.7459	13.0518	0
-22.7501	-11.0115	0
-14.2963	-19.7386	0
-16.1963	-18.4759	0
6.51764	24.8054	0
23.7277	-8.51965	0
-1.69624	25.69	0
-10.2415	23.5231	0
17.1816	-17.2583	0
24.7776	-0.151636	0
-18.9487	-16.682	0
17.2374	-18.3456	0
-17.4342	-18.2079	0
-14.84	-19.0456	0
-2.79446	25.6057	0
-13.0578	21.1801	0
21.6227	14.0369	0
20.2062	13.4427	0
17.8814	18.7541	0
-7.77983	24.2656	0
-25.2933	0.266871	0
-14.87	-19.8278	0
-23.4009	-8.05841	0
14.9588	19.2199	0
24.1728	5.94961	0
1.17109	25.374	0
12.8908	20.7604	0
-10.761	-23.0917	0
-19.7137	16.4519	0
21.0758	13.714	0
-15.8121	-20.3868	0
-22.505	9.80692	0
-10.2212	-21.9827	0
-13.4172	-21.4918	0
-24.3049	0.361183	0
10.1592	22.4531	0
16.6705	17.4042	0
24.5562	6.97853	0
12.3407	21.6537	0
2.66983	25.1301	0
-22.2197	-13.1607	0
8.99765	24.0058	0
-4.31819	25.4571	0
-15.141	21.1044	0
16.8231	19.1587	0
-18.1446	-18.038	0
-21.357	13.5719	0
-18.7786	-15.6127	0
-17.4671	17.3385	0
17.5629	16.3783	0
-19.2194	-14.9975	0
17.7545	18.5438	0
22.4848	-11.3212	0
-17.2127	-19.2069	0
-14.3541	-20.653	0
-24.2983	5.89538	0
-23.8877	4.09714	0
22.5982	11.8324	0
-23.5976	7.0447	0
16.2575	-19.6622	0
-19.5659	-15.2421	0
12.3375	-21.228	0
22.2071	10.1194	0
-5.68143	24.3656	0
24.2962	7.58449	0
24.6961	-6.7901	0
9.44483	22.7684	0
12.9719	20.6502	0
25.9333	1.05364	0
-9.6118	22.0296	0
17.5962	16.5584	0
22.8767	9.03224	0
8.94321	22.6456	0
22.3948	-12.4756	0
19.6234	-14.0197	0
-17.4828	18.9833	0
-19.638	14.6817	0
-24.4975	-6.96473	0
19.433	-14.1184	0
-18.2793	-17.336	0
8.74773	-22.6363	0
25.5245	4.25468	0
-24.1936	-5.02893	0
24.341	8.61893	0
22.4453	12.3583	0
1.72824	24.1372	0
-25.2681	1.49793	0
21.9341	-13.5416	0
25.8424	2.82953	0
25.4086	5.22109	0
-11.857	22.4685	0
-11.9431	22.4044	0
-21.2416	-12.8663	0
-15.0756	19.6718	0
-18.6943	-17.8635	0
14.9845	19.9683	0
23.3751	9.70257	0
-9.0196	-22.6965	0
-22.6674	9.97975	0
24.4517	-5.60223	0
-23.8689	-5.58968	0
12.3467	-21.0727	0
16.5815	-19.8604	0
-17.8881	18.1104	0
24.4017	5.62859	0
-23.8624	9.54021	0
-3.18597	24.8219	0
24.4654	-6.87966	0
-10.052	-22.9796	0
-19.68	-16.8304	0
11.2546	-21.3008	0
19.7738	-14.7487	0
-18.3497	-17.2003	0
15.754	-18.3893	0
24.365	-5.23949	0
25.3905	3.44665	0
-4.39623	25.6152	0
-2.35019	25.2581	0
21.1788	-14.3609	0
4.96569	25.4757	0
23.4085	-8.09061	0
13.5175	-20.9594	0
-15.3538	-20.3604	0
-4.30681	24.6658	0
22.7726	11.0726	0
-6.60439	23.6761	0
-21.7402	-13.1161	0
-22.7479	12.1427	0
9.03339	24.0312	0
14.4211	-21.5977	0
-17.8041	-16.9719	0
15.766	-19.7642	0
-15.2233	-19.0337	0
21.9286	10.9728	0
24.5437	-5.29732	0
-12.605	-20.9762	0
-24.5507	-6.82848	0
23.648	-6.27453	0
15.0354	-20.0343	0
-9.65681	22.0405	0
-18.8467	-17.2113	0
22.8857	-9.32373	0
-19.9447	14.977	0
20.509	-13.3471	0
2.99039	25.7249	0
10.2587	-21.9194	0
-17.483	17.8792	0
-23.1857	-10.0862	0
-14.5407	19.7769	0
-18.4357	15.4525	0
-13.8706	20.3471	0
-9.56947	-23.0173	0
13.802	21.6081	0
-20.0492	15.6035	0
11.6928	-22.0808	0
11.1389	-22.2457	0
10.7314	21.9555	0
8.62352	-22.5899	0
17.747	16.6805	0
19.0497	16.1348	0
-25.4508	-0.0298793	0
-12.6326	-21.7319	0
-14.706	20.6409	0
13.4712	-21.6544	0
21.0079	12.8678	0
-21.7923	-10.9801	0
13.3209	-20.468	0
-13.9131	21.3977	0
-23.7358	9.53388	0
-17.3611	-17.282	0
17.7637	17.0461	0
8.11988	24.4884	0
14.4598	-21.085	0
-9.79572	22.7543	0
-5.70978	24.2426	0
-24.6479	-2.39588	0
-24.2515	-8.28334	0
24.9178	-0.350724	0
9.45922	22.6823	0
-10.3865	23.07	0
-25.1565	1.27006	0
17.8539	18.6255	0
24.81	-3.09418	0
10.2851	-22.4175	0
23.8951	9.80841	0
-15.223	-19.2175	0
0.69451	24.0112	0
7.53298	23.4214	0
-11.9538	21.5699	0
25.6183	1.58143	0
-2.2762	24.2574	0
22.561	8.22721	0
23.0149	-9.84069	0
17.6771	-18.296	0
-19.3318	14.5268	0
-24.2153	0.207073	0
-22.885	-8.58559	0
-24.1725	3.07016	0
21.5296	11.9935	0
-22.7655	7.96308	0
-15.5328	-19.6873	0
-25.4958	4.25773	0
-24.7308	-3.72825	0
-19.0329	-14.8663	0
21.9409	10.4869	0
8.87046	-22.3042	0
-25.0145	0.0361326	0
21.7745	-10.9002	0
9.6659	23.7999	0
-22.6695	-8.07214	0
25.3357	-0.24781	0
18.9067	-15.2102	0
-15.5686	19.3385	0
24.6133	-4.95223	0
23.4085	10.3889	0
-25.6478	0.310139	0
-20.2271	-16.155	0
1.74201	25.2651	0
-16.9944	17.6033	0
15.8374	-18.1821	0
-12.7218	21.8429	0
-23.1436	7.49695	0
-22.1	12.4283	0
-11.7931	-22.688	0
17.8739	16.5509	0
-7.13506	23.6346	0
24.1457	8.82312	0
24.1315	2.75345	0
-2.16505	25.2429	0
-13.4448	21.4783	0
17.0457	17.9596	0
11.2781	21.2594	0
1.71385	24.6851	0
9.35417	22.1898	0
20.6593	13.9823	0
20.9545	-13.3284	0
14.2993	21.0312	0
-14.9171	21.2798	0
19.2917	17.2714	0
-13.8904	19.8949	0
-11.1771	-22.6973	0
-3.0016	24.1552	0
-17.023	19.0735	0
22.6875	10.0523	0
22.6072	11.9162	0
18.5511	-15.2999	0
9.40282	-23.9239	0
24.1779	6.51812	0
-18.9867	-15.2815	0
-23.1868	-7.20524	0
2.10791	23.9484	0
-24.6469	-2.87153	0
10.81	-21.8867	0
-15.0439	-20.1658	0
4.7196	24.9159	0
-19.3511	14.9206	0
-2.42899	24.8443	0
-22.3105	-10.0737	0
17.8965	-16.9539	0
-20.465	14.8496	0
-22.457	-10.0008	0
24.576	5.8405	0
-24.351	6.76308	0
25.717	-2.23526	0
2.73579	25.0936	0
16.4855	-20.0534	0
-23.7874	6.6255	0
1.58932	25.3597	0
14.2097	21.4962	0
-9.90866	-21.8744	0
-22.5908	-9.04037	0
4.08795	25.1649	0
-16.5838	18.6684	0
20.432	-12.8775	0
-16.0897	-18.4161	0
-22.2178	-11.1338	0
-11.1438	21.3317	0
-22.4578	-11.0108	0
7.24853	24.0597	0
22.2498	12.5809	0
22.9979	9.46178	0
-15.1427	-20.4305	0
-19.2079	15.1546	0
24.8455	5.52107	0
-6.08526	25.0494	0
20.8064	13.9367	0
-22.4653	-8.62273	0
-12.8748	22.2336	0
3.32077	25.3086	0
-16.7209	-17.4207	0
10.502	-22.0368	0
20.1165	15.0021	0
24.3301	-6.07984	0
-16.4154	-18.8256	0
23.1829	6.56893	0
10.0104	-22.8315	0
-23.9472	-7.6095	0
10.5244	-22.7993	0
24.2148	-1.89535	0
12.7691	21.2108	0
-18.7833	16.6158	0
-19.2457	14.379	0
24.9398	-3.12627	0
18.8858	14.9987	0
21.1552	13.0077	0
-24.3708	-4.75364	0
21.1751	-14.6023	0
13.3829	21.2063	0
2.6326	25.6586	0
-5.77701	25.2553	0
-12.8924	-21.2673	0
-24.3454	4.99347	0
-3.42931	24.6423	0
-24.0094	-3.94039	0
2.36999	24.4609	0
23.721	7.69876	0
23.9545	-6.68637	0
14.5432	-21.4788	0
-24.5052	6.68301	0
17.2048	-19.1614	0
-17.2726	19.0395	0
23.3879	-10.906	0
-21.4071	12.6693	0
8.43932	-22.5375	0
-11.0131	-21.4164	0
-9.9995	23.048	0
-11.2028	-23.189	0
24.5637	5.80696	0
-11.1208	22.7559	0
1.03295	24.7648	0
18.2824	-18.2294	0
-24.4631	-0.646222	0
-24.76	5.6577	0
23.6493	-10.0548	0
-24.7105	-5.87365	0
21.461	-14.257	0
-21.7872	10.8275	0
-20.2957	15.7891	0
-7.25267	23.2414	0
-18.7938	17.5497	0
23.9941	4.90129	0
-21.5991	-13.7117	0
-15.7874	-20.5347	0
9.77204	22.6721	0
12.1954	-22.6699	0
24.6486	-5.86656	0
-10.2264	23.5339	0
7.58107	23.1728	0
-13.5978	19.9921	0
-10.9227	22.7691	0
24.1384	6.33192	0
12.6719	-22.0805	0
22.9888	-8.42747	0
-4.31071	24.3045	0
-19.0497	15.7161	0
16.629	-18.8566	0
25.4185	0.821448	0
23.7646	-5.15599	0
23.9621	-5.49146	0
9.015	-23.587	0
-23.5525	8.1241	0
22.6822	-9.34484	0
-21.8394	10.0715	0
23.1406	-6.50715	0
11.3841	-21.6002	0
-17.2542	-18.2016	0
-15.1491	-19.1375	0
10.8066	21.7395	0
1.77284	24.5045	0
-11.9572	-22.9322	0
-24.5518	-1.88779	0
-24.2647	-9.02024	0
-18.2485	17.8145	0
12.1008	21.1734	0
-4.48209	23.9452	0
21.8021	10.6558	0
-25.0409	-1.97678	0
22.3836	9.94883	0
-16.2439	-19.7484	0
-19.0016	15.6306	0
-23.1011	-9.38663	0
24.2301	-3.75288	0
-24.5422	3.55792	0
-16.7439	-18.7494	0
25.4404	1.24162	0
-22.4246	11.9841	0
-12.1437	-22.0	0
-8.4585	-22.4981	0
-6.92431	23.3373	0
21.1289	-14.1278	0
24.6717	-7.42734	0
23.4936	-10.0891	0
-18.4544	-17.7187	0
18.8841	-16.6336	0
24.5772	6.19273	0
-25.258	-5.93153	0
-5.74688	24.1822	0
-24.5576	-8.23355	0
-24.71	-6.48307	0
16.2425	18.8915	0
-14.5931	20.8106	0
24.4659	0.0375725	0
-21.7315	12.6393	0
25.366	-5.58661	0
-24.2526	-8.5722	0
24.3104	4.97381	0
-17.547	-18.9532	0
-21.6882	-13.7098	0
24.1085	5.05476	0
-19.5061	-15.2905	0
-19.4038	15.2	0
24.4918	7.90757	0
0.679446	24.7433	0
-5.85486	24.0729	0
24.8285	-2.93138	0
-11.712	-22.8463	0
14.4611	-19.1864	0
-15.4657	-19.6589	0
25.0387	-1.85914	0
-0.888757	24.5386	0
-13.5614	21.6004	0
-24.4694	-3.21432	0
-23.0371	-7.59058	0
20.1807	-13.3963	0
18.7039	-16.6232	0
24.6217	-1.61469	0
-22.2461	-13.1152	0
-25.9854	-0.290025	0
24.0845	-3.03629	0
11.6163	-21.6165	0
23.6774	-8.29573	0
14.9922	20.4043	0
13.787	-21.1108	0
7.92019	23.275	0
-9.00182	23.4027	0
-11.4942	21.6372	0
-24.5824	-3.80208	0
-12.7223	-22.6273	0
13.9487	-19.8944	0
-24.5333	-1.91786	0
-7.74585	24.6345	0
25.537	-1.91282	0
17.5864	18.8523	0
-16.0769	19.9889	0
16.6395	18.0414	0
-21.8882	9.94848	0
-24.7183	5.29996	0
-18.2829	-16.619	0
-25.7279	3.24857	0
-10.9597	-23.2018	0
23.0347	7.76498	0
18.6756	15.1834	0
-21.8099	-13.5596	0
-23.2399	-6.26903	0
-20.1483	-13.3881	0
11.2066	-21.4318	0
-7.99599	23.6929	0
5.18935	25.388	0
21.4795	-12.2354	0
14.3888	-21.0696	0
-25.1618	5.32933	0
16.4097	-18.981	0
24.0027	-1.1402	0
-1.47476	25.0281	0
-22.3304	-9.25646	0
24.1803	-9.50029	0
-18.8015	17.4145	0
-12.5654	-22.266	0
-23.5105	4.92013	0
-25.2403	-1.16022	0
-16.6861	-19.7228	0
23.9903	9.88561	0
-9.04106	-24.2593	0
-16.8971	19.5763	0
16.3371	18.8382	0
6.0804	23.956	0
-13.6274	-21.4189	0
-13.0284	-20.1584	0
9.83177	22.5809	0
8.20628	23.67	0
-19.5739	17.0175	0
6.69512	23.9583	0
-19.9424	-14.1034	0
-0.922179	25.3239	0
-23.3511	7.89267	0
24.1568	6.45737	0
11.6936	-22.9364	0
-12.0542	21.27	0
-25.5449	-3.93883	0
16.6599	-18.9338	0
24.7863	5.42589	0
-25.0658	-6.49851	0
-14.5461	19.8285	0
18.2533	15.7161	0
-23.7721	6.94953	0
22.9756	7.26088	0
-10.6545	22.6153	0
-9.69913	23.4166	0
14.9082	19.961	0
9.56273	22.1616	0
-13.2528	-21.2779	0
-22.6611	9.65743	0
-20.7916	15.0662	0
25.5004	1.0102	0
-10.915	-21.9472	0
15.3755	19.5984	0
-21.0322	13.076	0
25.8156	1.81353	0
25.2171	5.90793	0
21.9235	-12.1318	0
-21.6848	-12.0698	0
23.4325	8.44509	0
-25.6889	-3.13467	0
-6.4644	24.4923	0
12.4581	-21.2255	0
1.64065	24.2274	0
-24.121	-7.44767	0
15.2269	-20.726	0
-22.011	-9.77275	0
-5.71296	24.6749	0
15.6816	-18.1701	0
-18.126	15.8163	0
-25.0212	2.01647	0
-14.6845	19.3976	0
-0.2642	24.9734	0
-25.4303	-3.65234	0
23.8528	-9.81695	0
-22.8161	-10.397	0
-17.3626	19.0005	0
5.89619	24.1807	0
9.05898	23.387	0
15.4003	-18.53	0
25.0529	1.72611	0
-22.8607	7.9801	0
-22.989	-9.97254	0
11.2188	22.8811	0
21.3117	12.713	0
20.526	13.0938	0
-12.9646	20.652	0
-23.9318	4.85955	0
-25.087	-3.0544	0
-24.6942	-2.57242	0
8.91856	22.8934	0
-5.18859	23.616	0
25.6885	2.39746	0
-12.7295	22.3907	0
24.8385	3.60155	0
24.504	-0.285446	0
-6.66254	23.06	0
14.685	21.4356	0
12.7116	-22.6173	0
-17.1394	-18.0276	0
-24.9589	2.76774	0
24.6526	-7.17636	0
-24.6964	0.447244	0
0.0741335	24.2311	0
23.4971	6.47357	0
-18.9449	17.6865	0
-2.69361	25.0486	0
-9.04466	-23.5788	0
23.7955	-7.41219	0
12.9905	-20.6356	0
-15.3788	-20.4083	0
24.1563	9.23706	0
11.7705	21.0459	0
15.7824	-19.9625	0
-15.6993	-19.2179	0
8.15784	23.8747	0
-24.3614	-4.10309	0
-22.722	-7.79712	0
-24.34	0.835458	0
-12.2449	-22.6272	0
14.1785	-21.0889	0
20.851	12.2902	0
11.3009	23.3701	0
25.2342	-0.745817	0
22.3837	-13.1171	0
17.1486	-17.3356	0
15.7497	18.2097	0
20.3212	13.7121	0
-2.80206	24.075	0
-15.5911	19.7324	0
25.2398	2.547	0
-12.0728	22.0015	0
1.05397	24.3184	0
-8.816	-23.9294	0
20.6063	-13.9052	0
7.56903	24.3756	0
-24.6842	-3.98536	0
24.1737	-5.64747	0
21.6297	12.4304	0
24.0383	5.87438	0
-25.1555	5.0268	0
-24.3691	-1.91395	0
-13.3434	20.4711	0
8.67824	23.5311	0
-2.96914	24.4306	0
0.0598299	24.6221	0
-22.054	11.2617	0
22.6219	-11.2638	0
24.5028	-6.2003	0
-25.5534	-4.12607	0
15.3255	-18.5982	0
4.08081	24.046	0
10.9888	21.6859	0
24.0	7.18875	0
24.0694	-3.8717	0
-23.5821	-5.34743	0
-23.2702	10.3541	0
23.7661	5.95237	0
-21.6446	-12.3228	0
24.0408	3.17611	0
22.6248	-12.5069	0
-16.19	20.2025	0
-10.4131	22.4521	0
15.5856	20.7066	0
-20.7853	14.2746	0
23.3725	-10.4949	0
-11.596	-22.0082	0
23.2437	-9.43183	0
19.5067	16.8381	0
-25.0784	0.493052	0
21.9648	-12.5399	0
21.511	-12.0767	0
-25.5104	2.20824	0
-24.9138	-7.38405	0
-25.263	-4.42478	0
13.9141	21.2825	0
22.4615	-10.6197	0
-20.6744	-15.5559	0
9.50842	-23.3969	0
-6.00905	23.6189	0
-2.50989	24.589	0
-25.1524	3.76055	0
25.6199	-0.965878	0
12.466	-22.0228	0
-21.6611	12.8036	0
14.4076	-21.5286	0
6.74181	24.6319	0
22.2156	-13.276	0
19.8804	16.4196	0
-10.1328	-22.455	0
2.52426	24.0365	0
-22.6616	-12.551	0
-12.8775	-21.9618	0
16.6434	-19.1388	0
-12.5423	-20.5252	0
-12.1094	-22.6394	0
0.0359431	24.0381	0
-19.8975	13.5219	0
-16.2754	-18.2912	0
-16.0944	18.6983	0
20.9257	-13.8785	0
24.2759	-8.5016	0
14.4538	20.3827	0
18.138	-17.3134	0
-24.7194	-4.47986	0
-18.7472	17.3501	0
16.2656	-20.0911	0
1.00555	25.8823	0
-25.0322	6.74961	0
-0.614857	25.6889	0
9.07878	22.9266	0
13.8628	-21.7267	0
24.2835	7.81863	0
-15.6688	19.9558	0
21.3459	11.9831	0
-4.84858	23.5867	0
19.6496	-14.6197	0
2.28909	25.6969	0
18.7418	15.2057	0
-24.9862	-5.13199	0
-23.1974	-11.0285	0
-22.8439	8.1651	0
9.6507	23.0596	0
-24.1365	-1.08684	0
-10.3571	-23.1536	0
25.0538	-0.0435607	0
-8.88708	-23.5278	0
-18.0666	-18.5222	0
25.5613	3.23944	0
20.6613	-13.1167	0
24.6623	-0.531901	0
-24.7205	7.79024	0
24.5828	-2.05167	0
20.9755	14.04	0
24.7341	-1.64102	0
-10.9027	22.2905	0
9.22644	23.0111	0
-10.1617	23.2774	0
18.1812	16.5426	0
18.2487	-17.4334	0
18.3936	17.2196	0
19.4923	-17.1476	0
-21.6379	14.3905	0
-23.2825	-10.8418	0
10.4257	-21.6509	0
-22.1278	-12.9709	0
-23.1985	-8.61761	0
-20.4074	-15.8596	0
-25.3026	0.618957	0
-0.452888	25.22	0
-24.7339	4.68565	0
-16.8797	17.4903	0
-23.0714	-10.6149	0
-15.2357	20.9848	0
7.27692	23.1472	0
-23.2409	-10.1993	0
-5.10962	24.5606	0
-16.0274	-19.6159	0
-16.8481	17.1681	0
-16.6179	17.9986	0
22.9473	-10.4949	0
24.7731	-3.86919	0
21.9276	12.2582	0
-25.9506	-1.42832	0
19.6872	-15.1674	0
25.0567	3.28496	0
22.6793	-12.3926	0
22.3962	11.1448	0
17.5104	16.5607	0
-8.41052	23.8072	0
-25.2768	2.07514	0
24.6358	-1.22366	0
-16.7957	-17.7419	0
11.1736	22.5244	0
-13.5871	20.9285	0
-24.4075	-7.85098	0
9.86699	23.9569	0
23.4822	10.6606	0
20.351	-13.3551	0
10.2754	-23.4465	0
-24.3468	-8.29004	0
17.5977	-18.427	0
-18.5956	18.0362	0
-23.7933	7.47161	0
-9.42626	23.0367	0
-2.02767	24.4512	0
-23.8619	-6.8815	0
12.9757	20.4236	0
24.748	-6.44955	0
-17.9785	18.3395	0
23.8159	10.0664	0
-21.062	12.5162	0
15.3286	-20.4458	0
-14.358	21.4092	0
23.7085	-10.4261	0
15.0283	20.2726	0
4.89331	24.3089	0
-23.8144	3.11088	0
-20.4436	16.021	0
-12.9786	-21.1493	0
-22.1682	-12.2115	0
13.1695	-20.7579	0
-23.0989	11.33	0
-23.5918	9.54296	0
-18.0606	-18.4499	0
18.6527	-15.2644	0
19.9096	14.6943	0
-25.3118	1.65964	0
8.37086	22.8456	0
9.18365	-23.3767	0
-24.0911	-1.33209	0
18.877	-16.4666	0
-16.7623	17.4295	0
23.2627	6.74182	0
19.2455	15.9684	0
5.7956	25.1039	0
20.0574	15.4556	0
-23.737	-5.42576	0
18.304	17.2137	0
22.9919	-9.85289	0
-5.21769	24.5178	0
23.4731	10.6991	0
9.42789	22.5066	0
7.40612	24.4082	0
23.5078	5.38293	0
-12.3887	21.285	0
-24.8746	-2.01843	0
1.10675	25.7029	0
21.3291	-12.6703	0
23.4325	8.02892	0
-18.8096	-15.5143	0
20.8976	14.4829	0
-24.8286	0.34493	0
24.104	2.31809	0
22.8667	-8.92036	0
-9.49708	-23.4216	0
24.6175	-0.460544	0
-7.1243	23.6577	0
19.1845	-15.5554	0
-24.0459	2.604	0
2.57045	25.1475	0
-19.3746	14.5794	0
-22.9389	11.8397	0
23.5602	8.67424	0
-19.6486	-15.1685	0
-22.2701	-12.1798	0
-16.5898	18.7081	0
21.1292	-12.1411	0
-24.3542	6.75363	0
24.2114	3.87504	0
18.9793	-14.9911	0
-11.707	21.9758	0
0.713742	25.5874	0
-16.1711	19.2394	0
-17.723	-18.232	0
-24.6209	4.44495	0
14.7533	19.2629	0
-0.800542	24.6539	0
-23.51	-8.21713	0
-23.2428	-10.0375	0
11.8646	22.2157	0
24.2634	-0.55496	0
24.6492	5.30773	0
-24.3168	4.08181	0
23.5323	7.78432	0
9.32674	23.1117	0
-19.8821	16.1086	0
24.3649	-6.36034	0
17.7389	18.9293	0
16.2778	-17.7261	0
22.0181	-9.6326	0
21.4432	-12.0257	0
-1.47688	24.452	0
8.92398	22.472	0
25.2123	0.925967	0
19.9984	14.2448	0
-8.75308	23.249	0
-22.2022	10.5707	0
-19.9789	-16.5104	0
-20.321	-14.5032	0
24.0324	7.5218	0
-19.0698	-14.8574	0
22.2385	-10.0736	0
25.1843	-6.19231	0
-10.1905	23.2664	0
-6.356	24.3211	0
-20.1292	14.3112	0
11.5974	23.1197	0
25.8661	1.04459	0
8.19079	23.2645	0
-24.5126	1.50013	0
-18.045	-16.5015	0
15.339	18.5565	0
-17.2692	-17.8455	0
-11.4564	23.29	0
19.821	-13.5987	0
-18.5938	-17.6067	0
1.29129	25.7519	0
23.747	-10.075	0
-15.1517	19.1876	0
23.2307	-6.96076	0
21.8992	-9.95225	0
7.95049	24.3546	0
-10.936	-22.7838	0
20.6426	-15.2569	0
25.8006	-3.11093	0
-16.0825	-18.0756	0
21.8602	12.9755	0
9.81244	24.0212	0
10.3331	-21.7057	0
-11.7301	21.6176	0
-24.9383	2.69132	0
-24.4081	6.80986	0
21.2247	-14.7922	0
-22.5939	9.61484	0
-23.6003	4.94739	0
-14.3977	-19.5363	0
-16.7163	19.502	0
-23.0732	-8.91469	0
-10.2933	-22.1356	0
-23.906	4.28622	0
10.8178	-23.3095	0
19.551	-15.4367	0
-9.5354	23.4283	0
-25.2085	3.88072	0
-23.6938	-6.26164	0
12.1861	-20.8822	0
-14.6494	-19.5096	0
-17.3752	-17.6377	0
-24.8667	-3.6057	0
-12.9053	20.7574	0
-11.6459	-21.2974	0
-17.5597	-17.8117	0
-1.30362	25.2418	0
-4.5803	25.3314	0
-18.9156	-17.8204	0
-24.5561	-7.3927	0
24.7919	-7.81391	0
-6.8079	24.2577	0
-15.5083	19.3062	0
19.0281	-14.7173	0
-18.6044	-17.4663	0
12.9983	21.3169	0
-6.77305	24.1709	0
-24.3842	8.17396	0
24.7051	4.21191	0
-24.7287	-0.682041	0
-7.36551	23.3024	0
23.8281	10.1011	0
7.94823	23.1485	0
-20.7576	-15.4438	0
-13.288	20.5955	0
-14.4733	-20.1114	0
19.5491	-15.526	0
-23.4135	11.0205	0
-9.10299	-22.8181	0
11.335	22.9164	0
-11.3243	-23.3463	0
23.3763	-11.3563	0
24.088	-8.70098	0
-18.0072	16.8236	0
10.8268	-22.2965	0
4.05106	23.9941	0
-16.4931	-19.8567	0
-14.4606	-20.734	0
-24.8803	6.12432	0
21.3798	-13.3968	0
24.6818	1.54577	0
23.9036	8.80075	0
23.0021	7.04782	0
-0.650581	24.4005	0
-6.47247	24.6794	0
-0.400071	24.5196	0
25.2004	1.48716	0
23.6779	-4.03373	0
18.4024	-18.2291	0
22.3065	11.6418	0
24.1861	-9.20925	0
-23.4072	-9.98888	0
17.0425	-19.2608	0
-24.5681	-6.99299	0
-25.0651	6.7943	0
4.9746	24.2256	0
21.9402	-13.4708	0
4.31523	24.1663	0
23.7383	-5.00682	0
15.2239	-19.379	0
24.3318	-0.331624	0
-14.7015	-20.0515	0
4.98732	24.4271	0
-9.19606	-23.4672	0
-17.3053	18.5096	0
-8.34607	22.7752	0
21.0086	-13.4583	0
-0.202223	24.6577	0
11.7899	22.1065	0
-17.5125	17.1848	0
-24.8279	5.72773	0
23.7857	-7.86052	0
-4.98879	25.045	0
16.8708	19.6141	0
20.1499	-14.1231	0
24.7397	2.1338	0
-25.054	2.4997	0
-24.4491	-5.7534	0
-22.9509	7.39579	0
-12.0125	-22.0829	0
-23.2193	-10.2868	0
13.5937	21.2581	0
-17.0978	19.5628	0
6.807	24.406	0
-10.7154	-22.9562	0
-18.5787	17.5857	0
24.0015	0.59823	0
8.42097	-22.6711	0
-6.57164	23.3837	0
24.7996	-1.19608	0
6.1144	23.8129	0
6.44759	24.3718	0
-19.0102	-16.823	0
-0.878941	25.9491	0
18.6427	15.2516	0
24.5799	6.76608	0
21.8426	-10.4482	0
-13.4499	-20.4803	0
-12.9777	-22.528	0
23.7995	-5.67652	0
-2.68273	25.1662	0
-20.0266	14.0681	0
9.95461	-23.3957	0
24.7242	6.61055	0
17.6786	-16.7558	0
21.0304	-13.7607	0
22.6565	11.7138	0
9.75348	-22.2117	0
21.023	-12.6477	0
20.2641	-16.1095	0
-4.86864	25.0303	0
6.77791	24.5793	0
-24.4947	2.24696	0
-18.5425	-17.0445	0
11.1753	22.9609	0
-20.6505	14.748	0
25.8054	-2.57391	0
22.4524	-9.91186	0
12.6789	-22.3974	0
-23.131	9.62192	0
20.9842	12.0721	0
-13.8432	20.9261	0
12.4687	21.9507	0
-20.3175	13.6316	0
-18.6149	15.264	0
-15.5141	19.9728	0
22.1215	11.9584	0
-7.45455	23.3275	0
24.6758	7.73187	0
-22.3585	12.9506	0
-25.1043	-1.05245	0
-21.8218	-10.9521	0
24.3801	-3.75465	0
-25.3358	3.02181	0
11.959	22.4764	0
-8.46639	23.6435	0
-5.09049	23.9478	0
10.2027	23.8063	0
-23.0629	9.38151	0
20.4214	12.8371	0
18.9948	-16.5887	0
15.8302	-18.3373	0
25.507	0.607972	0
17.8002	-17.6735	0
-19.9659	16.643	0
-17.6584	-16.3065	0
18.8635	-16.0574	0
20.9806	-15.3404	0
24.074	-4.49569	0
19.8938	-13.7264	0
21.8577	-13.3853	0
15.3274	-20.4524	0
-20.447	13.6786	0
7.03031	23.3104	0
24.4188	6.27896	0
14.8506	-18.9134	0
-12.3269	21.4367	0
-24.3471	-3.21033	0
-25.242	-1.33773	0
9.84373	-23.5091	0
-24.6908	-8.09798	0
-4.37568	23.6316	0
22.9501	-11.4898	0
24.8682	-3.84452	0
-21.3024	-14.6106	0
-23.9279	-7.43068	0
-9.08727	24.3277	0
23.7013	-6.02825	0
-16.6784	19.3002	0
-9.66655	-23.5012	0
-9.31704	-22.5325	0
-2.08109	24.3553	0
-23.6321	5.55792	0
-25.3789	-4.60828	0
-17.9144	17.9539	0
-19.5737	-14.0875	0
12.8795	21.2207	0
-2.04704	24.3139	0
-23.7053	-6.69036	0
-24.2668	2.83758	0
9.03776	22.3526	0
-23.2107	-10.4107	0
-25.0187	1.20068	0
-13.3113	21.4884	0
0.75156	24.8591	0
13.9673	-20.2104	0
24.2992	-5.95791	0
11.1713	-23.3065	0
17.2898	19.0362	0
-0.171783	25.624	0
-22.8861	9.33108	0
19.5497	-16.1982	0
-11.6053	21.2292	0
15.9192	-18.0096	0
13.6949	21.9501	0
11.1142	-21.7742	0
-24.6209	6.48589	0
17.2258	17.2348	0
-24.5629	2.68329	0
10.2686	22.993	0
-18.6771	-18.0645	0
9.56547	-23.5844	0
-23.1722	11.4616	0
-4.01908	24.4502	0
11.9003	21.6653	0
24.0398	0.775222	0
14.659	-20.4221	0
-18.2151	-16.5264	0
25.535	-3.05879	0
22.6262	-11.8107	0
21.9377	-12.7983	0
8.11571	23.6206	0
6.07172	23.6456	0
19.7549	-16.7697	0
-1.11306	24.4783	0
19.0523	-16.0635	0
-25.5366	4.57786	0
20.5201	-13.8254	0
-10.5852	-22.4726	0
-24.4964	8.32477	0
-8.732	22.5521	0
18.3944	-17.4988	0
11.734	-22.343	0
25.4286	5.21031	0
22.6621	12.2868	0
-17.2717	-18.8865	0
-25.6243	1.90134	0
-16.3007	-17.9834	0
-24.547	5.94996	0
24.5996	0.593353	0
-23.3416	-8.99494	0
-24.2372	-8.1339	0
-23.5748	6.13522	0
-22.787	-8.88968	0
14.3889	21.6375	0
-14.1147	-20.8018	0
18.2671	-17.4705	0
22.3377	-11.293	0
19.5498	-14.3908	0
23.4825	-10.1992	0
16.8352	17.828	0
22.0051	12.0563	0
-8.9623	-23.2822	0
-24.176	-2.64809	0
-24.5827	4.23707	0
9.10836	22.5716	0
-9.61073	-22.5029	0
11.489	-21.5459	0
-23.2855	-9.16264	0
-24.8059	4.28138	0
12.5067	22.2738	0
18.307	15.928	0
-25.6103	-0.845873	0
-22.7505	10.924	0
16.9309	-18.7432	0
10.8126	-23.541	0
-17.958	-16.8131	0
-8.39928	23.4943	0
16.3038	-19.0428	0
-22.7657	11.2479	0
21.1827	-12.1296	0
-2.11613	25.5427	0
25.5321	-4.10024	0
-19.3613	-14.8824	0
24.1627	-0.953083	0
18.4167	17.0418	0
24.8508	5.44377	0
-20.5008	-14.9009	0
11.4084	-23.1103	0
11.1178	-21.5763	0
-19.5732	14.7801	0
-25.6186	-4.04817	0
23.2792	-10.429	0
-20.7489	12.4306	0
-24.8825	-1.33369	0
-20.5079	14.4463	0
-24.4575	8.29094	0
-25.6901	-2.24827	0
7.19587	24.4084	0
12.7165	22.4353	0
21.7157	-10.6449	0
-24.455	-1.74182	0
-22.022	11.3084	0
-7.11622	23.9102	0
-23.9044	9.99401	0
-10.8084	23.1739	0
23.8498	4.85614	0
-0.582836	25.7845	0
17.9822	16.0335	0
-23.1293	10.5884	0
13.274	21.7814	0
-14.2062	-19.58	0
4.97271	23.5301	0
-15.0431	-20.1642	0
23.8669	-5.22739	0
20.4381	13.1844	0
-2.43399	24.8062	0
14.3658	-21.5369	0
22.8756	11.2837	0
-9.81369	22.2843	0
-18.3048	16.9907	0
-19.6616	14.3675	0
7.17244	24.6323	0
-15.6482	19.8686	0
24.1121	8.63323	0
-22.3198	12.4024	0
8.63071	23.7535	0
-22.6834	11.1867	0
-10.7376	21.9874	0
-21.847	11.4847	0
-17.2041	18.4522	0
21.4603	-13.5525	0
-3.29018	24.5024	0
-22.9404	-10.2985	0
-22.4777	-11.4429	0
24.0111	-9.08667	0
-17.4799	-17.5903	0
10.5525	-22.8313	0
-23.2196	-11.663	0
-21.7648	-10.3863	0
13.0611	-21.7967	0
22.1491	11.5063	0
15.955	19.052	0
24.7919	-1.98429	0
-22.4936	-11.5493	0
-3.12751	25.5749	0
-17.51	-18.2181	0
23.8255	8.12626	0
8.54841	23.3151	0
-18.0551	-15.8658	0
14.4265	21.3253	0
-19.201	16.4099	0
-24.4074	0.059504	0
25.7141	3.63655	0
-24.1678	-0.904388	0
22.0078	11.945	0
24.7632	7.71781	0
9.69352	23.355	0
-23.9639	-3.99308	0
-24.8363	-1.70473	0
12.6088	21.375	0
-17.2753	18.8263	0
-20.4677	-15.097	0
22.0762	12.6745	0
13.3729	21.1545	0
10.0856	-23.7864	0
10.1623	-23.5728	0
25.8298	-0.887389	0
9.82071	22.0691	0
20.17	-15.4775	0
8.96588	24.0447	0
-22.796	9.31251	0
-18.2214	-16.8396	0
8.65501	-22.7876	0
-23.635	-10.6935	0
-12.8437	-21.7479	0
23.8439	4.76525	0
17.6984	-16.4048	0
2.42605	25.4971	0
-16.6168	-17.6852	0
23.7821	8.60745	0
-24.274	-6.39532	0
21.5404	11.9563	0
-9.00409	-23.5774	0
-19.1227	15.0304	0
-23.6333	-8.51242	0
22.5011	9.38685	0
4.91924	25.4371	0
-20.8408	-13.124	0
-8.41408	23.1972	0
-17.893	-18.1048	0
-19.4781	-16.4428	0
-17.3786	-17.6373	0
-22.938	-7.99455	0
9.51026	-22.0723	0
13.8517	-20.705	0
19.2385	15.5766	0
-21.1356	-12.1699	0
20.3568	14.6422	0
-23.1107	11.8379	0
-23.2025	-6.2175	0
-6.13413	24.5802	0
-15.4378	-19.0082	0
21.6056	13.5043	0
-7.76742	24.5179	0
8.28654	24.1336	0
24.758	-2.59812	0
-11.3543	-23.315	0
-24.9478	6.07541	0
21.7064	-13.096	0
24.441	2.21902	0
-10.1731	22.786	0
20.152	15.2012	0
12.1599	-22.2421	0
-17.6228	18.1829	0
25.5003	-1.35475	0
-24.0743	-3.57312	0
-17.9517	-16.3433	0
-15.475	-20.0746	0
6.57793	25.1287	0
-20.0965	14.7528	0
-25.2913	2.39411	0
20.6728	13.1346	0
-25.876	1.43487	0
-13.9541	-20.5985	0
23.7829	-8.39651	0
-17.8988	-16.0093	0
-20.2481	13.7239	0
16.3604	-17.7676	0
10.3364	23.713	0
-11.6721	-22.5864	0
17.7238	-18.9632	0
1.18567	24.6106	0
20.9794	-15.1413	0
-8.13426	23.2946	0
-23.1327	-10.6355	0
-21.7432	-13.2776	0
24.1545	7.98186	0
-1.23933	25.7812	0
-8.25741	22.7371	0
21.6031	-11.7108	0
-22.2307	11.4417	0
-24.5405	-4.34645	0
-23.9841	8.0203	0
16.234	-18.7417	0
-24.4387	4.53029	0
3.06401	23.9807	0
23.3438	-7.57825	0
15.4918	19.8072	0
24.8248	-7.09764	0
-17.1195	19.2962	0
-10.212	22.3425	0
-23.7474	-7.44989	0
-17.082	-18.1159	0
18.5146	17.3079	0
17.917	-17.2744	0
-3.1999	25.7177	0
-12.9332	21.7553	0
7.88149	23.903	0
16.4636	-18.3127	0
-11.4166	-23.2989	0
23.208	-10.3495	0
-23.8076	10.1483	0
-20.6228	13.9855	0
-9.09568	22.9979	0
-23.536	-10.7851	0
-18.2627	17.6274	0
24.4352	5.84389	0
-17.9218	18.0545	0
18.7425	16.3673	0
21.6223	-10.6454	0
14.1405	-21.6146	0
-18.7201	-16.8713	0
4.99172	24.1107	0
-2.52632	25.6023	0
22.0514	-12.7927	0
-20.9366	12.5904	0
-22.6488	-11.4627	0
-24.4332	-5.71291	0
-23.1427	-11.8045	0
-25.1509	5.63425	0
20.9486	14.1486	0
0.729316	25.7611	0
-17.684	19.0465	0
6.53576	23.6459	0
-18.9752	-16.8627	0
-23.9756	3.79618	0
23.3898	7.54875	0
-10.1921	22.5025	0
-15.7377	18.6976	0
-3.41332	24.7949	0
-12.4769	21.5945	0
-6.97516	23.3962	0
-15.8861	-20.3237	0
13.0212	21.1561	0
-20.0553	13.8812	0
19.0161	16.4601	0
-17.2529	17.4238	0
22.8864	9.67789	0
6.83711	23.9478	0
24.463	-4.24766	0
-13.9186	19.5568	0
22.6177	8.88235	0
21.2071	-14.5157	0
4.68908	23.9112	0
-0.374817	24.9832	0
25.155	-0.732654	0
24.1659	-3.41752	0
-20.9073	-11.9393	0
16.333	-18.1811	0
-25.1288	2.69978	0
12.968	22.4727	0
-14.6387	-21.3503	0
-17.5024	-18.044	0
-12.6617	-21.8466	0
12.788	-22.5572	0
24.161	7.23009	0
11.4198	-21.4955	0
0.756428	24.2847	0
-25.4459	4.60028	0
-10.3914	-23.2568	0
-9.01651	23.3843	0
-10.551	-22.2695	0
18.1815	16.5556	0
-13.5388	-21.5153	0
-13.2953	20.5764	0
23.0599	-8.59948	0
2.81175	24.0964	0
-24.3439	1.40822	0
1.72488	25.5394	0
-0.837904	24.0625	0
-23.4026	-8.35099	0
19.1797	16.8478	0
23.0284	8.8715	0
-3.4808	25.6813	0
24.3694	4.1986	0
-20.7347	13.1615	0
-23.9163	-5.76922	0
-9.05111	-24.326	0
-17.9128	-17.9548	0
-21.0203	15.1227	0
23.0697	-8.48555	0
23.9515	-5.70029	0
22.8863	7.71607	0
21.7323	12.005	0
17.0997	-18.3655	0
-21.5438	10.7392	0
0.206272	25.816	0
-24.9304	-3.38803	0
-12.2939	20.8478	0
2.79766	25.4948	0
-19.5557	-15.2949	0
-23.3268	8.65481	0
5.13805	23.735	0
12.4467	-21.3328	0
9.0852	-23.834	0
23.5679	10.0674	0
17.0236	19.3167	0
-22.6963	10.8742	0
-6.97034	23.6097	0
11.9407	21.3687	0
-18.583	15.5671	0
-10.4001	-22.0236	0
-17.6948	17.2577	0
-22.7565	9.25343	0
10.7032	-23.4951	0
1.59372	25.577	0
24.0552	-1.99599	0
23.9531	4.54114	0
-24.9349	6.45229	0
-24.1894	4.09126	0
19.9372	14.1656	0
-24.9528	-6.06368	0
23.2533	-11.4311	0
-13.3537	-21.3068	0
21.7137	-11.6537	0
-16.6971	17.4106	0
22.314	-12.6083	0
17.3032	17.0762	0
-25.2516	-0.148719	0
-13.3285	20.0338	0
-21.893	-12.0381	0
-24.0974	-5.65293	0
-21.6233	14.0145	0
14.1076	20.4751	0
-12.0742	22.3995	0
-23.9641	2.05509	0
6.3753	24.3893	0
-24.5225	5.69478	0
23.5923	-6.74365	0
13.2344	21.2775	0
-24.8159	1.48667	0
17.8043	-17.3472	0
11.4034	21.7313	0
-23.2395	-10.8957	0
-25.038	-6.65076	0
-23.8473	-9.09248	0
-25.7009	-1.19241	0
16.8013	19.3704	0
19.0102	-15.6322	0
23.4616	10.3035	0
23.8387	2.85511	0
-1.98478	25.6336	0
-24.2205	2.45499	0
18.4471	-16.2844	0
19.0801	-15.2244	0
22.8312	-10.7062	0
0.086599	25.3526	0
-8.92401	22.6656	0
-17.2918	-17.7872	0
-9.32157	23.1785	0
-15.4401	-20.4544	0
15.7121	18.6098	0
-23.1064	11.4053	0
22.1008	13.4678	0
22.6194	-9.65005	0
10.2851	23.7391	0
-10.3605	-23.1933	0
17.1505	19.3153	0
-10.069	-21.9789	0
-3.70185	24.405	0
-22.3201	-10.0991	0
25.567	-4.08502	0
-25.208	2.85529	0
-24.1062	6.87716	0
-25.8157	1.21209	0
-11.7215	21.905	0
11.0148	-23.4046	0
22.6831	9.53754	0
12.898	20.5682	0
-23.7339	-9.38983	0
18.5966	-17.0891	0
-24.3936	6.42683	0
-11.5125	-23.0006	0
24.2464	-5.57581	0
-25.6147	-0.184255	0
15.5531	20.1958	0
-23.621	7.60959	0
24.3746	2.25031	0
-15.9351	18.4171	0
17.9046	-18.1917	0
-19.5197	14.9473	0
-21.63	12.1351	0
15.1094	20.5458	0
-24.0343	2.34862	0
-10.3733	22.2857	0
-2.04539	25.4761	0
-9.65959	22.7939	0
-13.3879	-20.1612	0
-17.6115	18.6032	0
24.4567	7.38475	0
11.005	-23.1465	0
-2.01057	23.9479	0
-22.8816	-9.52966	0
-20.2055	13.5854	0
-19.882	-13.807	0
23.3095	-9.91939	0
11.9884	21.8686	0
22.6221	11.9573	0
4.3341	24.6085	0
-25.8804	-1.97876	0
24.0144	2.0961	0
-23.9111	-4.37522	0
21.8929	12.6572	0
17.9216	-18.3722	0
16.1905	18.5388	0
23.0807	-11.0684	0
24.587	1.6754	0
-21.4025	11.1588	0
20.609	-15.4109	0
-4.66209	24.094	0
24.4813	1.32686	0
24.3896	5.41889	0
10.0555	-23.9313	0
-24.3549	7.19167	0
-7.44659	23.365	0
8.89527	-24.024	0
-7.02062	23.8518	0
-21.9573	-10.3383	0
18.4429	16.5461	0
-19.738	16.6655	0
7.89568	23.337	0
-23.9525	-10.0062	0
19.6798	16.8192	0
23.5921	4.74323	0
-25.2569	-5.1377	0
-19.2561	-15.0098	0
14.0404	-20.5818	0
13.883	-20.4748	0
16.6302	19.3496	0
-21.3484	13.9484	0
19.36	-14.9723	0
-18.8453	15.6025	0
19.2352	15.4667	0
14.8655	21.1688	0
23.7158	8.48949	0
-23.3685	-8.904	0
9.25669	22.4456	0
18.3331	17.3325	0
-23.8952	7.26933	0
-13.0884	-20.3276	0
-21.298	12.6731	0
-22.558	-11.1824	0
-13.1892	21.1404	0
-23.9975	-5.61973	0
9.17075	24.1494	0
-14.3284	-21.5937	0
12.7853	21.1698	0
18.9455	-15.0326	0
24.2011	-1.1305	0
-18.0214	15.9303	0
21.6975	-10.5271	0
4.59037	25.0585	0
22.8223	-7.49996	0
3.91171	25.4706	0
20.4506	-13.2808	0
24.0938	-6.1921	0
15.4395	-20.4759	0
-0.187877	24.4447	0
-25.7765	-2.46658	0
-19.4931	15.03	0
-13.6339	-20.9927	0
11.8628	23.0472	0
24.0415	7.85778	0
-18.5056	-16.5282	0
-21.94	13.8044	0
-17.1336	-17.5912	0
-16.4283	-18.0689	0
-17.2471	-18.3819	0
-22.4578	12.0776	0
-24.0514	-1.47446	0
-25.6249	-2.2003	0
19.7017	14.6467	0
3.57346	25.1063	0
15.0662	-19.5	0
24.4878	6.47906	0
10.017	23.4735	0
16.6974	-19.3028	0
11.5298	-21.4701	0
-10.2773	-22.2767	0
-22.0126	-10.8988	0
14.492	-21.1433	0
-13.0308	21.9393	0
20.5092	14.5453	0
-14.2943	-19.2908	0
10.0087	-22.3429	0
-15.0686	19.9957	0
4.9704	24.9359	0
-17.2467	-18.2872	0
-18.2304	17.4877	0
-10.1182	23.4905	0
-25.3005	5.17883	0
16.7662	18.0744	0
-11.9739	21.7973	0
-25.3464	1.00511	0
-10.7211	-22.082	0
-12.2799	-21.2754	0
-24.9852	0.604624	0
9.68895	23.4494	0
-13.16	22.0202	0
-0.900807	24.7611	0
-24.3182	-6.11997	0
2.03622	25.6285	0
-13.8885	19.7436	0
22.1239	-11.1626	0
-7.00532	23.8997	0
15.7323	20.4328	0
25.3894	-4.27126	0
25.1412	-0.700066	0
-23.5303	8.43322	0
24.1719	-7.62933	0
-4.263	24.7296	0
20.9762	15.353	0
-24.7804	-6.5703	0
17.2385	-17.8002	0
-15.9955	20.1515	0
-23.0465	-7.34183	0
17.0055	17.5505	0
5.54829	25.3	0
-23.9476	-9.01743	0
-10.8726	22.5886	0
-12.3472	20.8911	0
-24.2789	8.60021	0
24.9396	-3.90205	0
-18.6029	15.9362	0
11.6104	22.9306	0
-19.9868	15.7811	0
-23.7496	4.71475	0
12.4047	-21.4538	0
-19.3228	-16.4539	0
14.4599	19.9612	0
25.5546	-4.59835	0
15.721	20.4269	0
18.9643	-14.8703	0
9.69565	-23.5949	0
-24.3197	-3.4851	0
9.85846	-22.0549	0
23.6149	7.63697	0
5.75869	24.8097	0
15.9319	19.9814	0
16.2937	17.9367	0
-17.497	17.8501	0
-24.2971	2.2967	0
13.9976	19.6848	0
-20.5928	14.5849	0
24.2965	5.40892	0
-17.8735	-16.5869	0
-23.9031	6.23015	0
-14.1703	-20.5836	0
16.1709	20.156	0
-9.54487	-23.0123	0
-17.0097	18.6512	0
-23.3319	-8.98907	0
25.1732	3.44368	0
-22.7894	10.6299	0
-13.6884	21.9013	0
-16.6806	-19.3724	0
-19.9523	16.4065	0
-3.64334	25.4534	0
22.4732	10.1891	0
-19.7765	-16.5905	0
23.5724	7.92784	0
-24.5861	-3.52631	0
24.1892	7.75677	0
-18.8338	16.0106	0
24.85	-4.82155	0
23.031	9.63411	0
-15.3891	-20.9007	0
23.9623	5.30279	0
-25.7274	1.28095	0
-25.4093	1.71522	0
16.909	-17.9233	0
-10.5144	22.3697	0
22.5579	8.55884	0
-6.68479	23.8337	0
18.4573	15.5087	0
-14.4088	-19.475	0
14.0721	-19.9465	0
23.8184	10.2189	0
-17.896	18.6224	0
-24.8549	7.22148	0
11.02	-21.9636	0
14.7433	-20.0377	0
25.8074	-2.94104	0
-14.4328	-21.2081	0
-19.687	-14.9428	0
-18.5415	16.3713	0
-17.6432	19.0557	0
-16.7417	17.9217	0
-11.267	-22.5376	0
-23.4979	8.564	0
20.4589	15.1517	0
-9.82299	22.6977	0
-21.9101	10.9015	0
-23.1106	-6.83292	0
-11.1372	21.8879	0
24.6504	0.468318	0
25.9113	-0.888874	0
18.7682	15.6332	0
-12.6333	20.8344	0
3.911	25.6029	0
-11.5026	-21.5097	0
20.6596	15.3542	0
-13.362	21.1088	0
-18.8996	15.2791	0
-13.4881	-21.6707	0
-11.776	-21.9845	0
24.6011	1.3868	0
20.1834	12.9869	0
23.4183	-5.80504	0
-22.6903	8.31006	0
-24.4628	8.31762	0
0.423715	24.7541	0
-9.22317	22.9029	0
24.0511	1.70752	0
19.0103	-16.4978	0
14.4589	-19.9651	0
19.2113	16.9746	0
20.2932	-14.6854	0
20.5473	15.4004	0
9.45808	-22.4192	0
24.8708	-7.28119	0
-19.5161	16.355	0
-20.7701	-13.05	0
-9.07558	23.1332	0
21.7179	10.7407	0
-23.3556	-9.72072	0
22.7124	10.0865	0
-15.8345	19.925	0
-24.7778	2.97416	0
12.26	22.522	0
-7.48054	23.0876	0
21.7577	10.3809	0
-23.9499	-6.64181	0
21.6741	-11.3701	0
-12.6744	-20.4533	0
16.7165	-18.2036	0
-23.8177	-4.21156	0
11.3552	-22.096	0
23.8843	7.18151	0
-24.2641	-3.75595	0
-22.9768	7.31328	0
24.7521	-7.31728	0
-24.004	7.40782	0
19.0162	16.5409	0
24.4507	-6.80675	0
-23.5976	8.79398	0
-24.1687	1.30305	0
13.0475	21.6992	0
0.391482	24.2413	0
13.1187	21.6387	0
21.8171	13.9499	0
14.897	-20.6987	0
19.6354	-16.0531	0
6.4839	23.7342	0
-24.8283	-5.70288	0
-24.0368	-2.49608	0
19.4821	-16.2573	0
-6.09392	23.9373	0
19.8111	-14.501	0
19.565	-16.8926	0
23.362	-9.01226	0
-11.3864	21.7236	0
-5.36078	24.8278	0
21.7631	13.1952	0
-8.21654	23.2748	0
13.8303	-21.051	0
-22.2887	-9.14813	0
21.2703	-14.8566	0
11.1919	23.3699	0
23.212	-8.50347	0
-10.2407	22.6961	0
-10.75	-21.929	0
-14.1521	21.6264	0
-21.0227	14.9376	0
16.8368	18.6738	0
-20.5923	12.8922	0
-25.4897	3.49689	0
13.9088	-20.5513	0
-23.3031	-9.14273	0
-16.1207	-18.7872	0
-17.9889	16.0903	0
-23.1221	10.8806	0
-17.0356	-19.0744	0
20.1005	14.2711	0
-20.149	13.9349	0
-21.178	11.652	0
-20.0569	15.722	0
23.9577	3.11257	0
-19.1631	16.0961	0
5.0948	25.3787	0
5.44853	23.4887	0
-0.660402	25.618	0
15.0185	19.4399	0
-6.8564	24.3318	0
-22.3926	10.7396	0
11.2425	23.0288	0
14.3684	20.5879	0
20.1659	-16.2366	0
9.61793	22.9259	0
16.7735	-18.3767	0
21.0733	13.2555	0
-16.4737	-18.6729	0
-18.0725	18.3469	0
21.3137	11.7208	0
19.5627	-15.1074	0
-14.5192	-21.0031	0
14.7696	19.4687	0
-16.521	-19.4384	0
-12.2128	20.6918	0
-19.4119	16.7566	0
24.1196	-7.61013	0
21.13	12.5026	0
-23.107	-9.74307	0
-24.6883	-3.15225	0
-1.64335	25.7705	0
9.20691	-22.3742	0
24.6767	-0.330767	0
14.5284	-19.845	0
23.7802	-9.85288	0
6.45083	24.2509	0
-20.1629	14.2066	0
19.9862	-15.4964	0
-18.1452	-17.2178	0
-20.9154	-13.4549	0
-25.766	2.70641	0
-23.6717	7.50198	0
16.9374	-18.6451	0
-24.2387	0.587399	0
25.1316	-6.63416	0
-15.8548	-20.2727	0
-16.674	18.1893	0
19.4696	-14.3676	0
11.0316	-23.4776	0
22.4749	9.64432	0
8.92233	23.6681	0
-11.1965	-23.1158	0
-9.36236	22.8342	0
-15.753	18.3085	0
21.7064	11.7632	0
-17.2131	-17.2127	0
-10.1701	-22.8123	0
-24.312	-5.23853	0
12.77	21.0519	0
6.02605	24.2022	0
-21.1382	11.4106	0
-24.0102	-8.25837	0
6.16027	24.4897	0
25.5618	4.55065	0
24.8284	-4.49905	0
-25.1089	-0.984558	0
17.8929	17.176	0
20.6247	-12.8549	0
15.9879	-18.7018	0
24.7539	-4.83606	0
-25.6542	-3.87798	0
-21.373	-14.1185	0
-17.8711	17.9044	0
22.5827	-9.03788	0
12.7794	-22.232	0
11.2092	21.6525	0
7.94339	24.0208	0
-24.3081	7.77654	0
21.5899	11.6353	0
-18.4146	17.1771	0
-19.0095	-14.9487	0
-1.85172	24.1592	0
21.0469	14.7327	0
-25.0626	-0.160549	0
-24.0804	-3.48164	0
-0.79761	25.4718	0
14.4058	-21.0169	0
17.2346	-18.3777	0
-9.76051	-22.8949	0
-13.2978	21.7977	0
-17.827	16.5293	0
-0.426306	24.3062	0
-24.0631	-5.46746	0
1.69019	24.1148	0
-7.65659	23.9333	0
-24.7928	-2.16364	0
-4.52805	25.0018	0
-11.001	23.0134	0
-24.9848	-0.450268	0
-22.6506	9.78668	0
-21.4702	14.4	0
21.6478	-13.0778	0
1.61983	25.0445	0
18.2899	-17.0073	0
8.64492	22.7609	0
23.6633	8.44937	0
24.4868	-1.28301	0
-15.9237	18.4787	0
-9.41432	23.8107	0
-12.7607	22.6275	0
-9.95427	-22.4718	0
24.3292	-2.2417	0
-17.2806	18.3092	0
22.2465	10.9264	0
19.0647	15.1509	0
-20.0597	13.653	0
-23.8201	-8.16456	0
-11.0126	21.6284	0
-10.7939	23.6111	0
25.1214	1.85009	0
-9.85861	23.2859	0
25.3681	0.379393	0
24.1135	6.85547	0
11.5344	-21.9356	0
24.5973	-5.16845	0
-5.02876	24.7384	0
21.956	-11.9399	0
23.8459	-9.52035	0
20.722	-14.8743	0
-13.6785	20.1121	0
25.5811	-1.98693	0
24.0518	2.8548	0
17.1502	17.3197	0
-16.1336	17.869	0
-2.0159	24.8441	0
13.4176	-21.8449	0
12.7486	-21.8234	0
