7.30119	-0.07756
7.68817	0.76039
7.49512	-0.71448
7.31659	0.04928
7.91694	-0.4382
7.86089	0.86329
7.95942	0.02735
7.05658	-0.35087
7.6279	-0.73048
6.91515	0.2653
7.91133	0.08433
7.66098	-0.0891
7.45263	0.5064
7.84987	0.42984
7.92422	0.67101
7.28853	0.15075
7.94159	0.95381
7.79659	0.08549
7.21774	0.51655
7.20138	0.5655
7.78768	0.29578
7.44835	-0.39278
7.54059	0.29115
7.45326	0.25339
7.34915	0.85564
7.91381	0.35839
7.54451	0.60656
7.37651	0.79469
7.12612	0.5221
7.64975	0.36452
7.36554	0.84621
7.3516	0.18793
7.42932	0.48426
7.95373	0.92824
6.98285	0.42703
7.52508	0.74489
7.00076	0.7627
7.47477	0.38265
7.35399	0.84468
8.03165	0.87055
7.98743	1.66582
7.69245	1.83693
7.64095	0.75616
7.67765	1.04809
6.75787	1.49736
7.25785	1.01853
7.58039	0.98737
7.34778	0.2788
7.34244	0.84124
7.30472	0.77015
7.59755	0.96706
7.0251	1.25196
7.17656	0.99262
8.39524	1.4307
7.29486	1.61313
7.40208	1.26426
7.00415	1.0042
7.61769	1.01208
7.50676	1.72883
7.03071	1.59494
7.05639	1.26811
6.86595	1.28632
7.31587	1.6739
7.12996	1.29089
7.73925	1.73548
7.33311	1.32034
7.58299	1.57767
8.2624	1.87281
7.23517	1.3856
6.65711	1.66028
7.20379	1.67946
7.27275	2.67341
7.35223	1.71795
7.31725	1.37131
8.11984	1.46952
7.56938	1.78939
7.40603	1.60212
7.33657	1.45539
7.27081	1.29783
7.40203	2.04244
7.87579	1.09964
6.99911	1.38656
7.4713	1.87822
8.04495	1.87254
6.80339	1.85616
7.26298	2.34096
7.29995	1.6504
7.34213	1.90919
7.03931	1.87556
7.21943	2.01574
7.66051	2.41735
7.29276	1.67325
7.3056	2.86447
7.13703	2.11043
7.57461	1.64829
6.60289	2.30527
7.29325	2.15664
6.26063	2.21221
6.47724	2.34444
7.50155	3.06814
7.55866	2.73083
7.19308	2.92562
7.22553	2.20992
6.89678	2.27279
7.58478	2.29965
7.09889	2.25003
6.93073	2.93586
7.41056	1.71176
7.13566	2.57086
7.33484	2.49889
7.29014	2.53293
6.70241	2.56638
7.0163	2.48425
7.38417	2.31677
7.23281	2.52532
6.67464	3.01173
6.79552	3.76214
7.00089	2.6793
6.60887	2.55835
6.73237	2.5039
7.13415	3.19159
6.92261	2.78628
6.59007	2.77236
6.95308	3.27688
7.25195	2.71729
6.29727	3.18349
7.14758	3.18252
7.02911	2.43118
7.37919	2.66974
6.59415	3.17857
6.56915	2.63208
6.47826	3.3885
6.54831	3.76397
6.93566	2.51449
6.37595	3.17735
6.62582	3.16469
6.87077	3.26561
7.09469	2.57924
7.0182	2.97991
6.92808	3.7036
6.51709	4.36061
6.13571	3.22322
7.4858	3.86889
7.14132	3.90095
6.36223	3.50836
7.07424	3.08661
7.73287	3.40891
7.56964	4.12314
7.47048	3.75697
6.54252	3.48202
6.29515	2.79215
6.84537	3.95312
7.12498	3.46972
7.25487	3.97227
6.69634	3.15184
7.4121	3.82473
6.309	3.07403
6.48739	3.59037
6.37327	3.92859
6.18923	3.4619
6.67433	3.03569
6.54811	2.69361
6.24078	3.62582
6.46789	4.10152
6.11232	3.82022
6.83136	3.46155
5.77069	3.73251
5.81337	3.58762
5.94599	3.77757
6.02531	4.76162
6.93063	4.26826
6.69434	4.20031
6.76032	3.69316
6.86178	3.79725
6.60232	4.02443
6.93049	3.42555
7.04083	3.23668
6.4669	4.85743
6.22358	3.8749
6.20229	4.22989
6.02071	4.03176
6.29157	3.89514
6.00923	3.85554
6.44268	3.94038
6.28894	4.02909
6.22434	3.80476
6.19534	4.88512
6.24915	4.30008
6.74399	3.84442
6.33273	4.25342
6.26763	4.53876
6.0531	4.42693
6.14584	4.17795
6.49012	5.04522
6.21621	4.24636
6.14988	4.68761
6.22914	4.51555
6.59121	4.43637
6.1861	4.84199
5.95048	4.38589
6.44141	4.40752
5.68472	4.64831
6.07625	4.18078
6.50331	5.36618
4.95372	4.53493
5.51452	4.59403
5.99492	4.93206
5.3604	5.11072
6.43818	5.31656
5.35948	4.55727
5.78609	3.85089
6.01159	3.88048
6.83552	5.09419
5.74996	4.96899
6.17334	4.22854
5.73937	5.00408
6.61182	5.21563
5.15656	4.91982
6.46486	4.7359
5.88348	4.70181
6.21118	4.38345
5.45859	4.83368
6.00669	4.31964
5.88692	4.52783
6.27483	4.56062
5.76073	4.99081
5.37663	5.23916
5.85987	5.49347
5.45472	5.29993
6.11481	5.39598
5.43088	5.12221
5.20446	4.94041
5.32463	5.32161
5.63408	5.07423
5.3529	5.32076
5.20508	4.79483
5.82331	5.28378
5.34348	4.33884
5.56866	5.38645
5.56159	5.68426
5.30868	5.17552
5.84698	4.76656
5.44245	5.27361
5.44755	4.93084
5.68145	5.56607
5.20164	5.02394
5.28489	5.66781
5.54413	5.17943
5.21954	5.13835
4.32317	5.72777
5.52348	5.32093
5.12983	5.58426
5.86519	5.65744
5.00729	5.2473
5.31301	5.53297
4.83175	5.98127
5.36849	5.11602
5.55045	5.70983
5.13872	6.13166
5.02571	5.47743
5.04839	5.36195
5.34698	5.13443
5.09802	5.52012
4.93049	5.04058
5.58346	5.39708
5.78383	5.33361
5.2665	5.64307
4.79506	5.40306
4.87556	5.79136
5.41563	5.93965
5.40443	6.06491
4.96007	5.02153
5.03503	5.60875
4.89078	5.71182
4.8035	6.0594
4.61484	5.50496
4.78866	6.17349
4.92872	5.51372
4.71307	5.76716
4.36585	5.89777
5.6277	5.12943
4.70717	5.19541
5.09653	5.52298
4.66402	5.84855
4.53839	5.58336
4.36713	5.67288
4.59841	5.48788
4.53718	6.14166
4.5115	5.45379
4.9851	5.54871
4.4875	5.9005
4.79691	5.76356
4.28024	5.60262
4.95397	6.20758
4.82916	6.29002
3.63451	6.89937
4.90032	6.15079
4.05079	6.31165
4.44342	6.72694
4.16239	5.66537
4.1522	6.09516
5.73854	5.88547
3.90215	6.3446
3.73287	5.92964
4.45677	5.72615
4.41123	5.7217
4.475	5.93269
4.29618	6.40816
4.24188	6.4642
4.85651	6.07801
4.23095	6.04096
3.95224	5.75186
4.15501	5.82186
4.42325	5.84159
4.04414	6.81736
4.11533	6.65661
4.11475	6.02219
4.45304	6.04103
4.46496	6.30037
4.24994	6.85307
4.30229	6.85939
3.9465	5.51703
4.24323	6.43121
4.58037	6.35996
4.91833	6.38487
4.26995	6.37501
3.64359	6.78303
3.56367	6.41566
3.05784	6.49023
3.33823	6.63505
3.38271	6.08041
3.72991	6.28259
3.58585	6.57185
3.61574	7.07805
3.84482	6.60343
4.23671	6.83486
4.21432	6.3647
3.73633	6.64678
2.88669	6.60217
3.40117	6.09406
3.42196	6.91244
3.75328	6.79231
3.60138	7.22137
3.97528	6.90227
3.92088	6.07431
3.78033	6.88865
3.35035	6.21819
3.64298	7.04354
3.55385	6.48099
3.49796	6.99405
3.33957	6.33083
3.68678	6.37896
3.47744	7.31941
3.70437	6.97784
3.09118	6.63879
3.59479	6.928
3.30264	6.37343
2.99785	5.93322
3.21013	7.35033
3.19188	7.26517
2.96163	7.36272
3.84452	7.62488
2.96716	6.36043
2.78052	6.98708
2.80914	6.6571
2.75743	7.28165
3.11074	7.39949
3.64133	7.0327
2.87283	7.16413
3.30764	7.09446
2.32414	6.90536
2.97531	7.16801
2.41401	7.29947
2.0999	7.02244
2.70712	6.59899
2.72749	6.84927
2.84137	6.73663
2.86827	6.89484
1.94	6.32446
2.79945	6.78127
2.25002	7.82685
2.5893	6.74895
2.95416	6.83346
2.18154	7.00834
2.7399	6.83489
2.40704	7.06682
2.73067	6.7561
2.7112	6.71197
2.10105	7.1022
2.71582	6.93235
2.32485	6.84185
3.27366	7.41593
2.59252	7.60623
2.22218	7.34792
2.80295	6.49215
1.82793	6.83122
3.38524	7.38903
2.52482	6.48837
2.62918	7.2929
2.61966	7.34862
2.97968	7.52276
2.00916	8.08956
2.28148	7.5006
2.07008	7.63189
1.93674	6.34558
2.1211	7.23478
1.69685	7.1891
2.00536	6.89793
1.66027	6.97519
1.29282	7.54295
1.69864	6.75238
2.20133	7.31379
1.88424	7.2682
1.94915	7.15066
1.23012	7.23842
2.05385	7.27611
2.05506	7.31669
2.49603	7.39772
2.22849	6.9413
1.69133	6.88005
2.65021	7.7865
1.57074	7.05615
1.67618	7.78484
1.35195	6.77144
1.32376	7.70647
1.39705	6.85001
1.59467	7.48718
1.92559	7.581
1.73059	7.23843
1.75869	7.17493
1.31814	6.8658
0.75235	7.47439
1.29362	7.41651
1.46201	7.65492
1.78314	7.98857
2.03116	7.28077
1.59106	7.90384
1.7747	7.34506
1.19249	7.28265
1.89362	7.60783
1.02211	7.94986
1.95241	7.17225
1.37048	6.78094
1.4457	7.05433
0.94399	7.23878
1.43436	7.09653
1.53809	7.2345
0.97465	7.70754
0.837	6.68386
1.41876	7.32981
1.05995	7.1656
1.2396	7.22044
0.76469	7.27223
0.79275	8.19297
1.46809	6.58943
1.83582	7.47283
1.37128	7.60129
1.40717	7.62672
1.58979	7.34707
0.90278	7.4742
0.85082	6.73564
1.09332	7.91423
1.00591	7.55035
0.48337	7.76541
1.12752	7.37041
0.48555	7.62605
0.50635	7.63916
0.88121	7.25076
0.50523	7.48926
1.22986	8.01813
0.8615	7.08481
0.2334	7.10801
-0.02202	7.30268
0.72208	7.66619
0.87199	7.61197
0.3407	7.35754
0.22657	6.86514
1.27572	7.55285
0.96967	7.04171
-0.2131	7.58418
0.46709	7.47029
0.08546	7.40356
0.21517	7.60171
-0.09549	8.2303
-0.51262	7.69052
0.49814	7.58373
0.56714	7.07333
0.77842	7.06123
0.26873	7.66732
0.3101	8.09613
-0.0146	7.26448
-0.14545	7.30293
0.41062	7.21755
-0.62199	7.04474
0.20248	7.4648
0.37325	7.80159
0.85049	7.41919
-0.32325	7.65041
0.3851	7.37978
0.61114	7.30016
-0.13044	7.68037
-0.14101	8.3115
0.15336	7.39507
0.26757	7.03825
0.75947	7.69272
0.10285	7.67718
0.46402	7.16276
0.4863	7.76767
-0.02925	7.57703
0.16718	7.6607
0.03435	7.54692
-0.31283	7.63516
-0.2214	7.1783
-0.54717	7.80329
-0.21373	7.48886
-0.71594	7.16366
-0.16132	7.62172
-0.51816	7.74834
0.00468	7.38261
-0.50246	7.59564
0.08932	7.34626
-0.34264	7.36492
-0.73539	8.15257
-0.80143	7.03708
-0.45502	7.12702
-0.54923	7.79013
-0.88559	7.23426
-1.1506	7.77271
-0.58442	7.59343
-0.7073	7.06238
-0.95072	6.88956
-0.94008	7.11221
-0.25824	7.20989
-0.49804	6.7992
-2.04905	7.23353
-0.7778	7.37498
-0.98207	7.47761
-0.2775	7.46178
-0.98211	7.46365
-0.68472	7.79889
-0.52553	7.58616
-1.06794	8.1016
-1.0279	7.60155
-1.21106	6.88234
-1.51722	7.23064
-1.79409	7.44194
-0.77726	7.56312
-1.50085	7.51601
-0.87805	6.9429
-1.79785	7.67946
-0.85929	7.51709
-1.06633	7.20192
-1.1795	6.84188
-0.90656	7.40878
-1.92862	7.62123
-1.85161	8.07084
-1.78936	6.68338
-1.4232	6.59468
-1.44671	6.96601
-1.57204	7.5307
-1.22796	7.67653
-1.50222	7.16069
-1.78375	7.60127
-1.32307	7.13877
-1.16907	7.41389
-1.69611	7.27852
-1.65953	7.90592
-1.17874	6.85617
-1.94777	6.95956
-1.88492	7.45468
-1.27496	6.55772
-1.65365	6.80032
-2.22797	6.67384
-1.88086	7.35557
-0.99668	7.87683
-1.76855	6.94878
-1.7869	7.0761
-1.59922	7.23754
-1.54682	7.14456
-2.17863	7.19535
-1.89669	7.35895
-1.74189	6.50972
-1.5715	7.04317
-1.9364	7.1854
-1.8737	7.13372
-2.22336	7.85358
-1.83535	7.58358
-1.83036	7.7471
-1.75321	7.17971
-1.77185	7.17989
-1.84033	7.04852
-2.20349	7.51357
-1.87655	6.83587
-1.97676	6.94787
-2.16048	6.7996
-1.86969	6.87698
-2.80785	7.07683
-2.30701	6.94829
-2.14015	7.19025
-2.57832	7.79701
-2.62715	6.60908
-1.93569	7.77113
-2.36157	6.82753
-2.15466	6.31114
-3.08664	7.53545
-2.61872	6.78254
-2.65946	6.7234
-2.59546	6.91543
-2.35571	6.9958
-2.46964	6.69686
-2.68563	7.47255
-1.988	7.83014
-2.10904	7.17939
-2.3786	7.77946
-2.33023	7.13014
-2.64233	7.40424
-2.77009	6.79504
-2.86648	7.06964
-2.35806	6.52779
-3.10629	6.3364
-2.12133	6.90265
-2.97946	6.90234
-2.653	7.42901
-2.69204	7.12645
-2.17595	7.6222
-2.60149	7.24486
-2.69155	6.79877
-2.49229	6.70326
-3.32399	6.557
-3.31953	6.89669
-3.23701	6.89383
-3.49152	7.09138
-3.12025	7.20784
-2.99415	6.74681
-3.2501	7.35979
-3.18221	6.70489
-2.98788	6.60543
-3.08659	6.24916
-2.88239	7.22001
-2.72396	6.38302
-3.12233	6.48089
-3.01527	7.01525
-3.16637	6.51249
-3.53489	7.32922
-3.30909	7.30813
-3.81279	6.93706
-3.23022	6.10681
-4.06394	6.68339
-3.77661	7.28342
-3.73864	7.70719
-3.86707	6.94161
-3.61159	6.65584
-4.23842	7.37905
-2.9159	6.28988
-2.96645	6.96409
-3.8645	7.14926
-3.62063	7.30351
-3.89247	6.54939
-3.43685	6.83129
-3.98992	7.04884
-3.93658	7.03603
-3.80224	6.26302
-3.9514	6.35825
-4.02101	5.86899
-4.26463	6.57126
-4.18644	6.66978
-3.05311	7.29272
-3.71967	5.89274
-4.17826	6.26405
-3.2327	6.34711
-3.50137	6.4958
-3.34489	5.93121
-3.90782	6.31892
-3.59965	6.90287
-3.83027	6.62804
-3.20055	6.045
-4.30299	6.66774
-3.63253	6.46625
-3.88882	6.20438
-4.15349	6.50165
-4.29445	6.0676
-4.30134	6.99123
-4.18624	6.13216
-4.48952	6.06862
-4.11308	6.05447
-3.74099	5.61066
-3.92764	6.51993
-3.9504	6.65924
-4.48129	6.96536
-4.10788	5.95303
-5.40398	5.96978
-4.84013	6.80264
-4.53504	5.7874
-4.24307	6.05739
-4.50113	6.16737
-4.09008	5.97012
-3.78664	6.31175
-4.11206	6.27985
-4.43226	6.11854
-4.32905	5.94832
-4.50415	5.73195
-4.64526	5.96711
-4.59682	6.57204
-4.54971	5.62725
-4.85028	6.07911
-4.06754	5.94762
-4.49203	5.35694
-3.81716	5.55874
-5.03355	5.74483
-4.45259	5.77438
-3.93248	5.81437
-4.6903	5.86637
-5.04015	6.13959
-5.14792	5.90263
-4.73603	5.66424
-5.10971	5.79939
-4.53137	5.8338
-5.23911	6.08564
-4.06359	6.41216
-5.38939	6.00733
-4.84041	5.99676
-5.0437	5.36474
-5.73298	5.09069
-4.62981	5.49636
-4.66551	6.17066
-4.3465	6.04798
-5.39092	5.55158
-4.51985	5.58716
-5.15005	5.4371
-5.03114	5.7305
-5.37523	5.34594
-4.92101	5.73205
-5.31585	5.36887
-4.77608	6.83532
-5.02204	5.21243
-4.88412	5.65982
-4.91636	5.90919
-5.69415	5.69428
-5.60583	5.27138
-5.14703	5.76081
-5.40928	5.66623
-5.3019	5.94974
-5.15126	5.66688
-5.19166	6.13368
-4.29587	5.57054
-6.06264	5.82504
-5.40081	5.03594
-5.04843	5.63544
-5.77264	4.79292
-6.02853	5.41939
-5.30908	5.734
-4.90152	5.49041
-4.96493	5.95444
-5.35961	5.52797
-5.17523	4.77924
-5.31078	5.6149
-5.48078	5.05181
-5.29137	5.39072
-6.07301	5.6525
-5.52536	5.75168
-4.70157	4.96605
-4.6686	5.54937
-5.08955	4.70164
-4.86514	4.42789
-5.41261	4.50069
-5.42971	4.53088
-5.36618	5.72793
-5.52044	5.09814
-5.33116	5.06035
-5.1278	5.66623
-6.01658	5.18083
-5.58481	3.98417
-5.59678	4.90491
-5.21362	5.10713
-5.70414	5.44909
-5.71647	4.72285
-5.29234	4.86079
-5.45181	4.82673
-5.6843	4.29967
-5.92479	4.55238
-5.46816	4.67037
-5.91083	4.84575
-6.17669	4.54923
-5.65063	5.13078
-6.06575	4.40245
-5.65412	4.17999
-6.55879	4.04619
-6.09558	4.59689
-5.81493	3.8889
-5.6061	4.52075
-6.13215	3.65185
-5.70386	4.55446
-5.59277	5.61619
-5.554	4.63363
-5.257	4.32167
-5.74103	4.85498
-6.1655	5.12895
-6.64253	3.91197
-6.27233	3.98582
-6.31149	4.41196
-6.52641	4.46769
-5.6173	4.61032
-6.01193	4.29786
-5.78882	4.74719
-6.12766	3.95687
-5.77988	4.89693
-6.14041	4.50281
-5.98132	3.99621
-6.48957	4.70857
-5.92842	4.09626
-6.39007	4.08471
-5.80818	4.3763
-6.36747	4.07955
-6.51287	4.65622
-7.27094	3.94638
-5.87761	3.68907
-5.71309	4.25115
-6.16265	4.09922
-5.95552	4.51075
-6.60216	3.99281
-6.71676	4.28191
-6.51931	3.4253
-6.36234	3.95807
-6.63294	3.95996
-6.40769	3.87164
-6.10003	4.25745
-7.19472	2.89567
-6.8476	3.66679
-6.80241	3.73169
-6.3139	4.07331
-6.54583	3.61439
-5.81224	4.43716
-5.70459	4.08809
-6.23723	3.53258
-6.34373	3.84601
-6.80238	2.89443
-6.35861	3.77337
-6.84411	3.35822
-6.663	3.99119
-6.73842	3.23044
-6.75057	4.22083
-6.21152	4.72441
-7.45509	4.09471
-6.7229	3.41098
-6.46664	3.63921
-7.13778	2.76947
-6.61165	3.75063
-6.53068	3.79915
-6.85979	3.64919
-6.76025	3.68914
-6.32724	4.14999
-6.70162	2.84585
-7.07771	3.80671
-7.50129	3.28597
-6.44112	3.44715
-7.03733	3.22651
-7.12863	3.32612
-6.96776	3.52614
-6.89355	2.73321
-6.53051	3.27763
-6.87307	3.34779
-7.09278	3.09645
-6.44235	2.68915
-6.11845	3.53849
-6.69979	3.16959
-6.60198	3.90175
-6.99087	3.65491
-6.92572	2.57716
-6.00785	3.01739
-7.26915	2.91209
-6.315	3.56358
-6.98944	2.81119
-6.8635	2.24209
-6.86955	3.30096
-7.38277	3.094
-6.36967	2.95838
-7.11399	2.75716
-5.69389	3.04951
-7.34863	3.08127
-7.06608	2.96272
-7.24275	2.34433
-6.98179	2.55616
-7.10819	2.65484
-6.94791	2.33089
-6.72487	3.1102
-6.64829	2.40135
-6.89596	2.5642
-6.44157	2.62279
-7.00064	2.4595
-7.45703	2.76626
-7.28279	2.13504
-6.89086	2.553
-7.02458	1.39947
-6.88633	2.1773
-7.89353	1.99227
-6.31562	1.42229
-6.78384	2.17643
-7.27795	2.69907
-7.77531	2.26812
-7.90536	2.25836
-6.73893	1.95253
-7.6122	3.06006
-7.90603	2.00583
-6.10181	2.28468
-7.30597	1.75966
-7.25532	2.42106
-6.67574	2.39204
-6.48663	2.35672
-7.10384	2.15254
-7.42742	2.00901
-6.84278	1.68563
-7.06393	2.11457
-7.24289	1.95504
-7.11437	1.61022
-7.61884	2.01698
-7.16002	2.00966
-8.10525	1.83382
-7.82135	1.94312
-6.84569	1.94763
-7.32438	2.05288
-7.07918	1.54443
-7.99293	1.56347
-7.16403	2.14795
-7.50167	2.00896
-7.39847	1.56652
-7.50271	1.83799
-7.8963	1.23521
-8.25945	1.95022
-6.75088	0.91295
-7.3136	1.3426
-7.47897	1.48669
-7.51645	1.14484
-7.2303	1.53974
-7.17684	1.4906
-7.05063	1.58504
-8.00746	1.53126
-7.21465	1.60036
-7.63262	2.31703
-7.88519	1.05494
-7.60059	1.1936
-7.61683	1.82364
-7.14341	2.22428
-7.15879	0.62438
-7.36605	0.94076
-7.77774	1.11666
-7.78127	1.28204
-8.16529	0.97646
-8.25503	1.1862
-8.05621	1.24459
-7.48837	1.28859
-7.32462	1.10749
-7.92452	1.71571
-7.69339	0.8833
-7.5454	1.3751
-7.21237	0.96088
-7.19661	1.10896
-7.00695	0.93189
-7.04298	0.85653
-7.42448	0.94327
-7.73802	0.45483
-7.51595	0.82414
-7.57812	1.49593
-7.25744	0.87609
-7.04966	0.93151
-7.49714	0.70754
-6.96536	0.95595
-7.68498	0.94285
-7.50317	0.69742
-7.28343	-0.08222
-7.33463	1.06031
-7.69065	0.84128
-7.11443	0.60495
-6.8724	1.04941
-6.97359	0.18122
-7.41636	0.5075
-7.41513	0.75699
-6.84621	0.75188
-8.04502	0.92766
-7.48588	0.55074
-7.74244	0.29975
-7.88952	0.54662
-7.66816	0.63192
-7.58282	0.9757
-8.0887	-0.05523
-6.74458	0.41195
-7.20208	0.33908
-7.94064	0.22324
-7.25053	0.64477
-7.66491	-0.56875
-7.99631	0.86989
-7.69812	0.30269
-7.15156	0.05806
-7.07954	-0.1408
-8.36539	0.45727
-7.59238	-0.10512
-7.06649	-0.37601
-6.90456	-0.67927
-7.27743	0.14313
-7.31024	-0.60037
-8.02112	-0.16837
-0.36914	4.46421
-0.50016	3.90611
0.40144	3.74874
-0.28318	4.47829
-0.00927	3.75199
0.56823	3.90238
0.06526	3.57875
-0.12367	3.6897
0.14373	3.6833
-0.36377	3.14679
0.19682	3.7449
-0.26584	3.65747
0.48905	3.64132
-0.05032	3.33374
0.0003	3.7798
0.41847	3.42969
-0.1736	3.443
0.5666	2.72343
-0.27866	3.58711
0.30073	3.13937
0.28981	3.44028
0.44848	3.13032
-0.2697	2.86143
-0.0305	2.7669
-0.09929	2.80814
0.23528	3.65128
0.55184	3.6628
0.63519	3.70015
0.47183	3.51899
-0.36745	2.61429
-0.35685	3.08129
0.57815	2.87659
-0.05462	3.33715
0.79154	3.1562
0.67589	3.21285
-0.92813	3.85035
-0.30811	2.84567
0.20991	3.16673
0.02962	2.59681
0.05092	2.63052
0.42666	3.15012
0.3755	2.76063
0.1332	3.75302
0.45285	1.97604
-0.34865	2.89621
-0.15946	2.55363
0.12875	3.15696
-0.10489	2.98862
0.02593	2.44056
-0.10903	2.888
0.91079	2.42424
-0.73518	2.32529
0.24677	2.01502
-0.36945	2.88043
0.17826	2.9279
0.32988	2.50698
0.03885	2.43447
-0.44051	2.23242
0.30186	2.57865
0.57434	3.12523
-0.01581	2.71123
0.92877	2.15955
0.35836	2.68414
-0.00978	1.94624
0.24442	2.03543
-0.08057	2.28522
0.66288	2.6499
-0.13371	2.33309
-0.13005	1.79953
-0.26357	1.92891
-0.37899	2.0488
-0.71776	3.40715
0.434	1.74349
0.43735	2.33336
0.67384	2.03105
0.26214	1.7929
0.59014	1.65879
0.23953	1.39087
0.18663	1.77888
0.1851	1.67707
-0.69149	1.56074
0.46374	2.17098
1.20831	1.75005
0.6803	1.6483
0.63064	2.08881
-0.29401	1.38374
0.43071	1.44764
0.53484	1.70973
0.3157	1.19939
-0.10505	1.68992
0.6756	1.54327
0.09428	1.75735
0.39374	1.91578
0.02672	1.44043
0.70962	1.06076
0.3531	1.80652
0.25166	1.1643
0.30625	1.6167
0.8525	1.52895
0.68334	1.87135
0.40122	1.47275
-0.01635	1.56056
1.09337	1.56911
0.57188	1.91092
-0.40795	1.64142
0.69697	1.15307
0.10584	1.6236
0.75398	0.97456
-0.00079	1.34881
0.45911	1.1657
-0.07248	1.08947
0.43818	1.60055
1.41582	1.10131
0.74985	1.03439
0.62343	0.62095
-0.10928	0.70549
0.53611	0.2768
0.43796	1.37123
0.41932	0.91027
0.87037	0.62205
0.87096	0.35646
1.03644	0.88417
0.60961	0.61259
0.28474	0.89084
0.06495	1.20787
1.16844	0.62473
0.93174	1.07623
0.78196	0.48424
0.84691	0.90488
0.5471	0.84425
-0.02733	1.07864
-0.00307	0.32501
0.8276	0.49317
1.88515	0.41496
0.6081	0.28569
0.8186	1.07675
0.72842	1.41267
0.67183	0.90341
0.67947	0.11953
0.8052	1.3556
0.83846	1.30383
0.76436	0.65241
0.37916	0.4522
0.56905	-0.32576
0.65779	0.44377
2.24345	0.57413
0.8752	1.49569
0.60345	0.64803
0.36914	0.13488
0.48601	1.12873
-0.27152	0.47056
0.33269	0.48868
0.42615	-0.22787
1.24888	0.43094
0.94711	-0.03412
1.15581	-0.03232
1.77285	0.44775
1.30409	0.39347
0.44307	-0.08581
0.63656	-0.59642
0.68742	0.06762
1.22409	-0.09485
0.93923	-0.81413
1.84805	-0.2363
1.52677	1.18956
1.06199	0.20693
1.23764	0.2486
1.0712	-0.20141
0.39185	-0.42658
1.19286	-0.21865
1.71387	-0.00472
0.96623	-0.50353
1.18542	0.09783
1.60514	0.58774
1.08802	-0.21294
1.27813	-0.03988
1.61919	0.34757
1.67026	-0.06205
1.20994	-0.59079
1.50321	-0.11352
1.52959	-0.77207
0.58369	-0.46774
1.01432	0.15428
1.34686	-0.47985
0.87791	0.2568
0.58522	-0.28509
1.5092	-0.1621
1.53741	-0.44429
1.0958	-0.14251
0.5412	-0.15609
1.84296	-0.66939
1.70211	-0.92893
1.76423	-0.15334
1.33839	-0.40873
1.61731	-0.58683
0.96124	-0.34062
1.4166	-0.57503
1.35018	-1.28344
1.5681	-0.53705
1.53547	-0.64642
1.81587	-0.7943
1.31525	-0.48448
1.41957	-0.34153
1.66439	-0.88359
1.36145	-0.90234
1.31868	-0.69958
2.70531	-0.43562
1.47444	-1.02327
1.81233	-0.2302
1.47426	-1.19425
1.81735	-0.97035
2.24126	-1.48583
1.75634	-0.2489
1.70026	-0.63409
1.28125	-0.82043
1.65057	-0.78421
1.44182	-0.85663
2.14719	-1.03901
1.70127	-1.05969
1.8653	-1.33171
2.02127	-0.67313
2.04981	-1.91939
0.96707	-0.73132
0.95073	-0.50589
2.10775	-1.26639
1.71648	-1.05386
1.68481	-1.09848
2.57939	-0.62186
2.33943	-1.13932
1.9223	-1.54912
1.70879	-1.91569
2.65347	-1.38982
1.88103	-1.53322
1.58923	-1.61133
1.78889	-0.87543
2.48194	-1.1823
1.93939	-1.28963
1.99432	-1.26533
2.37649	-0.63819
2.45855	-1.45258
2.12747	-0.74427
1.81295	-0.96146
2.2453	-1.77701
1.41441	-0.96087
2.99056	-1.93545
2.20361	-0.90925
2.60324	-0.95181
2.36175	-1.13482
2.55699	-1.32074
2.44088	-1.47314
2.90872	-1.62159
1.95495	-1.63969
1.18837	-1.83681
2.74331	-1.58835
2.1534	-1.40967
2.6064	-1.646
2.26591	-1.14098
1.30469	-2.10813
2.46984	-1.75776
2.59385	-2.26918
2.00082	-2.13763
2.91002	-2.19135
2.01226	-1.41803
1.71443	-2.17722
1.8434	-1.78851
3.26759	-1.65837
2.99086	-1.47871
1.97418	-1.23122
2.76402	-1.45412
2.28222	-1.84986
2.83624	-1.85228
2.70945	-2.31159
2.6657	-1.85925
2.5992	-1.73954
2.51027	-1.77186
2.80388	-1.63227
2.45395	-2.12255
2.21497	-1.88172
2.27207	-1.62666
2.73041	-1.82417
2.57627	-2.25263
2.35455	-2.32451
2.2123	-2.00982
2.73464	-1.46482
2.48799	-2.36701
3.03152	-2.48527
2.97135	-2.06144
2.38407	-2.54556
3.35127	-2.03964
3.06559	-2.60091
2.38017	-2.31924
3.54839	-2.14993
3.5142	-2.40515
2.91389	-1.80133
2.63118	-2.40618
3.29103	-2.58133
3.21002	-2.16524
3.0638	-2.01882
2.54569	-1.81785
3.48714	-2.3445
3.28517	-1.90685
2.81794	-2.79202
3.74243	-3.34042
2.81842	-2.07247
3.30334	-2.65985
3.51471	-2.27569
3.16675	-2.45811
3.19581	-2.88158
3.13105	-2.71472
3.38491	-2.22399
3.0653	-1.89418
2.57934	-2.46088
3.76684	-2.80506
3.62715	-2.15091
3.36284	-2.64465
3.54103	-2.44432
4.41429	-2.39346
3.51081	-2.71963
3.38334	-2.00893
3.32382	-2.498
3.46961	-3.08006
3.7898	-2.86369
3.70082	-1.83434
3.51143	-2.84814
3.34886	-2.05202
3.99541	-3.06537
4.05261	-2.53504
3.41382	-2.30465
4.08131	-3.04476
3.8411	-3.12677
3.7832	-3.48396
3.65208	-2.05328
4.07993	-3.11145
3.76115	-2.90154
4.68758	-2.87471
4.07845	-2.92952
3.62861	-2.73958
4.18791	-2.80732
3.99885	-2.75227
4.28654	-3.04106
3.751	-2.92219
4.1926	-3.33139
4.56715	-2.4966
3.41251	-3.54938
4.23667	-2.65191
3.61225	-3.28105
3.83438	-2.92299
3.79861	-2.82115
5.03315	-3.23858
3.9752	-3.24361
4.12173	-2.54434
4.41662	-3.29312
4.48361	-3.40373
4.07256	-3.48965
3.78884	-2.93126
4.04944	-2.77948
3.4527	-3.40385
3.85529	-2.9875
3.98083	-2.58748
4.36466	-2.91582
3.2353	-2.89794
4.64278	-3.12748
3.77077	-2.98977
4.5356	-2.93981
3.5346	-2.81001
4.6665	-3.17772
4.91331	-2.32857
5.30214	-2.80581
3.72977	-3.65272
4.81443	-2.67741
4.76473	-3.35317
4.07301	-2.80804
4.18634	-3.22714
4.69963	-3.36812
4.09725	-3.80146
4.88568	-3.02558
4.16679	-2.37226
4.96629	-3.45295
4.77098	-3.24197
4.85477	-2.946
4.58958	-3.08565
4.767	-3.6355
4.36864	-3.39267
4.91308	-3.89087
4.9472	-3.25238
4.46207	-3.2946
5.13912	-3.82195
4.76523	-3.32394
4.71657	-3.46002
4.73313	-3.46767
4.54509	-2.99468
4.98567	-3.01833
4.66005	-2.56
5.19637	-3.2483
5.34101	-3.31553
5.50254	-3.42973
4.70155	-3.95144
5.02675	-3.42902
4.51235	-3.89656
5.14644	-3.48287
5.02674	-3.98522
5.32127	-3.48525
5.18786	-3.33285
5.25536	-2.9964
5.53348	-2.93107
5.35162	-3.38009
6.0697	-3.4292
5.28659	-3.63326
5.06334	-4.21957
5.48382	-3.55775
5.56798	-3.51273
5.89804	-3.1176
4.77597	-4.2946
5.47392	-3.74327
5.42141	-3.78748
5.36224	-3.00366
5.79375	-2.82745
5.20651	-4.33529
5.94154	-3.24936
5.63244	-3.03522
5.44215	-3.22066
5.99202	-4.16249
5.58386	-3.30722
6.29616	-3.68104
6.00911	-3.76809
6.01624	-2.69733
5.70873	-3.70984
5.94458	-3.15607
5.59534	-4.21433
5.75645	-3.9237
5.66754	-3.92759
5.47688	-3.24005
6.3581	-3.02921
6.05023	-3.55173
6.02605	-4.03581
5.88085	-2.45384
5.87866	-3.63525
6.19437	-4.01747
6.34134	-3.42213
5.91675	-3.69279
6.0385	-4.42306
5.9319	-3.80551
6.18098	-3.36446
6.08764	-3.57983
6.89818	-3.76868
6.51582	-3.36398
5.61244	-3.64198
6.51069	-3.83615
6.16919	-4.1038
5.82767	-3.06573
6.44865	-3.69587
6.6351	-3.74055
6.69391	-3.32357
6.16345	-3.88567
6.99516	-3.31966
7.38586	-3.75815
6.41715	-3.46484
7.37199	-3.54432
7.43902	-3.77089
6.43132	-2.92033
6.78798	-3.86595
6.29135	-3.82732
6.88423	-3.48236
6.29331	-3.64793
6.49798	-3.42985
7.19325	-4.14905
6.57441	-3.76635
6.45417	-3.86299
6.53393	-3.74617
6.38318	-4.05101
6.44768	-3.93795
7.06338	-3.81072
7.10208	-3.63871
7.39362	-3.53601
7.14221	-3.89659
6.82921	-3.83084
7.82866	-3.87884
6.6946	-4.15578
6.57529	-3.78612
6.03334	-3.8867
7.02957	-3.43181
7.0136	-4.29059
7.29258	-3.9384
6.78973	-3.24891
6.7049	-3.42756
6.98132	-4.0514
7.59981	-4.02621
7.09422	-3.74153
7.35089	-3.52752
6.68658	-3.78035
7.69845	-3.64002
7.00855	-3.85485
7.1228	-3.78945
7.83189	-3.45754
7.63079	-3.8684
7.04472	-3.21059
7.78259	-4.46182
7.7443	-3.96823
7.28352	-3.8131
6.92983	-4.16057
7.4074	-3.95114
7.99631	-4.12576
7.2817	-3.84612
8.21864	-3.54143
7.79729	-4.18155
7.27464	-3.5615
7.15825	-4.07013
7.26721	-3.80203
8.08002	-3.43748
7.55268	-4.01138
7.93594	-3.73896
8.09998	-3.56146
8.35439	-3.54392
8.04185	-3.47592
8.19587	-3.49588
7.35237	-3.46326
7.62385	-4.1944
8.04704	-3.70212
8.14903	-3.19263
8.19051	-3.95885
7.84187	-3.01328
7.90833	-4.05038
7.95363	-3.38616
8.24488	-3.81313
7.81408	-3.89789
7.73349	-4.14922
7.75167	-3.82187
7.98783	-3.50974
8.51123	-3.07234
8.35446	-4.19544
8.39005	-3.44929
8.06643	-3.52801
8.58543	-4.21294
8.27065	-4.26231
8.24452	-3.46683
8.81503	-3.49496
8.4911	-3.35673
7.99517	-3.9663
8.11262	-4.15368
8.79884	-3.3791
8.74151	-3.65721
8.71746	-3.7814
8.57724	-3.39636
8.57876	-4.40887
8.43014	-3.678
8.60692	-4.25897
9.18706	-3.47619
8.70527	-3.30056
7.95094	-3.77973
8.4073	-3.49076
8.77173	-3.6128
8.65569	-3.34673
8.40446	-3.541
9.27959	-3.6822
8.5433	-3.92717
8.69163	-3.34633
8.20454	-3.29268
8.74042	-3.72354
9.74435	-3.77869
8.79683	-3.24431
9.32796	-3.3314
8.31079	-3.89174
8.35585	-3.7898
9.11519	-4.17856
8.60695	-3.45913
9.508	-3.40238
9.03562	-2.99235
8.68065	-2.82204
9.59269	-3.20014
8.63215	-3.59655
9.46643	-3.11115
8.68444	-3.49534
9.05859	-3.26286
9.40015	-3.27194
9.37004	-3.38499
9.2017	-3.02212
9.2718	-3.55433
9.54362	-3.81697
8.53262	-3.24736
9.43723	-3.6808
9.81853	-3.18996
9.28575	-2.67912
9.06307	-3.14534
9.59217	-3.20144
8.36379	-3.44471
9.0403	-4.34151
9.65098	-3.61934
9.41818	-3.10612
9.69294	-2.45543
9.17233	-3.63374
9.7334	-3.50841
10.24205	-3.23015
10.25514	-4.17745
9.21894	-3.29868
9.71306	-3.83594
9.95225	-2.4498
10.03547	-4.04094
8.93311	-3.24152
9.49668	-3.11569
9.77015	-3.40539
10.51977	-3.02029
9.64627	-3.3784
9.25526	-3.58678
10.22764	-3.50721
10.17828	-3.02502
10.02261	-3.21541
10.11611	-2.9646
9.7774	-3.5922
9.93948	-3.25293
9.83845	-3.09351
9.70201	-2.97189
10.22574	-2.99558
10.68955	-2.83781
10.29678	-2.9679
10.35698	-3.24662
10.14925	-3.70935
10.32356	-2.8467
10.37159	-2.67558
9.34851	-3.71237
10.13767	-3.31067
10.18669	-2.92584
10.34323	-3.89315
10.41343	-2.84614
10.59624	-3.01921
10.13215	-3.22504
9.90839	-2.93487
10.5325	-3.63534
9.80074	-2.88154
10.34982	-3.43597
10.47637	-3.42804
10.69871	-2.21371
10.65008	-3.46241
10.28554	-2.52479
10.25521	-3.23807
10.51544	-3.03329
11.01009	-2.85184
10.93137	-3.35139
10.77065	-3.04046
11.4651	-2.984
10.56952	-3.227
11.11018	-2.89008
10.52923	-2.52355
10.58445	-2.5564
10.60456	-2.54497
10.94338	-3.13409
10.8051	-2.95902
10.68911	-3.45427
10.58947	-2.29373
10.84415	-3.45338
11.02719	-3.08096
11.5237	-3.06916
11.25282	-3.17443
10.63919	-3.13587
11.71493	-2.80622
10.42439	-3.13084
10.94458	-3.09846
11.07104	-2.82869
11.55799	-2.6321
10.94054	-3.35543
10.51609	-2.92511
11.22793	-2.77784
11.21945	-3.54243
10.58234	-2.65424
11.84012	-3.0514
11.27554	-2.80935
11.94666	-3.52163
11.61485	-2.17241
11.08392	-3.49112
12.52548	-3.07116
11.30419	-2.60224
11.37135	-2.66452
11.07714	-2.92647
11.47949	-3.25257
11.0737	-2.28083
11.98468	-2.24144
11.77983	-2.66392
11.28469	-2.86364
12.10186	-2.3387
11.55893	-3.01703
11.92512	-3.1434
11.93112	-3.06959
11.16631	-3.06753
11.70169	-2.83391
11.17713	-2.44229
11.50618	-3.06559
11.94764	-3.05787
11.47809	-2.19649
11.94412	-2.19156
10.95534	-3.0274
11.47104	-1.84681
12.23576	-2.3674
11.48376	-1.65398
11.74251	-2.37095
11.76117	-2.45054
11.7754	-2.11496
12.0488	-2.12421
12.2749	-2.43265
12.13968	-2.31638
11.72528	-1.72173
11.72172	-2.34136
11.91161	-2.16268
12.01438	-2.74284
11.47467	-2.00451
11.97787	-1.1869
12.04795	-2.71389
11.60478	-2.63026
11.41867	-1.4881
11.59117	-1.97435
11.71863	-2.20354
11.85784	-1.82709
12.63399	-2.59004
12.37304	-2.31722
12.46509	-2.62549
11.91064	-2.56551
12.76654	-1.87644
12.37032	-1.88874
12.28894	-2.51807
12.84615	-2.1352
12.73404	-2.25466
11.40185	-2.34468
12.02143	-2.14041
12.58925	-2.1531
12.51683	-1.89851
11.9984	-2.05924
12.45881	-1.72221
12.18054	-2.392
11.52266	-2.6983
11.81919	-2.46427
11.97934	-1.66867
12.336	-1.54436
12.23712	-1.46517
12.8689	-1.80747
12.88807	-1.72684
12.19872	-1.94491
12.68103	-1.72725
12.9726	-2.25308
12.32527	-1.25019
12.76479	-1.52954
12.01786	-1.80849
12.35271	-1.43989
12.58573	-1.54027
12.25623	-1.79364
13.10751	-1.8879
12.672	-1.33793
12.47687	-1.69487
12.84522	-1.19109
12.44316	-1.64195
12.9419	-1.84732
12.9895	-1.67186
12.7185	-1.58113
12.73526	-1.57293
12.07958	-1.75125
12.67477	-1.49502
12.33847	-1.30417
12.85656	-2.05913
12.83788	-1.22879
13.04546	-1.8492
13.28516	-1.22642
12.96288	-1.29756
12.58037	-1.25435
13.22607	-1.36608
12.75973	-0.97172
12.85058	-1.19744
12.99528	-1.28636
13.19808	-1.07063
12.86482	-1.52686
13.01661	-1.29458
13.07895	-1.36472
12.94608	-1.1962
12.49492	-0.92868
13.41288	-0.99247
13.47948	-0.69646
13.71636	-0.49785
13.11399	-1.43088
13.12135	-0.53946
13.29641	-1.28288
13.21895	-1.38711
12.98776	-0.5101
13.67467	-1.055
13.39634	-1.36402
13.05549	-1.07675
13.45982	-1.1895
12.95275	-0.9138
13.61339	-0.80785
13.43218	-1.18871
12.32605	-0.64524
13.26145	-0.88743
12.82954	-0.91355
12.89552	-0.50394
12.91224	-0.79323
13.35299	-1.21077
13.32765	-0.80149
13.08241	-0.74421
14.35092	-0.95184
13.19505	-0.99635
14.01398	-0.94546
13.42898	-0.51773
13.79412	-0.37085
14.20056	-0.95472
14.02175	-0.70555
13.80974	-0.16374
13.52055	-1.1006
12.66869	-0.48631
13.94954	0.08875
13.71261	0.60831
13.42353	-0.93247
13.56025	-0.29589
13.79176	-1.07082
13.06388	-0.0408
12.7429	-0.0657
13.49749	-0.14597
13.19334	-0.19262
13.89372	-0.00466
13.45699	-0.67728
13.42828	-0.45097
13.90584	-0.06358
13.48305	-0.07028
13.88863	0.36002
14.21541	-0.30798
13.64614	-0.03012
13.25567	-0.36323
13.82292	-0.20085
14.19878	-0.41242
13.9868	-0.2391
13.98614	-0.12691
13.81066	-0.74769
13.736	-0.36075
13.72484	-0.64283
14.41103	-0.21977
14.23038	0.38553
14.43965	-0.3505
13.65202	0.24071
14.34631	0.07006
13.37761	-0.08114
13.98764	-0.26318
14.32943	-0.10591
14.00289	-0.22286
14.52164	0.54358
14.16751	-0.27096
13.51434	-0.18662
14.43338	0.16089
13.55992	0.57397
14.36454	0.36302
13.47941	0.37111
13.78741	0.17051
14.08457	0.45109
13.91324	0.26821
14.87111	0.46501
14.03719	0.60942
14.32544	0.01874
13.48567	-0.09667
14.51318	0.37677
13.77564	0.14018
13.58417	0.31247
14.55192	0.18548
13.69465	0.11227
14.53634	0.35562
14.51123	0.2832
13.77036	0.50362
14.1902	0.44365
14.53812	1.07075
14.7385	0.94209
14.28514	1.36918
14.08613	0.69386
14.4626	0.68644
14.21746	0.8567
14.6547	0.52978
14.50072	0.3918
14.71035	0.88155
14.7521	1.27493
14.27514	1.24559
14.34041	0.89026
14.77055	0.53378
14.57325	0.44585
14.03285	0.72032
14.45282	0.93873
14.63198	0.70627
14.18055	1.32644
14.35187	1.30607
14.52706	0.69593
13.48875	1.99497
14.39853	1.73747
14.56175	0.97757
14.33325	1.11343
14.05476	1.50351
14.96935	1.44725
14.62725	1.3016
14.02858	1.40843
14.64858	0.94777
14.30615	1.50822
14.52874	1.23027
14.90483	0.94736
14.87002	1.2383
14.89534	1.49152
14.52098	1.50675
14.86739	1.45039
13.86438	2.00292
14.81063	0.995
14.24783	1.03206
14.7323	1.77356
15.59408	1.25481
14.92521	1.40022
14.11483	2.32832
14.43394	2.41033
14.4355	1.61222
15.18501	1.3661
14.63732	1.51537
15.22923	1.76776
14.10204	1.94554
15.2375	1.03199
14.7189	2.29666
14.53166	1.79714
14.17391	1.18129
14.65096	1.37698
14.74565	1.61947
14.11672	2.0245
14.79718	1.25316
14.58656	2.11447
14.52278	1.57341
15.09499	1.41499
14.93749	2.13207
14.81774	1.57681
14.16679	2.18205
14.76971	2.10401
14.58792	2.0177
14.92666	1.75306
14.76872	2.70072
15.26784	1.66604
14.88994	2.34862
15.23892	1.75085
14.53847	1.9189
14.83141	2.78613
15.12201	1.78747
14.81024	2.32368
14.83382	2.34672
14.33149	2.88387
15.2831	1.83456
14.86729	2.2912
14.80955	2.43237
14.82909	1.99904
14.24726	2.2932
14.77414	3.18124
15.24414	2.62396
15.09223	2.93565
14.87143	2.62404
14.90432	3.00821
14.89821	1.58946
15.24669	2.81181
15.12809	2.64324
15.25661	2.03332
15.50321	2.7775
14.94415	2.65267
15.45815	1.95241
15.57362	2.06558
15.18839	2.56096
15.00038	2.44012
15.64321	3.08551
15.0615	2.84249
14.7444	2.92599
14.77999	2.99501
15.35827	3.04194
15.22813	3.34944
14.88664	3.52608
14.70878	3.12591
14.89895	2.78241
14.10131	3.2244
14.41172	2.30064
14.63675	2.35201
15.53677	3.18953
14.91183	3.3483
15.01956	3.42446
15.29181	3.30095
14.51639	4.25232
15.02812	3.17977
14.3034	3.16697
14.79349	3.24429
15.60267	2.76686
14.96784	2.94116
14.62456	3.18695
14.84261	3.58817
15.31077	3.39318
14.72937	3.45569
15.08909	4.4044
14.8308	3.86133
14.73795	3.09642
15.23699	3.43356
15.28077	3.92175
15.25256	3.12398
14.85885	3.7919
15.11638	3.28454
15.00927	3.08728
15.21292	3.20221
15.10151	3.96632
14.31262	3.24354
14.71486	3.52109
15.01065	3.73399
14.33189	3.82476
15.25898	3.9639
15.3818	3.77178
14.58274	3.4987
